<?xml version="1.0" encoding="utf-8"?>
<COLLADA xmlns="http://www.collada.org/2005/11/COLLADASchema" version="1.4.1">
  <asset><contributor><author></author><authoring_tool>FBX COLLADA exporter</authoring_tool><comments></comments></contributor><created>2017-08-30T19:16:14Z</created><keywords></keywords><modified>2017-08-30T19:16:14Z</modified><revision></revision><subject></subject><title></title><unit meter="0.010000" name="centimeter"></unit><up_axis>Y_UP</up_axis></asset>
  <library_animations>
    <animation id="BatRig_Reference-anim" name="BatRig_Reference"><animation><source id="BatRig_Reference-Matrix-animation-input"><float_array id="BatRig_Reference-Matrix-animation-input-array" count="18">

0.000000 0.041667 0.083333 0.125000 0.166667 0.208333 0.250000 0.291667 0.333333 0.375000 0.416667 0.458333 0.500000 0.541667 0.583333 0.625000
0.666667 0.708333</float_array><technique_common><accessor source="#BatRig_Reference-Matrix-animation-input-array" count="18"><param name="TIME" type="float"/></accessor></technique_common></source><source id="BatRig_Reference-Matrix-animation-output-transform"><float_array id="BatRig_Reference-Matrix-animation-output-transform-array" count="288">

1.000000 0.000000 0.000000 0.308350 0.000000 1.000000 0.000000 0.000000 0.000000 0.000000 1.000000 -10.353621 0.000000 0.000000 0.000000 1.000000
1.000000 0.000000 0.000000 0.308350 0.000000 1.000000 0.000000 0.000000 0.000000 0.000000 1.000000 -10.353621 0.000000 0.000000 0.000000 1.000000
1.000000 0.000000 0.000000 0.331956 0.000000 1.000000 0.000000 0.000000 0.000000 0.000000 1.000000 -33.960503 0.000000 0.000000 0.000000 1.000000
1.000000 0.000000 0.000000 0.350427 0.000000 1.000000 0.000000 0.000000 0.000000 0.000000 1.000000 -59.137089 0.000000 0.000000 0.000000 1.000000
1.000000 0.000000 0.000000 0.361944 0.000000 1.000000 0.000000 0.000000 0.000000 0.000000 1.000000 -74.616211 0.000000 0.000000 0.000000 1.000000
1.000000 0.000000 0.000000 0.368866 0.000000 1.000000 0.000000 0.000000 0.000000 0.000000 1.000000 -79.718620 0.000000 0.000000 0.000000 1.000000
1.000000 0.000000 0.000000 0.375810 0.000000 1.000000 0.000000 0.000000 0.000000 0.000000 1.000000 -82.721596 0.000000 0.000000 0.000000 1.000000
1.000000 0.000000 0.000000 0.382220 0.000000 1.000000 0.000000 0.000000 0.000000 0.000000 1.000000 -84.555763 0.000000 0.000000 0.000000 1.000000
1.000000 0.000000 0.000000 0.386717 0.000000 1.000000 0.000000 0.000000 0.000000 0.000000 1.000000 -85.581497 0.000000 0.000000 0.000000 1.000000
1.000000 0.000000 0.000000 0.387545 0.000000 1.000000 0.000000 0.000000 0.000000 0.000000 1.000000 -85.928345 0.000000 0.000000 0.000000 1.000000
1.000000 0.000000 0.000000 0.381203 0.000000 1.000000 0.000000 0.000000 0.000000 0.000000 1.000000 -98.656654 0.000000 0.000000 0.000000 1.000000
1.000000 0.000000 0.000000 0.368950 0.000000 1.000000 0.000000 0.000000 0.000000 0.000000 1.000000 -113.458435 0.000000 0.000000 0.000000 1.000000
1.000000 0.000000 0.000000 0.354794 0.000000 1.000000 0.000000 0.000000 0.000000 0.000000 1.000000 -127.360909 0.000000 0.000000 0.000000 1.000000
1.000000 0.000000 0.000000 0.341688 0.000000 1.000000 0.000000 0.000000 0.000000 0.000000 1.000000 -138.578369 0.000000 0.000000 0.000000 1.000000
1.000000 0.000000 0.000000 0.328507 0.000000 1.000000 0.000000 0.000000 0.000000 0.000000 1.000000 -153.367828 0.000000 0.000000 0.000000 1.000000
1.000000 0.000000 0.000000 0.312591 0.000000 1.000000 0.000000 0.000000 0.000000 0.000000 1.000000 -154.368179 0.000000 0.000000 0.000000 1.000000
1.000000 0.000000 0.000000 0.296731 0.000000 1.000000 0.000000 0.000000 0.000000 0.000000 1.000000 -154.649704 0.000000 0.000000 0.000000 1.000000
1.000000 0.000000 0.000000 0.296731 0.000000 1.000000 0.000000 0.000000 0.000000 0.000000 1.000000 -154.649704 0.000000 0.000000 0.000000 1.000000</float_array><technique_common><accessor source="#BatRig_Reference-Matrix-animation-output-transform-array" count="18" stride="16"><param type="float4x4"/></accessor></technique_common></source><source id="BatRig_Reference-Interpolations"><Name_array id="BatRig_Reference-Interpolations-array" count="18">
 LINEAR LINEAR LINEAR LINEAR LINEAR LINEAR LINEAR LINEAR LINEAR LINEAR LINEAR
LINEAR LINEAR LINEAR LINEAR LINEAR LINEAR LINEAR</Name_array><technique_common><accessor source="#BatRig_Reference-Interpolations-array" count="18"><param type="name"/></accessor></technique_common></source><sampler id="BatRig_Reference-Matrix-animation-transform"><input semantic="INPUT" source="#BatRig_Reference-Matrix-animation-input"/><input semantic="OUTPUT" source="#BatRig_Reference-Matrix-animation-output-transform"/><input semantic="INTERPOLATION" source="#BatRig_Reference-Interpolations"/></sampler><channel source="#BatRig_Reference-Matrix-animation-transform" target="BatRig_Reference/matrix"/></animation><animation><source id="BatRig_Reference-visibility-animation-input"><float_array id="BatRig_Reference-visibility-animation-input-array" count="18">

0.000000 0.041667 0.083333 0.125000 0.166667 0.208333 0.250000 0.291667 0.333333 0.375000 0.416667 0.458333 0.500000 0.541667 0.583333 0.625000
0.666667 0.708333</float_array><technique_common><accessor source="#BatRig_Reference-visibility-animation-input-array" count="18"><param name="TIME" type="float"/></accessor></technique_common></source><source id="BatRig_Reference-visibility-animation-output"><float_array id="BatRig_Reference-visibility-animation-output-array" count="18">

1.000000 1.000000 1.000000 1.000000 1.000000 1.000000 1.000000 1.000000 1.000000 1.000000 1.000000 1.000000 1.000000 1.000000 1.000000 1.000000
1.000000 1.000000</float_array><technique_common><accessor source="#BatRig_Reference-visibility-animation-output-array" count="18"><param type="float"/></accessor></technique_common></source><source id="BatRig_Reference-visibility-animation-intan"><float_array id="BatRig_Reference-visibility-animation-intan-array" count="18">

0.000000 0.000000 0.000000 0.000000 0.000000 0.000000 0.000000 0.000000 0.000000 0.000000 0.000000 0.000000 0.000000 0.000000 0.000000 0.000000
0.000000 0.000000</float_array><technique_common><accessor source="#BatRig_Reference-visibility-animation-intan-array" count="18"><param type="float"/></accessor></technique_common></source><source id="BatRig_Reference-visibility-animation-outtan"><float_array id="BatRig_Reference-visibility-animation-outtan-array" count="18">

0.000000 0.000000 0.000000 0.000000 0.000000 0.000000 0.000000 0.000000 0.000000 0.000000 0.000000 0.000000 0.000000 0.000000 0.000000 0.000000
0.000000 0.000000</float_array><technique_common><accessor source="#BatRig_Reference-visibility-animation-outtan-array" count="18"><param type="float"/></accessor></technique_common></source><source id="BatRig_Reference-visibility-animation-interpolation"><Name_array id="BatRig_Reference-visibility-animation-interpolation-array" count="18">
 STEP STEP STEP STEP STEP STEP STEP STEP STEP STEP STEP STEP STEP STEP STEP STEP STEP
BEZIER</Name_array><technique_common><accessor source="#BatRig_Reference-visibility-animation-interpolation-array" count="18"><param type="name"/></accessor></technique_common></source><sampler id="BatRig_Reference-visibility-animation"><input semantic="INPUT" source="#BatRig_Reference-visibility-animation-input"/><input semantic="OUTPUT" source="#BatRig_Reference-visibility-animation-output"/><input semantic="IN_TANGENT" source="#BatRig_Reference-visibility-animation-intan"/><input semantic="OUT_TANGENT" source="#BatRig_Reference-visibility-animation-outtan"/><input semantic="INTERPOLATION" source="#BatRig_Reference-visibility-animation-interpolation"/></sampler><channel source="#BatRig_Reference-visibility-animation" target="BatRig_Reference/visibility"/></animation></animation>
    <animation id="BatRig_Hips-anim" name="BatRig_Hips"><animation><source id="BatRig_Hips-Matrix-animation-input"><float_array id="BatRig_Hips-Matrix-animation-input-array" count="18">

0.000000 0.041667 0.083333 0.125000 0.166667 0.208333 0.250000 0.291667 0.333333 0.375000 0.416667 0.458333 0.500000 0.541667 0.583333 0.625000
0.666667 0.708333</float_array><technique_common><accessor source="#BatRig_Hips-Matrix-animation-input-array" count="18"><param name="TIME" type="float"/></accessor></technique_common></source><source id="BatRig_Hips-Matrix-animation-output-transform"><float_array id="BatRig_Hips-Matrix-animation-output-transform-array" count="288">

0.749620 0.001550 0.661867 0.000000 0.020798 0.999448 -0.025896 75.147903 -0.661542 0.033178 0.749174 0.000000 0.000000 0.000000 0.000000 1.000000
0.749620 0.001550 0.661867 0.000000 0.020798 0.999448 -0.025896 75.147903 -0.661542 0.033178 0.749174 0.000000 0.000000 0.000000 0.000000 1.000000
0.701111 0.002205 0.713049 0.000000 0.006690 0.999931 -0.009670 76.997337 -0.713021 0.011550 0.701048 0.000000 0.000000 0.000000 0.000000 1.000000
0.644128 0.000081 0.764918 0.000000 -0.005480 0.999975 0.004509 78.845001 -0.764898 -0.007096 0.644112 0.000000 0.000000 0.000000 0.000000 1.000000
0.598192 -0.002163 0.801350 0.000000 -0.009495 0.999907 0.009786 79.684166 -0.801297 -0.013463 0.598116 0.000000 0.000000 0.000000 0.000000 1.000000
0.573112 -0.002677 0.819473 0.000000 -0.001946 0.999987 0.004628 78.965599 -0.819475 -0.004247 0.573099 0.000000 0.000000 0.000000 0.000000 1.000000
0.551824 -0.002372 0.833957 0.000000 0.013689 0.999887 -0.006214 77.416161 -0.833848 0.014845 0.551794 0.000000 0.000000 0.000000 0.000000 1.000000
0.536213 -0.001371 0.844082 0.000000 0.032418 0.999294 -0.018971 75.438881 -0.843460 0.037536 0.535879 0.000000 0.000000 0.000000 0.000000 1.000000
0.528147 -0.000219 0.849153 0.000000 0.049013 0.998341 -0.030227 73.229980 -0.847737 0.057584 0.527281 0.000000 0.000000 0.000000 0.000000 1.000000
0.529388 0.000364 0.848380 0.000000 0.058167 0.997631 -0.036724 71.211601 -0.846384 0.068789 0.528113 0.000000 0.000000 0.000000 0.000000 1.000000
0.548632 -0.000129 0.836064 0.000000 0.056178 0.997746 -0.036710 74.195526 -0.834174 0.067109 0.547403 0.000000 0.000000 0.000000 0.000000 1.000000
0.583137 -0.001100 0.812373 0.000000 0.045688 0.998461 -0.031444 77.397652 -0.811088 0.055452 0.582290 0.000000 0.000000 0.000000 0.000000 1.000000
0.622447 -0.001702 0.782660 0.000000 0.033652 0.999131 -0.024590 80.004173 -0.781938 0.041644 0.621963 0.000000 0.000000 0.000000 0.000000 1.000000
0.657102 -0.001956 0.753799 0.000000 0.026605 0.999434 -0.020598 81.262520 -0.753332 0.033590 0.656782 0.000000 0.000000 0.000000 0.000000 1.000000
0.692736 -0.001529 0.721190 0.000000 0.026021 0.999400 -0.022876 75.880142 -0.720722 0.034613 0.692360 0.000000 0.000000 0.000000 0.000000 1.000000
0.730789 -0.001018 0.682603 0.000000 0.028154 0.999193 -0.028651 74.789177 -0.682023 0.040156 0.730228 0.000000 0.000000 0.000000 0.000000 1.000000
0.758447 -0.002187 0.651731 0.000000 0.031733 0.998932 -0.033577 74.402565 -0.650962 0.046148 0.757706 0.000000 0.000000 0.000000 0.000000 1.000000
0.758447 -0.002187 0.651731 0.000000 0.031733 0.998932 -0.033577 74.402565 -0.650962 0.046148 0.757706 0.000000 0.000000 0.000000 0.000000 1.000000</float_array><technique_common><accessor source="#BatRig_Hips-Matrix-animation-output-transform-array" count="18" stride="16"><param type="float4x4"/></accessor></technique_common></source><source id="BatRig_Hips-Interpolations"><Name_array id="BatRig_Hips-Interpolations-array" count="18">
 LINEAR LINEAR LINEAR LINEAR LINEAR LINEAR LINEAR LINEAR LINEAR LINEAR LINEAR
LINEAR LINEAR LINEAR LINEAR LINEAR LINEAR LINEAR</Name_array><technique_common><accessor source="#BatRig_Hips-Interpolations-array" count="18"><param type="name"/></accessor></technique_common></source><sampler id="BatRig_Hips-Matrix-animation-transform"><input semantic="INPUT" source="#BatRig_Hips-Matrix-animation-input"/><input semantic="OUTPUT" source="#BatRig_Hips-Matrix-animation-output-transform"/><input semantic="INTERPOLATION" source="#BatRig_Hips-Interpolations"/></sampler><channel source="#BatRig_Hips-Matrix-animation-transform" target="BatRig_Hips/matrix"/></animation><animation><source id="BatRig_Hips-visibility-animation-input"><float_array id="BatRig_Hips-visibility-animation-input-array" count="18">

0.000000 0.041667 0.083333 0.125000 0.166667 0.208333 0.250000 0.291667 0.333333 0.375000 0.416667 0.458333 0.500000 0.541667 0.583333 0.625000
0.666667 0.708333</float_array><technique_common><accessor source="#BatRig_Hips-visibility-animation-input-array" count="18"><param name="TIME" type="float"/></accessor></technique_common></source><source id="BatRig_Hips-visibility-animation-output"><float_array id="BatRig_Hips-visibility-animation-output-array" count="18">

1.000000 1.000000 1.000000 1.000000 1.000000 1.000000 1.000000 1.000000 1.000000 1.000000 1.000000 1.000000 1.000000 1.000000 1.000000 1.000000
1.000000 1.000000</float_array><technique_common><accessor source="#BatRig_Hips-visibility-animation-output-array" count="18"><param type="float"/></accessor></technique_common></source><source id="BatRig_Hips-visibility-animation-intan"><float_array id="BatRig_Hips-visibility-animation-intan-array" count="18">

0.000000 0.000000 0.000000 0.000000 0.000000 0.000000 0.000000 0.000000 0.000000 0.000000 0.000000 0.000000 0.000000 0.000000 0.000000 0.000000
0.000000 0.000000</float_array><technique_common><accessor source="#BatRig_Hips-visibility-animation-intan-array" count="18"><param type="float"/></accessor></technique_common></source><source id="BatRig_Hips-visibility-animation-outtan"><float_array id="BatRig_Hips-visibility-animation-outtan-array" count="18">

0.000000 0.000000 0.000000 0.000000 0.000000 0.000000 0.000000 0.000000 0.000000 0.000000 0.000000 0.000000 0.000000 0.000000 0.000000 0.000000
0.000000 0.000000</float_array><technique_common><accessor source="#BatRig_Hips-visibility-animation-outtan-array" count="18"><param type="float"/></accessor></technique_common></source><source id="BatRig_Hips-visibility-animation-interpolation"><Name_array id="BatRig_Hips-visibility-animation-interpolation-array" count="18">
 STEP STEP STEP STEP STEP STEP STEP STEP STEP STEP STEP STEP STEP STEP STEP STEP STEP
BEZIER</Name_array><technique_common><accessor source="#BatRig_Hips-visibility-animation-interpolation-array" count="18"><param type="name"/></accessor></technique_common></source><sampler id="BatRig_Hips-visibility-animation"><input semantic="INPUT" source="#BatRig_Hips-visibility-animation-input"/><input semantic="OUTPUT" source="#BatRig_Hips-visibility-animation-output"/><input semantic="IN_TANGENT" source="#BatRig_Hips-visibility-animation-intan"/><input semantic="OUT_TANGENT" source="#BatRig_Hips-visibility-animation-outtan"/><input semantic="INTERPOLATION" source="#BatRig_Hips-visibility-animation-interpolation"/></sampler><channel source="#BatRig_Hips-visibility-animation" target="BatRig_Hips/visibility"/></animation></animation>
    <animation id="BatRig_Spine-anim" name="BatRig_Spine"><animation><source id="BatRig_Spine-Matrix-animation-input"><float_array id="BatRig_Spine-Matrix-animation-input-array" count="18">

0.000000 0.041667 0.083333 0.125000 0.166667 0.208333 0.250000 0.291667 0.333333 0.375000 0.416667 0.458333 0.500000 0.541667 0.583333 0.625000
0.666667 0.708333</float_array><technique_common><accessor source="#BatRig_Spine-Matrix-animation-input-array" count="18"><param name="TIME" type="float"/></accessor></technique_common></source><source id="BatRig_Spine-Matrix-animation-output-transform"><float_array id="BatRig_Spine-Matrix-animation-output-transform-array" count="288">

0.984495 0.163093 -0.064575 -0.000004 -0.156619 0.983070 0.095098 3.725675 0.078992 -0.083510 0.993371 0.000005 0.000000 0.000000 0.000000 1.000000
0.984495 0.163093 -0.064575 -0.000004 -0.156619 0.983070 0.095098 3.725675 0.078992 -0.083510 0.993371 0.000005 0.000000 0.000000 0.000000 1.000000
0.982951 0.173016 -0.062237 -0.000004 -0.166156 0.980778 0.102308 3.725675 0.078742 -0.090223 0.992804 0.000005 0.000000 0.000000 0.000000 1.000000
0.981298 0.182928 -0.059925 -0.000004 -0.175692 0.978341 0.109459 3.725675 0.078650 -0.096884 0.992183 0.000005 0.000000 0.000000 0.000000 1.000000
0.979755 0.191344 -0.058894 -0.000004 -0.183691 0.976159 0.115635 3.725675 0.079616 -0.102476 0.991544 0.000005 0.000000 0.000000 0.000000 1.000000
0.981232 0.183371 -0.059652 -0.000004 -0.176245 0.978361 0.108386 3.725675 0.078236 -0.095839 0.992317 0.000005 0.000000 0.000000 0.000000 1.000000
0.982817 0.174098 -0.061328 -0.000004 -0.167489 0.980776 0.100125 3.725675 0.077581 -0.088133 0.993083 0.000005 0.000000 0.000000 0.000000 1.000000
0.984302 0.164678 -0.063484 -0.000004 -0.158554 0.983076 0.091774 3.725675 0.077523 -0.080268 0.993754 0.000005 0.000000 0.000000 0.000000 1.000000
0.985655 0.155384 -0.065885 -0.000004 -0.149728 0.985193 0.083525 3.725675 0.077888 -0.072462 0.994325 0.000005 0.000000 0.000000 0.000000 1.000000
0.986746 0.147372 -0.067929 -0.000004 -0.142140 0.986899 0.076330 3.725675 0.078288 -0.065663 0.994766 0.000005 0.000000 0.000000 0.000000 1.000000
0.986174 0.151806 -0.066445 -0.000004 -0.146306 0.985915 0.081035 3.725675 0.077811 -0.070193 0.994494 0.000005 0.000000 0.000000 0.000000 1.000000
0.985451 0.157009 -0.065071 -0.000004 -0.151169 0.984703 0.086643 3.725675 0.077679 -0.075546 0.994112 0.000005 0.000000 0.000000 0.000000 1.000000
0.984679 0.162210 -0.063987 -0.000004 -0.156009 0.983436 0.092278 3.725675 0.077896 -0.080882 0.993675 0.000005 0.000000 0.000000 0.000000 1.000000
0.983973 0.166637 -0.063471 -0.000004 -0.160093 0.982316 0.097089 3.725675 0.078527 -0.085372 0.993250 0.000005 0.000000 0.000000 0.000000 1.000000
0.984327 0.163883 -0.065140 -0.000004 -0.157339 0.982929 0.095366 3.725675 0.079657 -0.083622 0.993309 0.000005 0.000000 0.000000 0.000000 1.000000
0.984838 0.160639 -0.065488 -0.000004 -0.154251 0.983635 0.093108 3.725675 0.079373 -0.081595 0.993500 0.000005 0.000000 0.000000 0.000000 1.000000
0.985353 0.157394 -0.065622 -0.000004 -0.151182 0.984325 0.090815 3.725675 0.078887 -0.079564 0.993703 0.000005 0.000000 0.000000 0.000000 1.000000
0.985353 0.157394 -0.065622 -0.000004 -0.151182 0.984325 0.090815 3.725675 0.078887 -0.079564 0.993703 0.000005 0.000000 0.000000 0.000000 1.000000</float_array><technique_common><accessor source="#BatRig_Spine-Matrix-animation-output-transform-array" count="18" stride="16"><param type="float4x4"/></accessor></technique_common></source><source id="BatRig_Spine-Interpolations"><Name_array id="BatRig_Spine-Interpolations-array" count="18">
 LINEAR LINEAR LINEAR LINEAR LINEAR LINEAR LINEAR LINEAR LINEAR LINEAR LINEAR
LINEAR LINEAR LINEAR LINEAR LINEAR LINEAR LINEAR</Name_array><technique_common><accessor source="#BatRig_Spine-Interpolations-array" count="18"><param type="name"/></accessor></technique_common></source><sampler id="BatRig_Spine-Matrix-animation-transform"><input semantic="INPUT" source="#BatRig_Spine-Matrix-animation-input"/><input semantic="OUTPUT" source="#BatRig_Spine-Matrix-animation-output-transform"/><input semantic="INTERPOLATION" source="#BatRig_Spine-Interpolations"/></sampler><channel source="#BatRig_Spine-Matrix-animation-transform" target="BatRig_Spine/matrix"/></animation><animation><source id="BatRig_Spine-visibility-animation-input"><float_array id="BatRig_Spine-visibility-animation-input-array" count="18">

0.000000 0.041667 0.083333 0.125000 0.166667 0.208333 0.250000 0.291667 0.333333 0.375000 0.416667 0.458333 0.500000 0.541667 0.583333 0.625000
0.666667 0.708333</float_array><technique_common><accessor source="#BatRig_Spine-visibility-animation-input-array" count="18"><param name="TIME" type="float"/></accessor></technique_common></source><source id="BatRig_Spine-visibility-animation-output"><float_array id="BatRig_Spine-visibility-animation-output-array" count="18">

1.000000 1.000000 1.000000 1.000000 1.000000 1.000000 1.000000 1.000000 1.000000 1.000000 1.000000 1.000000 1.000000 1.000000 1.000000 1.000000
1.000000 1.000000</float_array><technique_common><accessor source="#BatRig_Spine-visibility-animation-output-array" count="18"><param type="float"/></accessor></technique_common></source><source id="BatRig_Spine-visibility-animation-intan"><float_array id="BatRig_Spine-visibility-animation-intan-array" count="18">

0.000000 0.000000 0.000000 0.000000 0.000000 0.000000 0.000000 0.000000 0.000000 0.000000 0.000000 0.000000 0.000000 0.000000 0.000000 0.000000
0.000000 0.000000</float_array><technique_common><accessor source="#BatRig_Spine-visibility-animation-intan-array" count="18"><param type="float"/></accessor></technique_common></source><source id="BatRig_Spine-visibility-animation-outtan"><float_array id="BatRig_Spine-visibility-animation-outtan-array" count="18">

0.000000 0.000000 0.000000 0.000000 0.000000 0.000000 0.000000 0.000000 0.000000 0.000000 0.000000 0.000000 0.000000 0.000000 0.000000 0.000000
0.000000 0.000000</float_array><technique_common><accessor source="#BatRig_Spine-visibility-animation-outtan-array" count="18"><param type="float"/></accessor></technique_common></source><source id="BatRig_Spine-visibility-animation-interpolation"><Name_array id="BatRig_Spine-visibility-animation-interpolation-array" count="18">
 STEP STEP STEP STEP STEP STEP STEP STEP STEP STEP STEP STEP STEP STEP STEP STEP STEP
BEZIER</Name_array><technique_common><accessor source="#BatRig_Spine-visibility-animation-interpolation-array" count="18"><param type="name"/></accessor></technique_common></source><sampler id="BatRig_Spine-visibility-animation"><input semantic="INPUT" source="#BatRig_Spine-visibility-animation-input"/><input semantic="OUTPUT" source="#BatRig_Spine-visibility-animation-output"/><input semantic="IN_TANGENT" source="#BatRig_Spine-visibility-animation-intan"/><input semantic="OUT_TANGENT" source="#BatRig_Spine-visibility-animation-outtan"/><input semantic="INTERPOLATION" source="#BatRig_Spine-visibility-animation-interpolation"/></sampler><channel source="#BatRig_Spine-visibility-animation" target="BatRig_Spine/visibility"/></animation></animation>
    <animation id="BatRig_Spine1-anim" name="BatRig_Spine1"><animation><source id="BatRig_Spine1-Matrix-animation-input"><float_array id="BatRig_Spine1-Matrix-animation-input-array" count="18">

0.000000 0.041667 0.083333 0.125000 0.166667 0.208333 0.250000 0.291667 0.333333 0.375000 0.416667 0.458333 0.500000 0.541667 0.583333 0.625000
0.666667 0.708333</float_array><technique_common><accessor source="#BatRig_Spine1-Matrix-animation-input-array" count="18"><param name="TIME" type="float"/></accessor></technique_common></source><source id="BatRig_Spine1-Matrix-animation-output-transform"><float_array id="BatRig_Spine1-Matrix-animation-output-transform-array" count="288">

0.999215 -0.021221 -0.033459 0.000003 0.019149 0.997950 -0.061073 10.999828 0.034686 0.060384 0.997572 -0.000004 0.000000 0.000000 0.000000 1.000000
0.999215 -0.021221 -0.033459 0.000003 0.019149 0.997950 -0.061073 10.999828 0.034686 0.060384 0.997572 -0.000004 0.000000 0.000000 0.000000 1.000000
0.999036 -0.029076 -0.032885 0.000003 0.026826 0.997399 -0.066900 10.999828 0.034745 0.065953 0.997218 -0.000004 0.000000 0.000000 0.000000 1.000000
0.998795 -0.036931 -0.032327 0.000003 0.034502 0.996756 -0.072715 10.999828 0.034908 0.071512 0.996829 -0.000004 0.000000 0.000000 0.000000 1.000000
0.998532 -0.043616 -0.032103 0.000003 0.041009 0.996125 -0.077804 10.999828 0.035372 0.076373 0.996452 -0.000004 0.000000 0.000000 0.000000 1.000000
0.998782 -0.037342 -0.032263 0.000003 0.034940 0.996788 -0.072057 10.999828 0.034850 0.070842 0.996879 -0.000004 0.000000 0.000000 0.000000 1.000000
0.999014 -0.030055 -0.032671 0.000003 0.027875 0.997480 -0.065236 10.999828 0.034549 0.064261 0.997335 -0.000004 0.000000 0.000000 0.000000 1.000000
0.999191 -0.022660 -0.033219 0.000003 0.020697 0.998085 -0.058296 10.999828 0.034476 0.057561 0.997747 -0.000004 0.000000 0.000000 0.000000 1.000000
0.999309 -0.015371 -0.033853 0.000003 0.013617 0.998582 -0.051456 10.999828 0.034596 0.050959 0.998101 -0.000004 0.000000 0.000000 0.000000 1.000000
0.999365 -0.009098 -0.034449 0.000003 0.007519 0.998928 -0.045683 10.999828 0.034828 0.045395 0.998362 -0.000004 0.000000 0.000000 0.000000 1.000000
0.999340 -0.012537 -0.034094 0.000003 0.010835 0.998707 -0.049667 10.999828 0.034673 0.049265 0.998184 -0.000004 0.000000 0.000000 0.000000 1.000000
0.999294 -0.016574 -0.033719 0.000003 0.014731 0.998423 -0.054179 10.999828 0.034564 0.053644 0.997962 -0.000004 0.000000 0.000000 0.000000 1.000000
0.999229 -0.020610 -0.033419 0.000003 0.018624 0.998103 -0.058688 10.999828 0.034565 0.058020 0.997717 -0.000004 0.000000 0.000000 0.000000 1.000000
0.999157 -0.024051 -0.033283 0.000003 0.021931 0.997794 -0.062665 10.999828 0.034717 0.061882 0.997479 -0.000004 0.000000 0.000000 0.000000 1.000000
0.999195 -0.021870 -0.033629 0.000003 0.019782 0.997929 -0.061210 10.999828 0.034898 0.060496 0.997558 -0.000004 0.000000 0.000000 0.000000 1.000000
0.999246 -0.019292 -0.033695 0.000003 0.017269 0.998090 -0.059318 10.999828 0.034775 0.058691 0.997670 -0.000004 0.000000 0.000000 0.000000 1.000000
0.999292 -0.016714 -0.033715 0.000003 0.014759 0.998241 -0.057424 10.999828 0.034616 0.056886 0.997780 -0.000004 0.000000 0.000000 0.000000 1.000000
0.999292 -0.016714 -0.033715 0.000003 0.014759 0.998241 -0.057424 10.999828 0.034616 0.056886 0.997780 -0.000004 0.000000 0.000000 0.000000 1.000000</float_array><technique_common><accessor source="#BatRig_Spine1-Matrix-animation-output-transform-array" count="18" stride="16"><param type="float4x4"/></accessor></technique_common></source><source id="BatRig_Spine1-Interpolations"><Name_array id="BatRig_Spine1-Interpolations-array" count="18">
 LINEAR LINEAR LINEAR LINEAR LINEAR LINEAR LINEAR LINEAR LINEAR LINEAR LINEAR
LINEAR LINEAR LINEAR LINEAR LINEAR LINEAR LINEAR</Name_array><technique_common><accessor source="#BatRig_Spine1-Interpolations-array" count="18"><param type="name"/></accessor></technique_common></source><sampler id="BatRig_Spine1-Matrix-animation-transform"><input semantic="INPUT" source="#BatRig_Spine1-Matrix-animation-input"/><input semantic="OUTPUT" source="#BatRig_Spine1-Matrix-animation-output-transform"/><input semantic="INTERPOLATION" source="#BatRig_Spine1-Interpolations"/></sampler><channel source="#BatRig_Spine1-Matrix-animation-transform" target="BatRig_Spine1/matrix"/></animation><animation><source id="BatRig_Spine1-visibility-animation-input"><float_array id="BatRig_Spine1-visibility-animation-input-array" count="18">

0.000000 0.041667 0.083333 0.125000 0.166667 0.208333 0.250000 0.291667 0.333333 0.375000 0.416667 0.458333 0.500000 0.541667 0.583333 0.625000
0.666667 0.708333</float_array><technique_common><accessor source="#BatRig_Spine1-visibility-animation-input-array" count="18"><param name="TIME" type="float"/></accessor></technique_common></source><source id="BatRig_Spine1-visibility-animation-output"><float_array id="BatRig_Spine1-visibility-animation-output-array" count="18">

1.000000 1.000000 1.000000 1.000000 1.000000 1.000000 1.000000 1.000000 1.000000 1.000000 1.000000 1.000000 1.000000 1.000000 1.000000 1.000000
1.000000 1.000000</float_array><technique_common><accessor source="#BatRig_Spine1-visibility-animation-output-array" count="18"><param type="float"/></accessor></technique_common></source><source id="BatRig_Spine1-visibility-animation-intan"><float_array id="BatRig_Spine1-visibility-animation-intan-array" count="18">

0.000000 0.000000 0.000000 0.000000 0.000000 0.000000 0.000000 0.000000 0.000000 0.000000 0.000000 0.000000 0.000000 0.000000 0.000000 0.000000
0.000000 0.000000</float_array><technique_common><accessor source="#BatRig_Spine1-visibility-animation-intan-array" count="18"><param type="float"/></accessor></technique_common></source><source id="BatRig_Spine1-visibility-animation-outtan"><float_array id="BatRig_Spine1-visibility-animation-outtan-array" count="18">

0.000000 0.000000 0.000000 0.000000 0.000000 0.000000 0.000000 0.000000 0.000000 0.000000 0.000000 0.000000 0.000000 0.000000 0.000000 0.000000
0.000000 0.000000</float_array><technique_common><accessor source="#BatRig_Spine1-visibility-animation-outtan-array" count="18"><param type="float"/></accessor></technique_common></source><source id="BatRig_Spine1-visibility-animation-interpolation"><Name_array id="BatRig_Spine1-visibility-animation-interpolation-array" count="18">
 STEP STEP STEP STEP STEP STEP STEP STEP STEP STEP STEP STEP STEP STEP STEP STEP STEP
BEZIER</Name_array><technique_common><accessor source="#BatRig_Spine1-visibility-animation-interpolation-array" count="18"><param type="name"/></accessor></technique_common></source><sampler id="BatRig_Spine1-visibility-animation"><input semantic="INPUT" source="#BatRig_Spine1-visibility-animation-input"/><input semantic="OUTPUT" source="#BatRig_Spine1-visibility-animation-output"/><input semantic="IN_TANGENT" source="#BatRig_Spine1-visibility-animation-intan"/><input semantic="OUT_TANGENT" source="#BatRig_Spine1-visibility-animation-outtan"/><input semantic="INTERPOLATION" source="#BatRig_Spine1-visibility-animation-interpolation"/></sampler><channel source="#BatRig_Spine1-visibility-animation" target="BatRig_Spine1/visibility"/></animation></animation>
    <animation id="BatRig_Spine2-anim" name="BatRig_Spine2"><animation><source id="BatRig_Spine2-Matrix-animation-input"><float_array id="BatRig_Spine2-Matrix-animation-input-array" count="18">

0.000000 0.041667 0.083333 0.125000 0.166667 0.208333 0.250000 0.291667 0.333333 0.375000 0.416667 0.458333 0.500000 0.541667 0.583333 0.625000
0.666667 0.708333</float_array><technique_common><accessor source="#BatRig_Spine2-Matrix-animation-input-array" count="18"><param name="TIME" type="float"/></accessor></technique_common></source><source id="BatRig_Spine2-Matrix-animation-output-transform"><float_array id="BatRig_Spine2-Matrix-animation-output-transform-array" count="288">

0.999216 -0.022893 -0.032293 0.000001 0.020901 0.997935 -0.060731 11.776699 0.033617 0.060008 0.997632 0.000003 0.000000 0.000000 0.000000 1.000000
0.999216 -0.022893 -0.032293 0.000001 0.020901 0.997935 -0.060731 11.776699 0.033617 0.060008 0.997632 0.000003 0.000000 0.000000 0.000000 1.000000
0.999031 -0.030703 -0.031539 0.000001 0.028551 0.997374 -0.066554 11.776699 0.033500 0.065589 0.997284 0.000003 0.000000 0.000000 0.000000 1.000000
0.998783 -0.038514 -0.030801 0.000001 0.036203 0.996721 -0.072369 11.776699 0.033487 0.071166 0.996902 0.000003 0.000000 0.000000 0.000000 1.000000
0.998522 -0.045167 -0.030242 0.000001 0.042711 0.996081 -0.077452 11.776699 0.033622 0.076046 0.996537 0.000003 0.000000 0.000000 0.000000 1.000000
0.998769 -0.038897 -0.030770 0.000001 0.036609 0.996753 -0.071723 11.776699 0.033460 0.070508 0.996950 0.000003 0.000000 0.000000 0.000000 1.000000
0.999004 -0.031622 -0.031467 0.000001 0.029528 0.997454 -0.064917 11.776699 0.033440 0.063923 0.997394 0.000003 0.000000 0.000000 0.000000 1.000000
0.999186 -0.024243 -0.032230 0.000001 0.022345 0.998067 -0.057989 11.776699 0.033574 0.057222 0.997797 0.000003 0.000000 0.000000 0.000000 1.000000
0.999310 -0.016972 -0.033025 0.000001 0.015269 0.998573 -0.051166 11.776699 0.033846 0.050626 0.998144 0.000003 0.000000 0.000000 0.000000 1.000000
0.999373 -0.010716 -0.033734 0.000001 0.009178 0.998926 -0.045408 11.776699 0.034184 0.045070 0.998399 0.000003 0.000000 0.000000 0.000000 1.000000
0.999345 -0.014145 -0.033321 0.000001 0.012489 0.998702 -0.049388 11.776699 0.033976 0.048939 0.998224 0.000003 0.000000 0.000000 0.000000 1.000000
0.999295 -0.018170 -0.032855 0.000001 0.016382 0.998412 -0.053893 11.776699 0.033782 0.053317 0.998006 0.000003 0.000000 0.000000 0.000000 1.000000
0.999228 -0.022197 -0.032421 0.000001 0.020277 0.998088 -0.058396 11.776699 0.033655 0.057694 0.997767 0.000003 0.000000 0.000000 0.000000 1.000000
0.999156 -0.025633 -0.032100 0.000001 0.023594 0.997774 -0.062369 11.776699 0.033627 0.061559 0.997537 0.000003 0.000000 0.000000 0.000000 1.000000
0.999202 -0.023482 -0.032304 0.000001 0.021483 0.997913 -0.060900 11.776699 0.033667 0.060157 0.997621 0.000003 0.000000 0.000000 0.000000 1.000000
0.999252 -0.020938 -0.032511 0.000001 0.018994 0.998077 -0.058999 11.776699 0.033684 0.058337 0.997729 0.000003 0.000000 0.000000 0.000000 1.000000
0.999295 -0.018393 -0.032716 0.000001 0.016504 0.998232 -0.057096 11.776699 0.033708 0.056516 0.997833 0.000003 0.000000 0.000000 0.000000 1.000000
0.999295 -0.018393 -0.032716 0.000001 0.016504 0.998232 -0.057096 11.776699 0.033708 0.056516 0.997833 0.000003 0.000000 0.000000 0.000000 1.000000</float_array><technique_common><accessor source="#BatRig_Spine2-Matrix-animation-output-transform-array" count="18" stride="16"><param type="float4x4"/></accessor></technique_common></source><source id="BatRig_Spine2-Interpolations"><Name_array id="BatRig_Spine2-Interpolations-array" count="18">
 LINEAR LINEAR LINEAR LINEAR LINEAR LINEAR LINEAR LINEAR LINEAR LINEAR LINEAR
LINEAR LINEAR LINEAR LINEAR LINEAR LINEAR LINEAR</Name_array><technique_common><accessor source="#BatRig_Spine2-Interpolations-array" count="18"><param type="name"/></accessor></technique_common></source><sampler id="BatRig_Spine2-Matrix-animation-transform"><input semantic="INPUT" source="#BatRig_Spine2-Matrix-animation-input"/><input semantic="OUTPUT" source="#BatRig_Spine2-Matrix-animation-output-transform"/><input semantic="INTERPOLATION" source="#BatRig_Spine2-Interpolations"/></sampler><channel source="#BatRig_Spine2-Matrix-animation-transform" target="BatRig_Spine2/matrix"/></animation><animation><source id="BatRig_Spine2-visibility-animation-input"><float_array id="BatRig_Spine2-visibility-animation-input-array" count="18">

0.000000 0.041667 0.083333 0.125000 0.166667 0.208333 0.250000 0.291667 0.333333 0.375000 0.416667 0.458333 0.500000 0.541667 0.583333 0.625000
0.666667 0.708333</float_array><technique_common><accessor source="#BatRig_Spine2-visibility-animation-input-array" count="18"><param name="TIME" type="float"/></accessor></technique_common></source><source id="BatRig_Spine2-visibility-animation-output"><float_array id="BatRig_Spine2-visibility-animation-output-array" count="18">

1.000000 1.000000 1.000000 1.000000 1.000000 1.000000 1.000000 1.000000 1.000000 1.000000 1.000000 1.000000 1.000000 1.000000 1.000000 1.000000
1.000000 1.000000</float_array><technique_common><accessor source="#BatRig_Spine2-visibility-animation-output-array" count="18"><param type="float"/></accessor></technique_common></source><source id="BatRig_Spine2-visibility-animation-intan"><float_array id="BatRig_Spine2-visibility-animation-intan-array" count="18">

0.000000 0.000000 0.000000 0.000000 0.000000 0.000000 0.000000 0.000000 0.000000 0.000000 0.000000 0.000000 0.000000 0.000000 0.000000 0.000000
0.000000 0.000000</float_array><technique_common><accessor source="#BatRig_Spine2-visibility-animation-intan-array" count="18"><param type="float"/></accessor></technique_common></source><source id="BatRig_Spine2-visibility-animation-outtan"><float_array id="BatRig_Spine2-visibility-animation-outtan-array" count="18">

0.000000 0.000000 0.000000 0.000000 0.000000 0.000000 0.000000 0.000000 0.000000 0.000000 0.000000 0.000000 0.000000 0.000000 0.000000 0.000000
0.000000 0.000000</float_array><technique_common><accessor source="#BatRig_Spine2-visibility-animation-outtan-array" count="18"><param type="float"/></accessor></technique_common></source><source id="BatRig_Spine2-visibility-animation-interpolation"><Name_array id="BatRig_Spine2-visibility-animation-interpolation-array" count="18">
 STEP STEP STEP STEP STEP STEP STEP STEP STEP STEP STEP STEP STEP STEP STEP STEP STEP
BEZIER</Name_array><technique_common><accessor source="#BatRig_Spine2-visibility-animation-interpolation-array" count="18"><param type="name"/></accessor></technique_common></source><sampler id="BatRig_Spine2-visibility-animation"><input semantic="INPUT" source="#BatRig_Spine2-visibility-animation-input"/><input semantic="OUTPUT" source="#BatRig_Spine2-visibility-animation-output"/><input semantic="IN_TANGENT" source="#BatRig_Spine2-visibility-animation-intan"/><input semantic="OUT_TANGENT" source="#BatRig_Spine2-visibility-animation-outtan"/><input semantic="INTERPOLATION" source="#BatRig_Spine2-visibility-animation-interpolation"/></sampler><channel source="#BatRig_Spine2-visibility-animation" target="BatRig_Spine2/visibility"/></animation></animation>
    <animation id="BatRig_Spine3-anim" name="BatRig_Spine3"><animation><source id="BatRig_Spine3-Matrix-animation-input"><float_array id="BatRig_Spine3-Matrix-animation-input-array" count="18">

0.000000 0.041667 0.083333 0.125000 0.166667 0.208333 0.250000 0.291667 0.333333 0.375000 0.416667 0.458333 0.500000 0.541667 0.583333 0.625000
0.666667 0.708333</float_array><technique_common><accessor source="#BatRig_Spine3-Matrix-animation-input-array" count="18"><param name="TIME" type="float"/></accessor></technique_common></source><source id="BatRig_Spine3-Matrix-animation-output-transform"><float_array id="BatRig_Spine3-Matrix-animation-output-transform-array" count="288">

0.999221 -0.023859 -0.031440 0.000002 0.021930 0.997937 -0.060339 13.030717 0.032815 0.059602 0.997683 -1.061704 0.000000 0.000000 0.000000 1.000000
0.999221 -0.023859 -0.031440 0.000002 0.021930 0.997937 -0.060339 13.030717 0.032815 0.059602 0.997683 -1.061704 0.000000 0.000000 0.000000 1.000000
0.999044 -0.031623 -0.030173 0.000002 0.029572 0.997371 -0.066156 13.030717 0.032186 0.065200 0.997353 -1.061704 0.000000 0.000000 0.000000 1.000000
0.998805 -0.039388 -0.028922 0.000002 0.037222 0.996714 -0.071947 13.030717 0.031661 0.070785 0.996989 -1.061704 0.000000 0.000000 0.000000 1.000000
0.998538 -0.045997 -0.028379 0.000002 0.043694 0.996072 -0.077021 13.030717 0.031810 0.075669 0.996625 -1.061704 0.000000 0.000000 0.000000 1.000000
0.998796 -0.039751 -0.028735 0.000002 0.037618 0.996745 -0.071309 13.030717 0.031476 0.070142 0.997040 -1.061704 0.000000 0.000000 0.000000 1.000000
0.999035 -0.032495 -0.029560 0.000002 0.030534 0.997448 -0.064531 13.030717 0.031582 0.063566 0.997478 -1.061704 0.000000 0.000000 0.000000 1.000000
0.999214 -0.025134 -0.030639 0.000002 0.023338 0.998065 -0.057628 13.030717 0.032028 0.056868 0.997868 -1.061704 0.000000 0.000000 0.000000 1.000000
0.999332 -0.017880 -0.031865 0.000002 0.016246 0.998576 -0.050821 13.030717 0.032728 0.050269 0.998199 -1.061704 0.000000 0.000000 0.000000 1.000000
0.999387 -0.011637 -0.033005 0.000002 0.010143 0.998932 -0.045067 13.030717 0.033494 0.044705 0.998439 -1.061704 0.000000 0.000000 0.000000 1.000000
0.999362 -0.015058 -0.032376 0.000002 0.013459 0.998706 -0.049042 13.030717 0.033073 0.048575 0.998272 -1.061704 0.000000 0.000000 0.000000 1.000000
0.999315 -0.019073 -0.031705 0.000002 0.017357 0.998415 -0.053540 13.030717 0.032676 0.052953 0.998062 -1.061704 0.000000 0.000000 0.000000 1.000000
0.999248 -0.023089 -0.031163 0.000002 0.021252 0.998088 -0.058034 13.030717 0.032443 0.057328 0.997828 -1.061704 0.000000 0.000000 0.000000 1.000000
0.999171 -0.026512 -0.030907 0.000002 0.024557 0.997774 -0.062000 13.030717 0.032482 0.061190 0.997597 -1.061704 0.000000 0.000000 0.000000 1.000000
0.999198 -0.024388 -0.031772 0.000002 0.022432 0.997914 -0.060538 13.030717 0.033182 0.059777 0.997660 -1.061704 0.000000 0.000000 0.000000 1.000000
0.999250 -0.021881 -0.031945 0.000002 0.019981 0.998080 -0.058623 13.030717 0.033166 0.057941 0.997769 -1.061704 0.000000 0.000000 0.000000 1.000000
0.999300 -0.019373 -0.032005 0.000002 0.017536 0.998237 -0.056706 13.030717 0.033047 0.056105 0.997878 -1.061704 0.000000 0.000000 0.000000 1.000000
