<?xml version="1.0" encoding="utf-8"?>
<COLLADA xmlns="http://www.collada.org/2005/11/COLLADASchema" version="1.4.1">
  <asset><contributor><author></author><authoring_tool>FBX COLLADA exporter</authoring_tool><comments></comments></contributor><created>2017-08-30T19:15:47Z</created><keywords></keywords><modified>2017-08-30T19:15:47Z</modified><revision></revision><subject></subject><title></title><unit meter="0.010000" name="centimeter"></unit><up_axis>Y_UP</up_axis></asset>
  <library_animations>
    <animation id="BatRig_Reference-anim" name="BatRig_Reference"><animation><source id="BatRig_Reference-Matrix-animation-input"><float_array id="BatRig_Reference-Matrix-animation-input-array" count="25">

0.000000 0.041667 0.083333 0.125000 0.166667 0.208333 0.250000 0.291667 0.333333 0.375000 0.416667 0.458333 0.500000 0.541667 0.583333 0.625000
0.666667 0.708333 0.750000 0.791667 0.833333 0.875000 0.916667 0.958333 1.000000</float_array><technique_common><accessor source="#BatRig_Reference-Matrix-animation-input-array" count="25"><param name="TIME" type="float"/></accessor></technique_common></source><source id="BatRig_Reference-Matrix-animation-output-transform"><float_array id="BatRig_Reference-Matrix-animation-output-transform-array" count="400">

1.000000 0.000000 0.000000 2.559220 0.000000 1.000000 0.000000 0.000000 0.000000 0.000000 1.000000 265.019836 0.000000 0.000000 0.000000 1.000000
1.000000 0.000000 0.000000 2.559220 0.000000 1.000000 0.000000 0.000000 0.000000 0.000000 1.000000 265.019836 0.000000 0.000000 0.000000 1.000000
1.000000 0.000000 0.000000 2.537805 0.000000 1.000000 0.000000 0.000000 0.000000 0.000000 1.000000 269.622803 0.000000 0.000000 0.000000 1.000000
1.000000 0.000000 0.000000 2.579747 0.000000 1.000000 0.000000 0.000000 0.000000 0.000000 1.000000 277.611237 0.000000 0.000000 0.000000 1.000000
1.000000 0.000000 0.000000 -4.571480 0.000000 1.000000 0.000000 0.000000 0.000000 0.000000 1.000000 293.886139 0.000000 0.000000 0.000000 1.000000
1.000000 0.000000 0.000000 -18.035149 0.000000 1.000000 0.000000 0.000000 0.000000 0.000000 1.000000 314.212830 0.000000 0.000000 0.000000 1.000000
1.000000 0.000000 0.000000 -25.393265 0.000000 1.000000 0.000000 0.000000 0.000000 0.000000 1.000000 329.345734 0.000000 0.000000 0.000000 1.000000
1.000000 0.000000 0.000000 -25.433693 0.000000 1.000000 0.000000 0.000000 0.000000 0.000000 1.000000 332.312317 0.000000 0.000000 0.000000 1.000000
1.000000 0.000000 0.000000 -25.734577 0.000000 1.000000 0.000000 0.000000 0.000000 0.000000 1.000000 333.183929 0.000000 0.000000 0.000000 1.000000
1.000000 0.000000 0.000000 -25.825409 0.000000 1.000000 0.000000 0.000000 0.000000 0.000000 1.000000 333.975525 0.000000 0.000000 0.000000 1.000000
1.000000 0.000000 0.000000 -25.811600 0.000000 1.000000 0.000000 0.000000 0.000000 0.000000 1.000000 334.579773 0.000000 0.000000 0.000000 1.000000
1.000000 0.000000 0.000000 -25.811600 0.000000 1.000000 0.000000 0.000000 0.000000 0.000000 1.000000 334.579773 0.000000 0.000000 0.000000 1.000000
1.000000 0.000000 0.000000 -20.530678 0.000000 1.000000 0.000000 0.000000 0.000000 0.000000 1.000000 334.282440 0.000000 0.000000 0.000000 1.000000
1.000000 0.000000 0.000000 -12.233136 0.000000 1.000000 0.000000 0.000000 0.000000 0.000000 1.000000 334.392212 0.000000 0.000000 0.000000 1.000000
1.000000 0.000000 0.000000 -3.770917 0.000000 1.000000 0.000000 0.000000 0.000000 0.000000 1.000000 334.568329 0.000000 0.000000 0.000000 1.000000
1.000000 0.000000 0.000000 1.140979 0.000000 1.000000 0.000000 0.000000 0.000000 0.000000 1.000000 334.745361 0.000000 0.000000 0.000000 1.000000
1.000000 0.000000 0.000000 1.012112 0.000000 1.000000 0.000000 0.000000 0.000000 0.000000 1.000000 334.779327 0.000000 0.000000 0.000000 1.000000
1.000000 0.000000 0.000000 1.140979 0.000000 1.000000 0.000000 0.000000 0.000000 0.000000 1.000000 334.745361 0.000000 0.000000 0.000000 1.000000
1.000000 0.000000 0.000000 1.635476 0.000000 1.000000 0.000000 0.000000 0.000000 0.000000 1.000000 334.333130 0.000000 0.000000 0.000000 1.000000
1.000000 0.000000 0.000000 1.986251 0.000000 1.000000 0.000000 0.000000 0.000000 0.000000 1.000000 333.328583 0.000000 0.000000 0.000000 1.000000
1.000000 0.000000 0.000000 2.182776 0.000000 1.000000 0.000000 0.000000 0.000000 0.000000 1.000000 332.657318 0.000000 0.000000 0.000000 1.000000
1.000000 0.000000 0.000000 2.318851 0.000000 1.000000 0.000000 0.000000 0.000000 0.000000 1.000000 332.493439 0.000000 0.000000 0.000000 1.000000
1.000000 0.000000 0.000000 2.459211 0.000000 1.000000 0.000000 0.000000 0.000000 0.000000 1.000000 332.429352 0.000000 0.000000 0.000000 1.000000
1.000000 0.000000 0.000000 2.541094 0.000000 1.000000 0.000000 0.000000 0.000000 0.000000 1.000000 332.357239 0.000000 0.000000 0.000000 1.000000
1.000000 0.000000 0.000000 2.594408 0.000000 1.000000 0.000000 0.000000 0.000000 0.000000 1.000000 332.230194 0.000000 0.000000 0.000000 1.000000</float_array><technique_common><accessor source="#BatRig_Reference-Matrix-animation-output-transform-array" count="25" stride="16"><param type="float4x4"/></accessor></technique_common></source><source id="BatRig_Reference-Interpolations"><Name_array id="BatRig_Reference-Interpolations-array" count="25">
 LINEAR LINEAR LINEAR LINEAR LINEAR LINEAR LINEAR LINEAR LINEAR LINEAR LINEAR
LINEAR LINEAR LINEAR LINEAR LINEAR LINEAR LINEAR LINEAR LINEAR LINEAR LINEAR LINEAR
LINEAR LINEAR</Name_array><technique_common><accessor source="#BatRig_Reference-Interpolations-array" count="25"><param type="name"/></accessor></technique_common></source><sampler id="BatRig_Reference-Matrix-animation-transform"><input semantic="INPUT" source="#BatRig_Reference-Matrix-animation-input"/><input semantic="OUTPUT" source="#BatRig_Reference-Matrix-animation-output-transform"/><input semantic="INTERPOLATION" source="#BatRig_Reference-Interpolations"/></sampler><channel source="#BatRig_Reference-Matrix-animation-transform" target="BatRig_Reference/matrix"/></animation><animation><source id="BatRig_Reference-visibility-animation-input"><float_array id="BatRig_Reference-visibility-animation-input-array" count="25">

0.000000 0.041667 0.083333 0.125000 0.166667 0.208333 0.250000 0.291667 0.333333 0.375000 0.416667 0.458333 0.500000 0.541667 0.583333 0.625000
0.666667 0.708333 0.750000 0.791667 0.833333 0.875000 0.916667 0.958333 1.000000</float_array><technique_common><accessor source="#BatRig_Reference-visibility-animation-input-array" count="25"><param name="TIME" type="float"/></accessor></technique_common></source><source id="BatRig_Reference-visibility-animation-output"><float_array id="BatRig_Reference-visibility-animation-output-array" count="25">

1.000000 1.000000 1.000000 1.000000 1.000000 1.000000 1.000000 1.000000 1.000000 1.000000 1.000000 1.000000 1.000000 1.000000 1.000000 1.000000
1.000000 1.000000 1.000000 1.000000 1.000000 1.000000 1.000000 1.000000 1.000000</float_array><technique_common><accessor source="#BatRig_Reference-visibility-animation-output-array" count="25"><param type="float"/></accessor></technique_common></source><source id="BatRig_Reference-visibility-animation-intan"><float_array id="BatRig_Reference-visibility-animation-intan-array" count="25">

0.000000 0.000000 0.000000 0.000000 0.000000 0.000000 0.000000 0.000000 0.000000 0.000000 0.000000 0.000000 0.000000 0.000000 0.000000 0.000000
0.000000 0.000000 0.000000 0.000000 0.000000 0.000000 0.000000 0.000000 0.000000</float_array><technique_common><accessor source="#BatRig_Reference-visibility-animation-intan-array" count="25"><param type="float"/></accessor></technique_common></source><source id="BatRig_Reference-visibility-animation-outtan"><float_array id="BatRig_Reference-visibility-animation-outtan-array" count="25">

0.000000 0.000000 0.000000 0.000000 0.000000 0.000000 0.000000 0.000000 0.000000 0.000000 0.000000 0.000000 0.000000 0.000000 0.000000 0.000000
0.000000 0.000000 0.000000 0.000000 0.000000 0.000000 0.000000 0.000000 0.000000</float_array><technique_common><accessor source="#BatRig_Reference-visibility-animation-outtan-array" count="25"><param type="float"/></accessor></technique_common></source><source id="BatRig_Reference-visibility-animation-interpolation"><Name_array id="BatRig_Reference-visibility-animation-interpolation-array" count="25">
 STEP STEP STEP STEP STEP STEP STEP STEP STEP STEP STEP STEP STEP STEP STEP STEP STEP
STEP STEP STEP STEP STEP STEP STEP BEZIER</Name_array><technique_common><accessor source="#BatRig_Reference-visibility-animation-interpolation-array" count="25"><param type="name"/></accessor></technique_common></source><sampler id="BatRig_Reference-visibility-animation"><input semantic="INPUT" source="#BatRig_Reference-visibility-animation-input"/><input semantic="OUTPUT" source="#BatRig_Reference-visibility-animation-output"/><input semantic="IN_TANGENT" source="#BatRig_Reference-visibility-animation-intan"/><input semantic="OUT_TANGENT" source="#BatRig_Reference-visibility-animation-outtan"/><input semantic="INTERPOLATION" source="#BatRig_Reference-visibility-animation-interpolation"/></sampler><channel source="#BatRig_Reference-visibility-animation" target="BatRig_Reference/visibility"/></animation></animation>
    <animation id="BatRig_Hips-anim" name="BatRig_Hips"><animation><source id="BatRig_Hips-Matrix-animation-input"><float_array id="BatRig_Hips-Matrix-animation-input-array" count="25">

0.000000 0.041667 0.083333 0.125000 0.166667 0.208333 0.250000 0.291667 0.333333 0.375000 0.416667 0.458333 0.500000 0.541667 0.583333 0.625000
0.666667 0.708333 0.750000 0.791667 0.833333 0.875000 0.916667 0.958333 1.000000</float_array><technique_common><accessor source="#BatRig_Hips-Matrix-animation-input-array" count="25"><param name="TIME" type="float"/></accessor></technique_common></source><source id="BatRig_Hips-Matrix-animation-output-transform"><float_array id="BatRig_Hips-Matrix-animation-output-transform-array" count="400">

0.612600 -0.009812 0.790332 0.000000 0.055359 0.998000 -0.030519 79.450974 -0.788452 0.062448 0.611918 0.000000 0.000000 0.000000 0.000000 1.000000
0.612600 -0.009812 0.790332 0.000000 0.055359 0.998000 -0.030519 79.450974 -0.788452 0.062448 0.611918 0.000000 0.000000 0.000000 0.000000 1.000000
0.654151 -0.013161 0.756249 0.000000 0.055360 0.998000 -0.030517 79.450974 -0.754335 0.061829 0.653571 0.000000 0.000000 0.000000 0.000000 1.000000
0.569287 -0.006439 0.822114 0.000000 0.055360 0.998000 -0.030519 79.450966 -0.820273 0.062886 0.568505 0.000000 0.000000 0.000000 0.000000 1.000000
0.199102 0.017902 0.979815 0.000000 0.055757 0.998007 -0.029565 79.451401 -0.978391 0.060518 0.197707 0.000000 0.000000 0.000000 0.000000 1.000000
-0.358053 0.046552 0.932540 0.000000 0.055586 0.998048 -0.028480 79.451958 -0.932045 0.041639 -0.359942 0.000000 0.000000 0.000000 0.000000 1.000000
-0.748216 0.061704 0.660580 0.000000 0.055360 0.998000 -0.030518 79.450966 -0.661142 0.013736 -0.750135 0.000000 0.000000 0.000000 0.000000 1.000000
-0.996290 0.069356 0.050946 0.000000 0.066648 0.996365 -0.053054 79.779228 -0.054440 -0.049462 -0.997291 0.000000 0.000000 0.000000 0.000000 1.000000
-0.852553 0.022610 -0.522152 0.000000 0.035616 0.999255 -0.014884 79.492485 0.521426 -0.031286 -0.852723 0.000000 0.000000 0.000000 0.000000 1.000000
-0.867268 -0.074806 -0.492189 0.000000 -0.070532 0.997137 -0.027269 78.942047 0.492820 0.011066 -0.870061 0.000000 0.000000 0.000000 0.000000 1.000000
-0.385515 -0.000158 -0.922702 0.000000 -0.006161 0.999978 0.002403 78.618431 0.922681 0.006611 -0.385508 0.000000 0.000000 0.000000 0.000000 1.000000
-0.385515 -0.000158 -0.922702 0.000000 -0.006161 0.999978 0.002403 78.618431 0.922681 0.006611 -0.385508 0.000000 0.000000 0.000000 0.000000 1.000000
-0.641137 0.034750 -0.766639 0.000000 0.075726 0.996964 -0.018139 78.683098 0.763681 -0.069684 -0.641822 0.000000 0.000000 0.000000 0.000000 1.000000
-0.277696 0.015731 -0.960540 0.000000 0.065868 0.997825 -0.002701 78.824074 0.958408 -0.064019 -0.278128 0.000000 0.000000 0.000000 0.000000 1.000000
0.109578 0.000755 -0.993978 0.000000 0.029020 0.999571 0.003959 78.965157 0.993554 -0.029279 0.109509 0.000000 0.000000 0.000000 0.000000 1.000000
0.434401 -0.000156 -0.900719 0.000000 -0.005887 0.999978 -0.003012 79.040215 0.900700 0.006611 0.434391 0.000000 0.000000 0.000000 0.000000 1.000000
0.414166 0.002354 -0.910198 0.000000 -0.010085 0.999947 -0.002003 78.961067 0.910146 0.010009 0.414168 0.000000 0.000000 0.000000 0.000000 1.000000
0.434401 -0.000156 -0.900719 0.000000 -0.005887 0.999978 -0.003012 79.040215 0.900700 0.006611 0.434391 0.000000 0.000000 0.000000 0.000000 1.000000
0.670587 -0.007005 -0.741798 0.000000 -0.004998 0.999890 -0.013960 80.931801 0.741814 0.013069 0.670478 0.000000 0.000000 0.000000 0.000000 1.000000
0.909260 -0.013135 -0.416022 0.000000 0.001586 0.999604 -0.028094 85.237122 0.416226 0.024885 0.908921 0.000000 0.000000 0.000000 0.000000 1.000000
0.999360 -0.015005 -0.032484 0.000000 0.013775 0.999192 -0.037761 87.704628 0.033024 0.037289 0.998759 0.000000 0.000000 0.000000 0.000000 1.000000
0.941381 -0.014164 0.337048 0.000000 0.029540 0.998741 -0.040535 74.834534 -0.336050 0.048115 0.940614 0.000000 0.000000 0.000000 0.000000 1.000000
0.758378 -0.010658 0.651728 0.000000 0.045507 0.998292 -0.036628 72.917511 -0.650225 0.057436 0.757568 0.000000 0.000000 0.000000 0.000000 1.000000
0.569280 -0.006438 0.822119 0.000000 0.055359 0.998000 -0.030518 72.521286 -0.820278 0.062885 0.568498 0.000000 0.000000 0.000000 0.000000 1.000000
0.516965 -0.005112 0.855991 0.000000 0.057458 0.997934 -0.028742 78.970741 -0.854076 0.064042 0.516191 0.000000 0.000000 0.000000 0.000000 1.000000</float_array><technique_common><accessor source="#BatRig_Hips-Matrix-animation-output-transform-array" count="25" stride="16"><param type="float4x4"/></accessor></technique_common></source><source id="BatRig_Hips-Interpolations"><Name_array id="BatRig_Hips-Interpolations-array" count="25">
 LINEAR LINEAR LINEAR LINEAR LINEAR LINEAR LINEAR LINEAR LINEAR LINEAR LINEAR
LINEAR LINEAR LINEAR LINEAR LINEAR LINEAR LINEAR LINEAR LINEAR LINEAR LINEAR LINEAR
LINEAR LINEAR</Name_array><technique_common><accessor source="#BatRig_Hips-Interpolations-array" count="25"><param type="name"/></accessor></technique_common></source><sampler id="BatRig_Hips-Matrix-animation-transform"><input semantic="INPUT" source="#BatRig_Hips-Matrix-animation-input"/><input semantic="OUTPUT" source="#BatRig_Hips-Matrix-animation-output-transform"/><input semantic="INTERPOLATION" source="#BatRig_Hips-Interpolations"/></sampler><channel source="#BatRig_Hips-Matrix-animation-transform" target="BatRig_Hips/matrix"/></animation><animation><source id="BatRig_Hips-visibility-animation-input"><float_array id="BatRig_Hips-visibility-animation-input-array" count="25">

0.000000 0.041667 0.083333 0.125000 0.166667 0.208333 0.250000 0.291667 0.333333 0.375000 0.416667 0.458333 0.500000 0.541667 0.583333 0.625000
0.666667 0.708333 0.750000 0.791667 0.833333 0.875000 0.916667 0.958333 1.000000</float_array><technique_common><accessor source="#BatRig_Hips-visibility-animation-input-array" count="25"><param name="TIME" type="float"/></accessor></technique_common></source><source id="BatRig_Hips-visibility-animation-output"><float_array id="BatRig_Hips-visibility-animation-output-array" count="25">

1.000000 1.000000 1.000000 1.000000 1.000000 1.000000 1.000000 1.000000 1.000000 1.000000 1.000000 1.000000 1.000000 1.000000 1.000000 1.000000
1.000000 1.000000 1.000000 1.000000 1.000000 1.000000 1.000000 1.000000 1.000000</float_array><technique_common><accessor source="#BatRig_Hips-visibility-animation-output-array" count="25"><param type="float"/></accessor></technique_common></source><source id="BatRig_Hips-visibility-animation-intan"><float_array id="BatRig_Hips-visibility-animation-intan-array" count="25">

0.000000 0.000000 0.000000 0.000000 0.000000 0.000000 0.000000 0.000000 0.000000 0.000000 0.000000 0.000000 0.000000 0.000000 0.000000 0.000000
0.000000 0.000000 0.000000 0.000000 0.000000 0.000000 0.000000 0.000000 0.000000</float_array><technique_common><accessor source="#BatRig_Hips-visibility-animation-intan-array" count="25"><param type="float"/></accessor></technique_common></source><source id="BatRig_Hips-visibility-animation-outtan"><float_array id="BatRig_Hips-visibility-animation-outtan-array" count="25">

0.000000 0.000000 0.000000 0.000000 0.000000 0.000000 0.000000 0.000000 0.000000 0.000000 0.000000 0.000000 0.000000 0.000000 0.000000 0.000000
0.000000 0.000000 0.000000 0.000000 0.000000 0.000000 0.000000 0.000000 0.000000</float_array><technique_common><accessor source="#BatRig_Hips-visibility-animation-outtan-array" count="25"><param type="float"/></accessor></technique_common></source><source id="BatRig_Hips-visibility-animation-interpolation"><Name_array id="BatRig_Hips-visibility-animation-interpolation-array" count="25">
 STEP STEP STEP STEP STEP STEP STEP STEP STEP STEP STEP STEP STEP STEP STEP STEP STEP
STEP STEP STEP STEP STEP STEP STEP BEZIER</Name_array><technique_common><accessor source="#BatRig_Hips-visibility-animation-interpolation-array" count="25"><param type="name"/></accessor></technique_common></source><sampler id="BatRig_Hips-visibility-animation"><input semantic="INPUT" source="#BatRig_Hips-visibility-animation-input"/><input semantic="OUTPUT" source="#BatRig_Hips-visibility-animation-output"/><input semantic="IN_TANGENT" source="#BatRig_Hips-visibility-animation-intan"/><input semantic="OUT_TANGENT" source="#BatRig_Hips-visibility-animation-outtan"/><input semantic="INTERPOLATION" source="#BatRig_Hips-visibility-animation-interpolation"/></sampler><channel source="#BatRig_Hips-visibility-animation" target="BatRig_Hips/visibility"/></animation></animation>
    <animation id="BatRig_Spine-anim" name="BatRig_Spine"><animation><source id="BatRig_Spine-Matrix-animation-input"><float_array id="BatRig_Spine-Matrix-animation-input-array" count="25">

0.000000 0.041667 0.083333 0.125000 0.166667 0.208333 0.250000 0.291667 0.333333 0.375000 0.416667 0.458333 0.500000 0.541667 0.583333 0.625000
0.666667 0.708333 0.750000 0.791667 0.833333 0.875000 0.916667 0.958333 1.000000</float_array><technique_common><accessor source="#BatRig_Spine-Matrix-animation-input-array" count="25"><param name="TIME" type="float"/></accessor></technique_common></source><source id="BatRig_Spine-Matrix-animation-output-transform"><float_array id="BatRig_Spine-Matrix-animation-output-transform-array" count="400">

0.997810 0.059408 -0.029074 0.000006 -0.058297 0.997588 0.037672 3.725675 0.031242 -0.035895 0.998867 -0.000004 0.000000 0.000000 0.000000 1.000000
0.997810 0.059408 -0.029074 0.000006 -0.058297 0.997588 0.037672 3.725675 0.031242 -0.035895 0.998867 -0.000004 0.000000 0.000000 0.000000 1.000000
0.997810 0.059408 -0.029080 0.000006 -0.058297 0.997588 0.037673 3.725675 0.031248 -0.035895 0.998867 -0.000004 0.000000 0.000000 0.000000 1.000000
0.997810 0.059408 -0.029084 0.000006 -0.058297 0.997588 0.037673 3.725675 0.031252 -0.035895 0.998867 -0.000004 0.000000 0.000000 0.000000 1.000000
0.997810 0.059408 -0.029083 0.000006 -0.058297 0.997588 0.037673 3.725675 0.031251 -0.035895 0.998867 -0.000004 0.000000 0.000000 0.000000 1.000000
0.997810 0.059408 -0.029083 0.000006 -0.058297 0.997588 0.037673 3.725675 0.031251 -0.035895 0.998867 -0.000004 0.000000 0.000000 0.000000 1.000000
0.997810 0.059408 -0.029083 0.000006 -0.058297 0.997588 0.037673 3.725675 0.031251 -0.035895 0.998867 -0.000004 0.000000 0.000000 0.000000 1.000000
0.973021 0.040969 0.227051 0.000006 -0.050704 0.998020 0.037206 3.725675 -0.225077 -0.047715 0.973172 -0.000004 0.000000 0.000000 0.000000 1.000000
0.909799 0.037898 0.413316 0.000006 -0.066343 0.996297 0.054683 3.725675 -0.409713 -0.077171 0.908944 -0.000004 0.000000 0.000000 0.000000 1.000000
0.819482 0.037386 0.571884 0.000006 -0.077555 0.995925 0.046025 3.725675 -0.567833 -0.082069 0.819042 -0.000004 0.000000 0.000000 0.000000 1.000000
0.756706 0.037348 0.652688 0.000006 -0.082064 0.995896 0.038155 3.725675 -0.648585 -0.082434 0.756665 -0.000004 0.000000 0.000000 0.000000 1.000000
0.756706 0.037348 0.652688 0.000006 -0.082064 0.995896 0.038155 3.725675 -0.648585 -0.082434 0.756665 -0.000004 0.000000 0.000000 0.000000 1.000000
0.764804 0.040808 0.642970 0.000006 0.012302 0.996885 -0.077903 3.725675 -0.644146 0.067490 0.761919 -0.000004 0.000000 0.000000 0.000000 1.000000
0.778183 0.041065 0.626694 0.000006 0.017488 0.996056 -0.086984 3.725675 -0.627795 0.078649 0.774395 -0.000004 0.000000 0.000000 0.000000 1.000000
0.791428 0.041442 0.609856 0.000006 0.025307 0.994622 -0.100430 3.725675 -0.610739 0.094917 0.786123 -0.000004 0.000000 0.000000 0.000000 1.000000
0.798870 0.041470 0.600072 0.000006 0.024780 0.994505 -0.101718 3.725675 -0.600993 0.096129 0.793452 -0.000004 0.000000 0.000000 0.000000 1.000000
0.791213 0.041470 0.610133 0.000006 0.026065 0.994505 -0.101396 3.725675 -0.610985 0.096129 0.785784 -0.000004 0.000000 0.000000 0.000000 1.000000
0.798870 0.041470 0.600072 0.000006 0.024780 0.994505 -0.101718 3.725675 -0.600993 0.096129 0.793452 -0.000004 0.000000 0.000000 0.000000 1.000000
0.872791 0.055202 0.484962 0.000006 -0.050618 0.998463 -0.022555 3.725675 -0.485462 -0.004862 0.874244 -0.000004 0.000000 0.000000 0.000000 1.000000
0.971700 0.057200 0.229187 0.000006 -0.060162 0.998171 0.005953 3.725675 -0.228427 -0.019573 0.973364 -0.000004 0.000000 0.000000 0.000000 1.000000
0.997591 0.057657 0.038575 0.000006 -0.058486 0.998073 0.020731 3.725675 -0.037305 -0.022937 0.999041 -0.000004 0.000000 0.000000 0.000000 1.000000
0.997856 0.059136 -0.028056 0.000006 -0.058123 0.997673 0.035632 3.725675 0.030098 -0.033925 0.998971 -0.000004 0.000000 0.000000 0.000000 1.000000
0.997816 0.059351 -0.029010 0.000006 -0.058254 0.997605 0.037295 3.725675 0.031154 -0.035524 0.998883 -0.000004 0.000000 0.000000 0.000000 1.000000
0.997811 0.059401 -0.029072 0.000006 -0.058290 0.997589 0.037666 3.725675 0.031239 -0.035889 0.998867 -0.000004 0.000000 0.000000 0.000000 1.000000
0.997810 0.059408 -0.029072 0.000006 -0.058297 0.997588 0.037672 3.725675 0.031240 -0.035895 0.998867 -0.000004 0.000000 0.000000 0.000000 1.000000</float_array><technique_common><accessor source="#BatRig_Spine-Matrix-animation-output-transform-array" count="25" stride="16"><param type="float4x4"/></accessor></technique_common></source><source id="BatRig_Spine-Interpolations"><Name_array id="BatRig_Spine-Interpolations-array" count="25">
 LINEAR LINEAR LINEAR LINEAR LINEAR LINEAR LINEAR LINEAR LINEAR LINEAR LINEAR
LINEAR LINEAR LINEAR LINEAR LINEAR LINEAR LINEAR LINEAR LINEAR LINEAR LINEAR LINEAR
LINEAR LINEAR</Name_array><technique_common><accessor source="#BatRig_Spine-Interpolations-array" count="25"><param type="name"/></accessor></technique_common></source><sampler id="BatRig_Spine-Matrix-animation-transform"><input semantic="INPUT" source="#BatRig_Spine-Matrix-animation-input"/><input semantic="OUTPUT" source="#BatRig_Spine-Matrix-animation-output-transform"/><input semantic="INTERPOLATION" source="#BatRig_Spine-Interpolations"/></sampler><channel source="#BatRig_Spine-Matrix-animation-transform" target="BatRig_Spine/matrix"/></animation><animation><source id="BatRig_Spine-visibility-animation-input"><float_array id="BatRig_Spine-visibility-animation-input-array" count="25">

0.000000 0.041667 0.083333 0.125000 0.166667 0.208333 0.250000 0.291667 0.333333 0.375000 0.416667 0.458333 0.500000 0.541667 0.583333 0.625000
0.666667 0.708333 0.750000 0.791667 0.833333 0.875000 0.916667 0.958333 1.000000</float_array><technique_common><accessor source="#BatRig_Spine-visibility-animation-input-array" count="25"><param name="TIME" type="float"/></accessor></technique_common></source><source id="BatRig_Spine-visibility-animation-output"><float_array id="BatRig_Spine-visibility-animation-output-array" count="25">

1.000000 1.000000 1.000000 1.000000 1.000000 1.000000 1.000000 1.000000 1.000000 1.000000 1.000000 1.000000 1.000000 1.000000 1.000000 1.000000
1.000000 1.000000 1.000000 1.000000 1.000000 1.000000 1.000000 1.000000 1.000000</float_array><technique_common><accessor source="#BatRig_Spine-visibility-animation-output-array" count="25"><param type="float"/></accessor></technique_common></source><source id="BatRig_Spine-visibility-animation-intan"><float_array id="BatRig_Spine-visibility-animation-intan-array" count="25">

0.000000 0.000000 0.000000 0.000000 0.000000 0.000000 0.000000 0.000000 0.000000 0.000000 0.000000 0.000000 0.000000 0.000000 0.000000 0.000000
0.000000 0.000000 0.000000 0.000000 0.000000 0.000000 0.000000 0.000000 0.000000</float_array><technique_common><accessor source="#BatRig_Spine-visibility-animation-intan-array" count="25"><param type="float"/></accessor></technique_common></source><source id="BatRig_Spine-visibility-animation-outtan"><float_array id="BatRig_Spine-visibility-animation-outtan-array" count="25">

0.000000 0.000000 0.000000 0.000000 0.000000 0.000000 0.000000 0.000000 0.000000 0.000000 0.000000 0.000000 0.000000 0.000000 0.000000 0.000000
0.000000 0.000000 0.000000 0.000000 0.000000 0.000000 0.000000 0.000000 0.000000</float_array><technique_common><accessor source="#BatRig_Spine-visibility-animation-outtan-array" count="25"><param type="float"/></accessor></technique_common></source><source id="BatRig_Spine-visibility-animation-interpolation"><Name_array id="BatRig_Spine-visibility-animation-interpolation-array" count="25">
 STEP STEP STEP STEP STEP STEP STEP STEP STEP STEP STEP STEP STEP STEP STEP STEP STEP
STEP STEP STEP STEP STEP STEP STEP BEZIER</Name_array><technique_common><accessor source="#BatRig_Spine-visibility-animation-interpolation-array" count="25"><param type="name"/></accessor></technique_common></source><sampler id="BatRig_Spine-visibility-animation"><input semantic="INPUT" source="#BatRig_Spine-visibility-animation-input"/><input semantic="OUTPUT" source="#BatRig_Spine-visibility-animation-output"/><input semantic="IN_TANGENT" source="#BatRig_Spine-visibility-animation-intan"/><input semantic="OUT_TANGENT" source="#BatRig_Spine-visibility-animation-outtan"/><input semantic="INTERPOLATION" source="#BatRig_Spine-visibility-animation-interpolation"/></sampler><channel source="#BatRig_Spine-visibility-animation" target="BatRig_Spine/visibility"/></animation></animation>
    <animation id="BatRig_Spine1-anim" name="BatRig_Spine1"><animation><source id="BatRig_Spine1-Matrix-animation-input"><float_array id="BatRig_Spine1-Matrix-animation-input-array" count="25">

0.000000 0.041667 0.083333 0.125000 0.166667 0.208333 0.250000 0.291667 0.333333 0.375000 0.416667 0.458333 0.500000 0.541667 0.583333 0.625000
0.666667 0.708333 0.750000 0.791667 0.833333 0.875000 0.916667 0.958333 1.000000</float_array><technique_common><accessor source="#BatRig_Spine1-Matrix-animation-input-array" count="25"><param name="TIME" type="float"/></accessor></technique_common></source><source id="BatRig_Spine1-Matrix-animation-output-transform"><float_array id="BatRig_Spine1-Matrix-animation-output-transform-array" count="400">

0.999999 0.001448 0.000200 -0.000004 -0.001424 0.995933 -0.090086 10.999834 -0.000330 0.090086 0.995934 0.000001 0.000000 0.000000 0.000000 1.000000
0.999999 0.001448 0.000200 -0.000004 -0.001424 0.995933 -0.090086 10.999834 -0.000330 0.090086 0.995934 0.000001 0.000000 0.000000 0.000000 1.000000
0.999999 0.001448 0.000200 -0.000004 -0.001424 0.995933 -0.090086 10.999834 -0.000330 0.090086 0.995934 0.000001 0.000000 0.000000 0.000000 1.000000
0.999999 0.001448 0.000200 -0.000004 -0.001424 0.995933 -0.090086 10.999834 -0.000330 0.090086 0.995934 0.000001 0.000000 0.000000 0.000000 1.000000
0.999999 0.001448 0.000200 -0.000004 -0.001424 0.995933 -0.090086 10.999834 -0.000330 0.090086 0.995934 0.000001 0.000000 0.000000 0.000000 1.000000
0.999999 0.001448 0.000199 -0.000004 -0.001424 0.995933 -0.090086 10.999834 -0.000329 0.090086 0.995934 0.000001 0.000000 0.000000 0.000000 1.000000
0.999999 0.001448 0.000199 -0.000004 -0.001424 0.995933 -0.090086 10.999834 -0.000329 0.090086 0.995934 0.000001 0.000000 0.000000 0.000000 1.000000
0.999691 0.023608 -0.007734 -0.000004 -0.024198 0.995826 -0.088010 10.999834 0.005624 0.088170 0.996090 0.000001 0.000000 0.000000 0.000000 1.000000
0.999429 0.031760 -0.011502 -0.000004 -0.032571 0.996347 -0.078943 10.999834 0.008953 0.079273 0.996813 0.000001 0.000000 0.000000 0.000000 1.000000
0.999295 0.033117 -0.017691 -0.000004 -0.034389 0.996420 -0.077237 10.999834 0.015070 0.077791 0.996856 0.000001 0.000000 0.000000 0.000000 1.000000
0.999215 0.033218 -0.021572 -0.000004 -0.034787 0.996425 -0.076990 10.999834 0.018937 0.077680 0.996798 0.000001 0.000000 0.000000 0.000000 1.000000
0.999215 0.033218 -0.021572 -0.000004 -0.034787 0.996425 -0.076990 10.999834 0.018937 0.077680 0.996798 0.000001 0.000000 0.000000 0.000000 1.000000
0.999093 -0.005194 -0.042258 -0.000004 -0.000343 0.991515 -0.129988 10.999834 0.042575 0.129885 0.990615 0.000001 0.000000 0.000000 0.000000 1.000000
0.997743 -0.008059 -0.066662 -0.000004 -0.000949 0.990981 -0.133999 10.999834 0.067141 0.133760 0.988737 0.000001 0.000000 0.000000 0.000000 1.000000
0.996101 -0.012239 -0.087367 -0.000004 -0.000108 0.990159 -0.139945 10.999834 0.088220 0.139409 0.986297 0.000001 0.000000 0.000000 0.000000 1.000000
0.995042 -0.012552 -0.098659 -0.000004 -0.001430 0.990096 -0.140385 10.999834 0.099444 0.139830 0.985169 0.000001 0.000000 0.000000 0.000000 1.000000
0.995042 -0.012552 -0.098659 -0.000004 -0.001430 0.990096 -0.140384 10.999834 0.099444 0.139829 0.985169 0.000001 0.000000 0.000000 0.000000 1.000000
0.995042 -0.012552 -0.098659 -0.000004 -0.001430 0.990096 -0.140385 10.999834 0.099444 0.139830 0.985169 0.000001 0.000000 0.000000 0.000000 1.000000
0.996524 -0.001842 -0.083286 -0.000004 -0.006653 0.994803 -0.101602 10.999834 0.083040 0.101803 0.991333 0.000001 0.000000 0.000000 0.000000 1.000000
0.999127 -0.000282 -0.041775 -0.000004 -0.003740 0.995357 -0.096180 10.999834 0.041608 0.096252 0.994487 0.000001 0.000000 0.000000 0.000000 1.000000
0.999942 0.000074 -0.010778 -0.000004 -0.001097 0.995479 -0.094976 10.999834 0.010722 0.094982 0.995421 0.000001 0.000000 0.000000 0.000000 1.000000
0.999999 0.001239 0.000037 -0.000004 -0.001231 0.995866 -0.090829 10.999834 -0.000149 0.090829 0.995866 0.000001 0.000000 0.000000 0.000000 1.000000
0.999999 0.001409 0.000192 -0.000004 -0.001386 0.995920 -0.090224 10.999834 -0.000318 0.090224 0.995921 0.000001 0.000000 0.000000 0.000000 1.000000
0.999999 0.001448 0.000201 -0.000004 -0.001424 0.995933 -0.090086 10.999834 -0.000331 0.090086 0.995934 0.000001 0.000000 0.000000 0.000000 1.000000
0.999999 0.001448 0.000201 -0.000004 -0.001424 0.995933 -0.090086 10.999834 -0.000331 0.090086 0.995934 0.000001 0.000000 0.000000 0.000000 1.000000</float_array><technique_common><accessor source="#BatRig_Spine1-Matrix-animation-output-transform-array" count="25" stride="16"><param type="float4x4"/></accessor></technique_common></source><source id="BatRig_Spine1-Interpolations"><Name_array id="BatRig_Spine1-Interpolations-array" count="25">
 LINEAR LINEAR LINEAR LINEAR LINEAR LINEAR LINEAR LINEAR LINEAR LINEAR LINEAR
LINEAR LINEAR LINEAR LINEAR LINEAR LINEAR LINEAR LINEAR LINEAR LINEAR LINEAR LINEAR
LINEAR LINEAR</Name_array><technique_common><accessor source="#BatRig_Spine1-Interpolations-array" count="25"><param type="name"/></accessor></technique_common></source><sampler id="BatRig_Spine1-Matrix-animation-transform"><input semantic="INPUT" source="#BatRig_Spine1-Matrix-animation-input"/><input semantic="OUTPUT" source="#BatRig_Spine1-Matrix-animation-output-transform"/><input semantic="INTERPOLATION" source="#BatRig_Spine1-Interpolations"/></sampler><channel source="#BatRig_Spine1-Matrix-animation-transform" target="BatRig_Spine1/matrix"/></animation><animation><source id="BatRig_Spine1-visibility-animation-input"><float_array id="BatRig_Spine1-visibility-animation-input-array" count="25">

0.000000 0.041667 0.083333 0.125000 0.166667 0.208333 0.250000 0.291667 0.333333 0.375000 0.416667 0.458333 0.500000 0.541667 0.583333 0.625000
0.666667 0.708333 0.750000 0.791667 0.833333 0.875000 0.916667 0.958333 1.000000</float_array><technique_common><accessor source="#BatRig_Spine1-visibility-animation-input-array" count="25"><param name="TIME" type="float"/></accessor></technique_common></source><source id="BatRig_Spine1-visibility-animation-output"><float_array id="BatRig_Spine1-visibility-animation-output-array" count="25">

1.000000 1.000000 1.000000 1.000000 1.000000 1.000000 1.000000 1.000000 1.000000 1.000000 1.000000 1.000000 1.000000 1.000000 1.000000 1.000000
1.000000 1.000000 1.000000 1.000000 1.000000 1.000000 1.000000 1.000000 1.000000</float_array><technique_common><accessor source="#BatRig_Spine1-visibility-animation-output-array" count="25"><param type="float"/></accessor></technique_common></source><source id="BatRig_Spine1-visibility-animation-intan"><float_array id="BatRig_Spine1-visibility-animation-intan-array" count="25">

0.000000 0.000000 0.000000 0.000000 0.000000 0.000000 0.000000 0.000000 0.000000 0.000000 0.000000 0.000000 0.000000 0.000000 0.000000 0.000000
0.000000 0.000000 0.000000 0.000000 0.000000 0.000000 0.000000 0.000000 0.000000</float_array><technique_common><accessor source="#BatRig_Spine1-visibility-animation-intan-array" count="25"><param type="float"/></accessor></technique_common></source><source id="BatRig_Spine1-visibility-animation-outtan"><float_array id="BatRig_Spine1-visibility-animation-outtan-array" count="25">

0.000000 0.000000 0.000000 0.000000 0.000000 0.000000 0.000000 0.000000 0.000000 0.000000 0.000000 0.000000 0.000000 0.000000 0.000000 0.000000
0.000000 0.000000 0.000000 0.000000 0.000000 0.000000 0.000000 0.000000 0.000000</float_array><technique_common><accessor source="#BatRig_Spine1-visibility-animation-outtan-array" count="25"><param type="float"/></accessor></technique_common></source><source id="BatRig_Spine1-visibility-animation-interpolation"><Name_array id="BatRig_Spine1-visibility-animation-interpolation-array" count="25">
 STEP STEP STEP STEP STEP STEP STEP STEP STEP STEP STEP STEP STEP STEP STEP STEP STEP
STEP STEP STEP STEP STEP STEP STEP BEZIER</Name_array><technique_common><accessor source="#BatRig_Spine1-visibility-animation-interpolation-array" count="25"><param type="name"/></accessor></technique_common></source><sampler id="BatRig_Spine1-visibility-animation"><input semantic="INPUT" source="#BatRig_Spine1-visibility-animation-input"/><input semantic="OUTPUT" source="#BatRig_Spine1-visibility-animation-output"/><input semantic="IN_TANGENT" source="#BatRig_Spine1-visibility-animation-intan"/><input semantic="OUT_TANGENT" source="#BatRig_Spine1-visibility-animation-outtan"/><input semantic="INTERPOLATION" source="#BatRig_Spine1-visibility-animation-interpolation"/></sampler><channel source="#BatRig_Spine1-visibility-animation" target="BatRig_Spine1/visibility"/></animation></animation>
    <animation id="BatRig_Spine2-anim" name="BatRig_Spine2"><animation><source id="BatRig_Spine2-Matrix-animation-input"><float_array id="BatRig_Spine2-Matrix-animation-input-array" count="25">

0.000000 0.041667 0.083333 0.125000 0.166667 0.208333 0.250000 0.291667 0.333333 0.375000 0.416667 0.458333 0.500000 0.541667 0.583333 0.625000
0.666667 0.708333 0.750000 0.791667 0.833333 0.875000 0.916667 0.958333 1.000000</float_array><technique_common><accessor source="#BatRig_Spine2-Matrix-animation-input-array" count="25"><param name="TIME" type="float"/></accessor></technique_common></source><source id="BatRig_Spine2-Matrix-animation-output-transform"><float_array id="BatRig_Spine2-Matrix-animation-output-transform-array" count="400">

0.999999 0.001456 0.000140 -0.000007 -0.001437 0.995933 -0.090087 11.776693 -0.000271 0.090087 0.995934 0.000010 0.000000 0.000000 0.000000 1.000000
0.999999 0.001456 0.000140 -0.000007 -0.001437 0.995933 -0.090087 11.776693 -0.000271 0.090087 0.995934 0.000010 0.000000 0.000000 0.000000 1.000000
0.999999 0.001456 0.000140 -0.000007 -0.001437 0.995933 -0.090087 11.776693 -0.000271 0.090087 0.995934 0.000010 0.000000 0.000000 0.000000 1.000000
0.999999 0.001456 0.000141 -0.000007 -0.001437 0.995933 -0.090087 11.776693 -0.000272 0.090087 0.995934 0.000010 0.000000 0.000000 0.000000 1.000000
0.999999 0.001456 0.000141 -0.000007 -0.001437 0.995933 -0.090086 11.776693 -0.000272 0.090086 0.995934 0.000010 0.000000 0.000000 0.000000 1.000000
0.999999 0.001456 0.000141 -0.000007 -0.001437 0.995933 -0.090086 11.776693 -0.000272 0.090086 0.995934 0.000010 0.000000 0.000000 0.000000 1.000000
0.999999 0.001456 0.000141 -0.000007 -0.001437 0.995933 -0.090086 11.776693 -0.000272 0.090086 0.995934 0.000010 0.000000 0.000000 0.000000 1.000000
0.999698 0.022654 -0.009474 -0.000007 -0.023398 0.995882 -0.087591 11.776693 0.007451 0.087786 0.996111 0.000010 0.000000 0.000000 0.000000 1.000000
0.999441 0.030331 -0.014062 -0.000007 -0.031343 0.996430 -0.078387 11.776693 0.011634 0.078784 0.996824 0.000010 0.000000 0.000000 0.000000 1.000000
0.999305 0.031147 -0.020496 -0.000007 -0.032633 0.996523 -0.076662 11.776693 0.018037 0.077278 0.996846 0.000010 0.000000 0.000000 0.000000 1.000000
0.999222 0.030924 -0.024461 -0.000007 -0.032712 0.996539 -0.076419 11.776693 0.022013 0.077160 0.996776 0.000010 0.000000 0.000000 0.000000 1.000000
0.999222 0.030924 -0.024461 -0.000007 -0.032712 0.996539 -0.076419 11.776693 0.022013 0.077160 0.996776 0.000010 0.000000 0.000000 0.000000 1.000000
0.999128 -0.004270 -0.041526 -0.000007 -0.001395 0.990785 -0.135436 11.776693 0.041722 0.135376 0.989915 0.000010 0.000000 0.000000 0.000000 1.000000
0.997877 -0.008667 -0.064551 -0.000007 -0.000448 0.990170 -0.139871 11.776693 0.065129 0.139603 0.988063 0.000010 0.000000 0.000000 0.000000 1.000000
0.996374 -0.013925 -0.083936 -0.000007 0.001488 0.989217 -0.146449 11.776693 0.085070 0.145793 0.985651 0.000010 0.000000 0.000000 0.000000 1.000000
0.995397 -0.015073 -0.094645 -0.000007 0.001005 0.989143 -0.146956 11.776693 0.095832 0.146184 0.984605 0.000010 0.000000 0.000000 0.000000 1.000000
0.995397 -0.015073 -0.094645 -0.000007 0.001005 0.989143 -0.146956 11.776693 0.095832 0.146184 0.984605 0.000010 0.000000 0.000000 0.000000 1.000000
0.995397 -0.015073 -0.094645 -0.000007 0.001005 0.989143 -0.146956 11.776693 0.095832 0.146184 0.984605 0.000010 0.000000 0.000000 0.000000 1.000000
0.996742 -0.007170 -0.080333 -0.000007 -0.001176 0.994642 -0.103368 11.776693 0.080644 0.103126 0.991394 0.000010 0.000000 0.000000 0.000000 1.000000
0.999183 -0.002929 -0.040315 -0.000007 -0.000999 0.995278 -0.097060 11.776693 0.040409 0.097021 0.994462 0.000010 0.000000 0.000000 0.000000 1.000000
0.999946 -0.000266 -0.010394 -0.000007 -0.000729 0.995416 -0.095639 11.776693 0.010372 0.095641 0.995362 0.000010 0.000000 0.000000 0.000000 1.000000
0.999999 0.001313 -0.000007 -0.000007 -0.001308 0.995856 -0.090930 11.776693 -0.000112 0.090930 0.995857 0.000010 0.000000 0.000000 0.000000 1.000000
0.999999 0.001431 0.000133 -0.000007 -0.001413 0.995919 -0.090244 11.776693 -0.000262 0.090244 0.995920 0.000010 0.000000 0.000000 0.000000 1.000000
0.999999 0.001456 0.000141 -0.000007 -0.001437 0.995933 -0.090086 11.776693 -0.000272 0.090086 0.995934 0.000010 0.000000 0.000000 0.000000 1.000000
0.999999 0.001455 0.000139 -0.000007 -0.001437 0.995933 -0.090086 11.776693 -0.000270 0.090086 0.995934 0.000010 0.000000 0.000000 0.000000 1.000000</float_array><technique_common><accessor source="#BatRig_Spine2-Matrix-animation-output-transform-array" count="25" stride="16"><param type="float4x4"/></accessor></technique_common></source><source id="BatRig_Spine2-Interpolations"><Name_array id="BatRig_Spine2-Interpolations-array" count="25">
 LINEAR LINEAR LINEAR LINEAR LINEAR LINEAR LINEAR LINEAR LINEAR LINEAR LINEAR
LINEAR LINEAR LINEAR LINEAR LINEAR LINEAR LINEAR LINEAR LINEAR LINEAR LINEAR LINEAR
