<?xml version="1.0" encoding="utf-8"?>
<COLLADA xmlns="http://www.collada.org/2005/11/COLLADASchema" version="1.4.1">
  <asset><contributor><author></author><authoring_tool>FBX COLLADA exporter</authoring_tool><comments></comments></contributor><created>2017-08-30T19:16:43Z</created><keywords></keywords><modified>2017-08-30T19:16:43Z</modified><revision></revision><subject></subject><title></title><unit meter="0.010000" name="centimeter"></unit><up_axis>Y_UP</up_axis></asset>
  <library_animations>
    <animation id="BatRig_Reference-anim" name="BatRig_Reference"><animation><source id="BatRig_Reference-Matrix-animation-input"><float_array id="BatRig_Reference-Matrix-animation-input-array" count="18">

0.000000 0.041667 0.083333 0.125000 0.166667 0.208333 0.250000 0.291667 0.333333 0.375000 0.416667 0.458333 0.500000 0.541667 0.583333 0.625000
0.666667 0.708333</float_array><technique_common><accessor source="#BatRig_Reference-Matrix-animation-input-array" count="18"><param name="TIME" type="float"/></accessor></technique_common></source><source id="BatRig_Reference-Matrix-animation-output-transform"><float_array id="BatRig_Reference-Matrix-animation-output-transform-array" count="288">

1.000000 0.000000 0.000000 2.342987 0.000000 1.000000 0.000000 0.000000 0.000000 0.000000 1.000000 -11.275047 0.000000 0.000000 0.000000 1.000000
1.000000 0.000000 0.000000 2.342987 0.000000 1.000000 0.000000 0.000000 0.000000 0.000000 1.000000 -11.275047 0.000000 0.000000 0.000000 1.000000
1.000000 0.000000 0.000000 2.342987 0.000000 1.000000 0.000000 0.000000 0.000000 0.000000 1.000000 -11.275047 0.000000 0.000000 0.000000 1.000000
1.000000 0.000000 0.000000 2.342987 0.000000 1.000000 0.000000 0.000000 0.000000 0.000000 1.000000 -11.275049 0.000000 0.000000 0.000000 1.000000
1.000000 0.000000 0.000000 2.342987 0.000000 1.000000 0.000000 0.000000 0.000000 0.000000 1.000000 -11.275049 0.000000 0.000000 0.000000 1.000000
1.000000 0.000000 0.000000 2.342987 0.000000 1.000000 0.000000 0.000000 0.000000 0.000000 1.000000 -11.275050 0.000000 0.000000 0.000000 1.000000
1.000000 0.000000 0.000000 2.342987 0.000000 1.000000 0.000000 0.000000 0.000000 0.000000 1.000000 -11.275051 0.000000 0.000000 0.000000 1.000000
1.000000 0.000000 0.000000 2.342987 0.000000 1.000000 0.000000 0.000000 0.000000 0.000000 1.000000 -11.275052 0.000000 0.000000 0.000000 1.000000
1.000000 0.000000 0.000000 2.342987 0.000000 1.000000 0.000000 0.000000 0.000000 0.000000 1.000000 -11.275053 0.000000 0.000000 0.000000 1.000000
1.000000 0.000000 0.000000 2.342987 0.000000 1.000000 0.000000 0.000000 0.000000 0.000000 1.000000 -11.275053 0.000000 0.000000 0.000000 1.000000
1.000000 0.000000 0.000000 2.342987 0.000000 1.000000 0.000000 0.000000 0.000000 0.000000 1.000000 -11.275054 0.000000 0.000000 0.000000 1.000000
1.000000 0.000000 0.000000 2.342992 0.000000 1.000000 0.000000 0.000000 0.000000 0.000000 1.000000 -11.275056 0.000000 0.000000 0.000000 1.000000
1.000000 0.000000 0.000000 2.343244 0.000000 1.000000 0.000000 0.000000 0.000000 0.000000 1.000000 -11.275183 0.000000 0.000000 0.000000 1.000000
1.000000 0.000000 0.000000 2.343791 0.000000 1.000000 0.000000 0.000000 0.000000 0.000000 1.000000 -11.275454 0.000000 0.000000 0.000000 1.000000
1.000000 0.000000 0.000000 2.344369 0.000000 1.000000 0.000000 0.000000 0.000000 0.000000 1.000000 -11.275745 0.000000 0.000000 0.000000 1.000000
1.000000 0.000000 0.000000 2.344735 0.000000 1.000000 0.000000 0.000000 0.000000 0.000000 1.000000 -11.275932 0.000000 0.000000 0.000000 1.000000
1.000000 0.000000 0.000000 2.344640 0.000000 1.000000 0.000000 0.000000 0.000000 0.000000 1.000000 -11.275882 0.000000 0.000000 0.000000 1.000000
1.000000 0.000000 0.000000 2.343837 0.000000 1.000000 0.000000 0.000000 0.000000 0.000000 1.000000 -11.275476 0.000000 0.000000 0.000000 1.000000</float_array><technique_common><accessor source="#BatRig_Reference-Matrix-animation-output-transform-array" count="18" stride="16"><param type="float4x4"/></accessor></technique_common></source><source id="BatRig_Reference-Interpolations"><Name_array id="BatRig_Reference-Interpolations-array" count="18">
 LINEAR LINEAR LINEAR LINEAR LINEAR LINEAR LINEAR LINEAR LINEAR LINEAR LINEAR
LINEAR LINEAR LINEAR LINEAR LINEAR LINEAR LINEAR</Name_array><technique_common><accessor source="#BatRig_Reference-Interpolations-array" count="18"><param type="name"/></accessor></technique_common></source><sampler id="BatRig_Reference-Matrix-animation-transform"><input semantic="INPUT" source="#BatRig_Reference-Matrix-animation-input"/><input semantic="OUTPUT" source="#BatRig_Reference-Matrix-animation-output-transform"/><input semantic="INTERPOLATION" source="#BatRig_Reference-Interpolations"/></sampler><channel source="#BatRig_Reference-Matrix-animation-transform" target="BatRig_Reference/matrix"/></animation><animation><source id="BatRig_Reference-visibility-animation-input"><float_array id="BatRig_Reference-visibility-animation-input-array" count="18">

0.000000 0.041667 0.083333 0.125000 0.166667 0.208333 0.250000 0.291667 0.333333 0.375000 0.416667 0.458333 0.500000 0.541667 0.583333 0.625000
0.666667 0.708333</float_array><technique_common><accessor source="#BatRig_Reference-visibility-animation-input-array" count="18"><param name="TIME" type="float"/></accessor></technique_common></source><source id="BatRig_Reference-visibility-animation-output"><float_array id="BatRig_Reference-visibility-animation-output-array" count="18">

1.000000 1.000000 1.000000 1.000000 1.000000 1.000000 1.000000 1.000000 1.000000 1.000000 1.000000 1.000000 1.000000 1.000000 1.000000 1.000000
1.000000 1.000000</float_array><technique_common><accessor source="#BatRig_Reference-visibility-animation-output-array" count="18"><param type="float"/></accessor></technique_common></source><source id="BatRig_Reference-visibility-animation-intan"><float_array id="BatRig_Reference-visibility-animation-intan-array" count="18">

0.000000 0.000000 0.000000 0.000000 0.000000 0.000000 0.000000 0.000000 0.000000 0.000000 0.000000 0.000000 0.000000 0.000000 0.000000 0.000000
0.000000 0.000000</float_array><technique_common><accessor source="#BatRig_Reference-visibility-animation-intan-array" count="18"><param type="float"/></accessor></technique_common></source><source id="BatRig_Reference-visibility-animation-outtan"><float_array id="BatRig_Reference-visibility-animation-outtan-array" count="18">

0.000000 0.000000 0.000000 0.000000 0.000000 0.000000 0.000000 0.000000 0.000000 0.000000 0.000000 0.000000 0.000000 0.000000 0.000000 0.000000
0.000000 0.000000</float_array><technique_common><accessor source="#BatRig_Reference-visibility-animation-outtan-array" count="18"><param type="float"/></accessor></technique_common></source><source id="BatRig_Reference-visibility-animation-interpolation"><Name_array id="BatRig_Reference-visibility-animation-interpolation-array" count="18">
 STEP STEP STEP STEP STEP STEP STEP STEP STEP STEP STEP STEP STEP STEP STEP STEP STEP
BEZIER</Name_array><technique_common><accessor source="#BatRig_Reference-visibility-animation-interpolation-array" count="18"><param type="name"/></accessor></technique_common></source><sampler id="BatRig_Reference-visibility-animation"><input semantic="INPUT" source="#BatRig_Reference-visibility-animation-input"/><input semantic="OUTPUT" source="#BatRig_Reference-visibility-animation-output"/><input semantic="IN_TANGENT" source="#BatRig_Reference-visibility-animation-intan"/><input semantic="OUT_TANGENT" source="#BatRig_Reference-visibility-animation-outtan"/><input semantic="INTERPOLATION" source="#BatRig_Reference-visibility-animation-interpolation"/></sampler><channel source="#BatRig_Reference-visibility-animation" target="BatRig_Reference/visibility"/></animation></animation>
    <animation id="BatRig_Hips-anim" name="BatRig_Hips"><animation><source id="BatRig_Hips-Matrix-animation-input"><float_array id="BatRig_Hips-Matrix-animation-input-array" count="18">

0.000000 0.041667 0.083333 0.125000 0.166667 0.208333 0.250000 0.291667 0.333333 0.375000 0.416667 0.458333 0.500000 0.541667 0.583333 0.625000
0.666667 0.708333</float_array><technique_common><accessor source="#BatRig_Hips-Matrix-animation-input-array" count="18"><param name="TIME" type="float"/></accessor></technique_common></source><source id="BatRig_Hips-Matrix-animation-output-transform"><float_array id="BatRig_Hips-Matrix-animation-output-transform-array" count="288">

0.459160 -0.008439 0.888313 0.000000 0.076827 0.996586 -0.030243 71.307899 -0.885025 0.082133 0.458241 0.000000 0.000000 0.000000 0.000000 1.000000
0.459160 -0.008439 0.888313 0.000000 0.076827 0.996586 -0.030243 71.307899 -0.885025 0.082133 0.458241 0.000000 0.000000 0.000000 0.000000 1.000000
0.459160 -0.008439 0.888313 0.000000 0.076827 0.996586 -0.030243 71.307899 -0.885025 0.082133 0.458241 0.000000 0.000000 0.000000 0.000000 1.000000
0.459160 -0.008439 0.888313 0.000000 0.076827 0.996586 -0.030243 71.307899 -0.885025 0.082133 0.458241 0.000000 0.000000 0.000000 0.000000 1.000000
0.459160 -0.008439 0.888313 0.000000 0.076827 0.996586 -0.030243 71.307892 -0.885025 0.082133 0.458241 0.000000 0.000000 0.000000 0.000000 1.000000
0.459160 -0.008439 0.888313 0.000000 0.076827 0.996586 -0.030243 71.307899 -0.885025 0.082133 0.458241 0.000000 0.000000 0.000000 0.000000 1.000000
0.459160 -0.008439 0.888313 0.000000 0.076827 0.996586 -0.030243 71.307899 -0.885025 0.082133 0.458241 0.000000 0.000000 0.000000 0.000000 1.000000
0.459160 -0.008439 0.888313 0.000000 0.076827 0.996586 -0.030243 71.307899 -0.885025 0.082133 0.458241 0.000000 0.000000 0.000000 0.000000 1.000000
0.459160 -0.008439 0.888313 0.000000 0.076827 0.996586 -0.030243 71.307899 -0.885025 0.082133 0.458241 0.000000 0.000000 0.000000 0.000000 1.000000
0.459160 -0.008439 0.888313 0.000000 0.076827 0.996586 -0.030243 71.307899 -0.885025 0.082133 0.458241 0.000000 0.000000 0.000000 0.000000 1.000000
0.459160 -0.008439 0.888313 0.000000 0.076827 0.996586 -0.030243 71.307899 -0.885025 0.082133 0.458241 0.000000 0.000000 0.000000 0.000000 1.000000
0.459139 -0.008439 0.888324 0.000000 0.076831 0.996586 -0.030244 71.307899 -0.885036 0.082137 0.458219 0.000000 0.000000 0.000000 0.000000 1.000000
0.457949 -0.008447 0.888938 0.000000 0.077054 0.996569 -0.030226 71.307869 -0.885633 0.082338 0.457028 0.000000 0.000000 0.000000 0.000000 1.000000
0.455379 -0.008462 0.890258 0.000000 0.077535 0.996532 -0.030188 71.307816 -0.886915 0.082773 0.454456 0.000000 0.000000 0.000000 0.000000 1.000000
0.452647 -0.008480 0.891650 0.000000 0.078046 0.996494 -0.030143 71.307762 -0.888268 0.083234 0.451722 0.000000 0.000000 0.000000 0.000000 1.000000
0.450915 -0.008486 0.892526 0.000000 0.078368 0.996469 -0.030118 71.307724 -0.889120 0.083526 0.449988 0.000000 0.000000 0.000000 0.000000 1.000000
0.451359 -0.008486 0.892302 0.000000 0.078286 0.996475 -0.030123 71.307739 -0.888901 0.083451 0.450433 0.000000 0.000000 0.000000 0.000000 1.000000
0.455156 -0.008465 0.890372 0.000000 0.077577 0.996529 -0.030182 71.307816 -0.887026 0.082810 0.454233 0.000000 0.000000 0.000000 0.000000 1.000000</float_array><technique_common><accessor source="#BatRig_Hips-Matrix-animation-output-transform-array" count="18" stride="16"><param type="float4x4"/></accessor></technique_common></source><source id="BatRig_Hips-Interpolations"><Name_array id="BatRig_Hips-Interpolations-array" count="18">
 LINEAR LINEAR LINEAR LINEAR LINEAR LINEAR LINEAR LINEAR LINEAR LINEAR LINEAR
LINEAR LINEAR LINEAR LINEAR LINEAR LINEAR LINEAR</Name_array><technique_common><accessor source="#BatRig_Hips-Interpolations-array" count="18"><param type="name"/></accessor></technique_common></source><sampler id="BatRig_Hips-Matrix-animation-transform"><input semantic="INPUT" source="#BatRig_Hips-Matrix-animation-input"/><input semantic="OUTPUT" source="#BatRig_Hips-Matrix-animation-output-transform"/><input semantic="INTERPOLATION" source="#BatRig_Hips-Interpolations"/></sampler><channel source="#BatRig_Hips-Matrix-animation-transform" target="BatRig_Hips/matrix"/></animation><animation><source id="BatRig_Hips-visibility-animation-input"><float_array id="BatRig_Hips-visibility-animation-input-array" count="18">

0.000000 0.041667 0.083333 0.125000 0.166667 0.208333 0.250000 0.291667 0.333333 0.375000 0.416667 0.458333 0.500000 0.541667 0.583333 0.625000
0.666667 0.708333</float_array><technique_common><accessor source="#BatRig_Hips-visibility-animation-input-array" count="18"><param name="TIME" type="float"/></accessor></technique_common></source><source id="BatRig_Hips-visibility-animation-output"><float_array id="BatRig_Hips-visibility-animation-output-array" count="18">

1.000000 1.000000 1.000000 1.000000 1.000000 1.000000 1.000000 1.000000 1.000000 1.000000 1.000000 1.000000 1.000000 1.000000 1.000000 1.000000
1.000000 1.000000</float_array><technique_common><accessor source="#BatRig_Hips-visibility-animation-output-array" count="18"><param type="float"/></accessor></technique_common></source><source id="BatRig_Hips-visibility-animation-intan"><float_array id="BatRig_Hips-visibility-animation-intan-array" count="18">

0.000000 0.000000 0.000000 0.000000 0.000000 0.000000 0.000000 0.000000 0.000000 0.000000 0.000000 0.000000 0.000000 0.000000 0.000000 0.000000
0.000000 0.000000</float_array><technique_common><accessor source="#BatRig_Hips-visibility-animation-intan-array" count="18"><param type="float"/></accessor></technique_common></source><source id="BatRig_Hips-visibility-animation-outtan"><float_array id="BatRig_Hips-visibility-animation-outtan-array" count="18">

0.000000 0.000000 0.000000 0.000000 0.000000 0.000000 0.000000 0.000000 0.000000 0.000000 0.000000 0.000000 0.000000 0.000000 0.000000 0.000000
0.000000 0.000000</float_array><technique_common><accessor source="#BatRig_Hips-visibility-animation-outtan-array" count="18"><param type="float"/></accessor></technique_common></source><source id="BatRig_Hips-visibility-animation-interpolation"><Name_array id="BatRig_Hips-visibility-animation-interpolation-array" count="18">
 STEP STEP STEP STEP STEP STEP STEP STEP STEP STEP STEP STEP STEP STEP STEP STEP STEP
BEZIER</Name_array><technique_common><accessor source="#BatRig_Hips-visibility-animation-interpolation-array" count="18"><param type="name"/></accessor></technique_common></source><sampler id="BatRig_Hips-visibility-animation"><input semantic="INPUT" source="#BatRig_Hips-visibility-animation-input"/><input semantic="OUTPUT" source="#BatRig_Hips-visibility-animation-output"/><input semantic="IN_TANGENT" source="#BatRig_Hips-visibility-animation-intan"/><input semantic="OUT_TANGENT" source="#BatRig_Hips-visibility-animation-outtan"/><input semantic="INTERPOLATION" source="#BatRig_Hips-visibility-animation-interpolation"/></sampler><channel source="#BatRig_Hips-visibility-animation" target="BatRig_Hips/visibility"/></animation></animation>
    <animation id="BatRig_Spine-anim" name="BatRig_Spine"><animation><source id="BatRig_Spine-Matrix-animation-input"><float_array id="BatRig_Spine-Matrix-animation-input-array" count="18">

0.000000 0.041667 0.083333 0.125000 0.166667 0.208333 0.250000 0.291667 0.333333 0.375000 0.416667 0.458333 0.500000 0.541667 0.583333 0.625000
0.666667 0.708333</float_array><technique_common><accessor source="#BatRig_Spine-Matrix-animation-input-array" count="18"><param name="TIME" type="float"/></accessor></technique_common></source><source id="BatRig_Spine-Matrix-animation-output-transform"><float_array id="BatRig_Spine-Matrix-animation-output-transform-array" count="288">

0.997956 0.051385 -0.037980 -0.000001 -0.050331 0.998334 0.028216 3.725677 0.039367 -0.026247 0.998880 0.000001 0.000000 0.000000 0.000000 1.000000
0.997957 0.051336 -0.038038 -0.000001 -0.050333 0.998370 0.026883 3.725677 0.039356 -0.024913 0.998915 0.000001 0.000000 0.000000 0.000000 1.000000
0.997957 0.051218 -0.038184 -0.000001 -0.050341 0.998454 0.023585 3.725677 0.039333 -0.021615 0.998993 0.000001 0.000000 0.000000 0.000000 1.000000
0.997958 0.051091 -0.038336 -0.000001 -0.050347 0.998529 0.020131 3.725677 0.039308 -0.018160 0.999062 0.000001 0.000000 0.000000 0.000000 1.000000
0.997958 0.050967 -0.038487 -0.000001 -0.050355 0.998592 0.016699 3.725677 0.039284 -0.014727 0.999119 0.000001 0.000000 0.000000 0.000000 1.000000
0.997959 0.050846 -0.038635 -0.000001 -0.050363 0.998642 0.013371 3.725677 0.039262 -0.011398 0.999164 0.000001 0.000000 0.000000 0.000000 1.000000
0.997959 0.050732 -0.038772 -0.000001 -0.050371 0.998678 0.010228 3.725677 0.039240 -0.008254 0.999196 0.000001 0.000000 0.000000 0.000000 1.000000
0.997960 0.050627 -0.038901 -0.000001 -0.050378 0.998703 0.007348 3.725677 0.039223 -0.005373 0.999216 0.000001 0.000000 0.000000 0.000000 1.000000
0.997960 0.050534 -0.039011 -0.000001 -0.050385 0.998718 0.004806 3.725677 0.039204 -0.002831 0.999228 0.000001 0.000000 0.000000 0.000000 1.000000
0.997960 0.050459 -0.039104 -0.000001 -0.050391 0.998726 0.002721 3.725677 0.039191 -0.000745 0.999231 0.000001 0.000000 0.000000 0.000000 1.000000
0.997961 0.050404 -0.039168 -0.000001 -0.050394 0.998728 0.001243 3.725677 0.039181 0.000733 0.999232 0.000001 0.000000 0.000000 0.000000 1.000000
0.997961 0.050385 -0.039193 -0.000001 -0.050397 0.998729 0.000694 3.725677 0.039178 0.001283 0.999231 0.000001 0.000000 0.000000 0.000000 1.000000
0.997960 0.050512 -0.039039 -0.000001 -0.050387 0.998721 0.004187 3.725677 0.039201 -0.002211 0.999229 0.000001 0.000000 0.000000 0.000000 1.000000
0.997958 0.050912 -0.038553 -0.000001 -0.050358 0.998616 0.015205 3.725677 0.039274 -0.013233 0.999141 0.000001 0.000000 0.000000 0.000000 1.000000
0.997957 0.051185 -0.038224 -0.000001 -0.050342 0.998474 0.022692 3.725677 0.039327 -0.020721 0.999012 0.000001 0.000000 0.000000 0.000000 1.000000
0.997957 0.051321 -0.038057 -0.000001 -0.050334 0.998383 0.026445 3.725677 0.039353 -0.024475 0.998925 0.000001 0.000000 0.000000 0.000000 1.000000
0.997956 0.051390 -0.037975 -0.000001 -0.050331 0.998331 0.028328 3.725677 0.039367 -0.026359 0.998877 0.000001 0.000000 0.000000 0.000000 1.000000
0.997956 0.051418 -0.037940 -0.000001 -0.050329 0.998308 0.029110 3.725677 0.039373 -0.027141 0.998856 0.000001 0.000000 0.000000 0.000000 1.000000</float_array><technique_common><accessor source="#BatRig_Spine-Matrix-animation-output-transform-array" count="18" stride="16"><param type="float4x4"/></accessor></technique_common></source><source id="BatRig_Spine-Interpolations"><Name_array id="BatRig_Spine-Interpolations-array" count="18">
 LINEAR LINEAR LINEAR LINEAR LINEAR LINEAR LINEAR LINEAR LINEAR LINEAR LINEAR
LINEAR LINEAR LINEAR LINEAR LINEAR LINEAR LINEAR</Name_array><technique_common><accessor source="#BatRig_Spine-Interpolations-array" count="18"><param type="name"/></accessor></technique_common></source><sampler id="BatRig_Spine-Matrix-animation-transform"><input semantic="INPUT" source="#BatRig_Spine-Matrix-animation-input"/><input semantic="OUTPUT" source="#BatRig_Spine-Matrix-animation-output-transform"/><input semantic="INTERPOLATION" source="#BatRig_Spine-Interpolations"/></sampler><channel source="#BatRig_Spine-Matrix-animation-transform" target="BatRig_Spine/matrix"/></animation><animation><source id="BatRig_Spine-visibility-animation-input"><float_array id="BatRig_Spine-visibility-animation-input-array" count="18">

0.000000 0.041667 0.083333 0.125000 0.166667 0.208333 0.250000 0.291667 0.333333 0.375000 0.416667 0.458333 0.500000 0.541667 0.583333 0.625000
0.666667 0.708333</float_array><technique_common><accessor source="#BatRig_Spine-visibility-animation-input-array" count="18"><param name="TIME" type="float"/></accessor></technique_common></source><source id="BatRig_Spine-visibility-animation-output"><float_array id="BatRig_Spine-visibility-animation-output-array" count="18">

1.000000 1.000000 1.000000 1.000000 1.000000 1.000000 1.000000 1.000000 1.000000 1.000000 1.000000 1.000000 1.000000 1.000000 1.000000 1.000000
1.000000 1.000000</float_array><technique_common><accessor source="#BatRig_Spine-visibility-animation-output-array" count="18"><param type="float"/></accessor></technique_common></source><source id="BatRig_Spine-visibility-animation-intan"><float_array id="BatRig_Spine-visibility-animation-intan-array" count="18">

0.000000 0.000000 0.000000 0.000000 0.000000 0.000000 0.000000 0.000000 0.000000 0.000000 0.000000 0.000000 0.000000 0.000000 0.000000 0.000000
0.000000 0.000000</float_array><technique_common><accessor source="#BatRig_Spine-visibility-animation-intan-array" count="18"><param type="float"/></accessor></technique_common></source><source id="BatRig_Spine-visibility-animation-outtan"><float_array id="BatRig_Spine-visibility-animation-outtan-array" count="18">

0.000000 0.000000 0.000000 0.000000 0.000000 0.000000 0.000000 0.000000 0.000000 0.000000 0.000000 0.000000 0.000000 0.000000 0.000000 0.000000
0.000000 0.000000</float_array><technique_common><accessor source="#BatRig_Spine-visibility-animation-outtan-array" count="18"><param type="float"/></accessor></technique_common></source><source id="BatRig_Spine-visibility-animation-interpolation"><Name_array id="BatRig_Spine-visibility-animation-interpolation-array" count="18">
 STEP STEP STEP STEP STEP STEP STEP STEP STEP STEP STEP STEP STEP STEP STEP STEP STEP
BEZIER</Name_array><technique_common><accessor source="#BatRig_Spine-visibility-animation-interpolation-array" count="18"><param type="name"/></accessor></technique_common></source><sampler id="BatRig_Spine-visibility-animation"><input semantic="INPUT" source="#BatRig_Spine-visibility-animation-input"/><input semantic="OUTPUT" source="#BatRig_Spine-visibility-animation-output"/><input semantic="IN_TANGENT" source="#BatRig_Spine-visibility-animation-intan"/><input semantic="OUT_TANGENT" source="#BatRig_Spine-visibility-animation-outtan"/><input semantic="INTERPOLATION" source="#BatRig_Spine-visibility-animation-interpolation"/></sampler><channel source="#BatRig_Spine-visibility-animation" target="BatRig_Spine/visibility"/></animation></animation>
    <animation id="BatRig_Spine1-anim" name="BatRig_Spine1"><animation><source id="BatRig_Spine1-Matrix-animation-input"><float_array id="BatRig_Spine1-Matrix-animation-input-array" count="18">

0.000000 0.041667 0.083333 0.125000 0.166667 0.208333 0.250000 0.291667 0.333333 0.375000 0.416667 0.458333 0.500000 0.541667 0.583333 0.625000
0.666667 0.708333</float_array><technique_common><accessor source="#BatRig_Spine1-Matrix-animation-input-array" count="18"><param name="TIME" type="float"/></accessor></technique_common></source><source id="BatRig_Spine1-Matrix-animation-output-transform"><float_array id="BatRig_Spine1-Matrix-animation-output-transform-array" count="288">

0.999985 -0.002766 0.004766 0.000002 0.003208 0.995434 -0.095394 10.999832 -0.004480 0.095408 0.995428 -0.000003 0.000000 0.000000 0.000000 1.000000
0.999985 -0.002769 0.004759 0.000002 0.003206 0.995535 -0.094337 10.999832 -0.004477 0.094351 0.995529 -0.000003 0.000000 0.000000 0.000000 1.000000
0.999985 -0.002778 0.004744 0.000002 0.003201 0.995780 -0.091719 10.999832 -0.004469 0.091733 0.995773 -0.000003 0.000000 0.000000 0.000000 1.000000
0.999985 -0.002786 0.004727 0.000002 0.003196 0.996029 -0.088977 10.999832 -0.004460 0.088991 0.996023 -0.000003 0.000000 0.000000 0.000000 1.000000
0.999985 -0.002794 0.004711 0.000002 0.003190 0.996268 -0.086251 10.999832 -0.004452 0.086265 0.996262 -0.000003 0.000000 0.000000 0.000000 1.000000
0.999985 -0.002802 0.004695 0.000002 0.003185 0.996494 -0.083609 10.999832 -0.004444 0.083623 0.996488 -0.000003 0.000000 0.000000 0.000000 1.000000
0.999985 -0.002810 0.004679 0.000002 0.003180 0.996700 -0.081112 10.999832 -0.004436 0.081126 0.996694 -0.000003 0.000000 0.000000 0.000000 1.000000
0.999985 -0.002817 0.004666 0.000002 0.003176 0.996884 -0.078825 10.999832 -0.004429 0.078839 0.996878 -0.000003 0.000000 0.000000 0.000000 1.000000
0.999985 -0.002823 0.004654 0.000002 0.003172 0.997041 -0.076805 10.999832 -0.004423 0.076819 0.997035 -0.000003 0.000000 0.000000 0.000000 1.000000
0.999985 -0.002828 0.004643 0.000002 0.003169 0.997167 -0.075149 10.999832 -0.004417 0.075163 0.997161 -0.000003 0.000000 0.000000 0.000000 1.000000
0.999985 -0.002832 0.004636 0.000002 0.003167 0.997255 -0.073974 10.999832 -0.004414 0.073988 0.997249 -0.000003 0.000000 0.000000 0.000000 1.000000
0.999985 -0.002833 0.004633 0.000002 0.003166 0.997287 -0.073537 10.999832 -0.004412 0.073551 0.997281 -0.000003 0.000000 0.000000 0.000000 1.000000
0.999985 -0.002824 0.004650 0.000002 0.003171 0.997079 -0.076313 10.999832 -0.004421 0.076327 0.997073 -0.000003 0.000000 0.000000 0.000000 1.000000
0.999985 -0.002798 0.004703 0.000002 0.003188 0.996370 -0.085066 10.999832 -0.004448 0.085080 0.996364 -0.000003 0.000000 0.000000 0.000000 1.000000
0.999985 -0.002780 0.004740 0.000002 0.003200 0.995845 -0.091009 10.999832 -0.004467 0.091023 0.995839 -0.000003 0.000000 0.000000 0.000000 1.000000
0.999985 -0.002771 0.004758 0.000002 0.003206 0.995568 -0.093989 10.999832 -0.004476 0.094003 0.995562 -0.000003 0.000000 0.000000 0.000000 1.000000
0.999985 -0.002766 0.004766 0.000002 0.003208 0.995426 -0.095483 10.999832 -0.004480 0.095497 0.995419 -0.000003 0.000000 0.000000 0.000000 1.000000
0.999985 -0.002764 0.004770 0.000002 0.003210 0.995366 -0.096104 10.999832 -0.004482 0.096118 0.995360 -0.000003 0.000000 0.000000 0.000000 1.000000</float_array><technique_common><accessor source="#BatRig_Spine1-Matrix-animation-output-transform-array" count="18" stride="16"><param type="float4x4"/></accessor></technique_common></source><source id="BatRig_Spine1-Interpolations"><Name_array id="BatRig_Spine1-Interpolations-array" count="18">
 LINEAR LINEAR LINEAR LINEAR LINEAR LINEAR LINEAR LINEAR LINEAR LINEAR LINEAR
LINEAR LINEAR LINEAR LINEAR LINEAR LINEAR LINEAR</Name_array><technique_common><accessor source="#BatRig_Spine1-Interpolations-array" count="18"><param type="name"/></accessor></technique_common></source><sampler id="BatRig_Spine1-Matrix-animation-transform"><input semantic="INPUT" source="#BatRig_Spine1-Matrix-animation-input"/><input semantic="OUTPUT" source="#BatRig_Spine1-Matrix-animation-output-transform"/><input semantic="INTERPOLATION" source="#BatRig_Spine1-Interpolations"/></sampler><channel source="#BatRig_Spine1-Matrix-animation-transform" target="BatRig_Spine1/matrix"/></animation><animation><source id="BatRig_Spine1-visibility-animation-input"><float_array id="BatRig_Spine1-visibility-animation-input-array" count="18">

0.000000 0.041667 0.083333 0.125000 0.166667 0.208333 0.250000 0.291667 0.333333 0.375000 0.416667 0.458333 0.500000 0.541667 0.583333 0.625000
0.666667 0.708333</float_array><technique_common><accessor source="#BatRig_Spine1-visibility-animation-input-array" count="18"><param name="TIME" type="float"/></accessor></technique_common></source><source id="BatRig_Spine1-visibility-animation-output"><float_array id="BatRig_Spine1-visibility-animation-output-array" count="18">

1.000000 1.000000 1.000000 1.000000 1.000000 1.000000 1.000000 1.000000 1.000000 1.000000 1.000000 1.000000 1.000000 1.000000 1.000000 1.000000
1.000000 1.000000</float_array><technique_common><accessor source="#BatRig_Spine1-visibility-animation-output-array" count="18"><param type="float"/></accessor></technique_common></source><source id="BatRig_Spine1-visibility-animation-intan"><float_array id="BatRig_Spine1-visibility-animation-intan-array" count="18">

0.000000 0.000000 0.000000 0.000000 0.000000 0.000000 0.000000 0.000000 0.000000 0.000000 0.000000 0.000000 0.000000 0.000000 0.000000 0.000000
0.000000 0.000000</float_array><technique_common><accessor source="#BatRig_Spine1-visibility-animation-intan-array" count="18"><param type="float"/></accessor></technique_common></source><source id="BatRig_Spine1-visibility-animation-outtan"><float_array id="BatRig_Spine1-visibility-animation-outtan-array" count="18">

0.000000 0.000000 0.000000 0.000000 0.000000 0.000000 0.000000 0.000000 0.000000 0.000000 0.000000 0.000000 0.000000 0.000000 0.000000 0.000000
0.000000 0.000000</float_array><technique_common><accessor source="#BatRig_Spine1-visibility-animation-outtan-array" count="18"><param type="float"/></accessor></technique_common></source><source id="BatRig_Spine1-visibility-animation-interpolation"><Name_array id="BatRig_Spine1-visibility-animation-interpolation-array" count="18">
 STEP STEP STEP STEP STEP STEP STEP STEP STEP STEP STEP STEP STEP STEP STEP STEP STEP
BEZIER</Name_array><technique_common><accessor source="#BatRig_Spine1-visibility-animation-interpolation-array" count="18"><param type="name"/></accessor></technique_common></source><sampler id="BatRig_Spine1-visibility-animation"><input semantic="INPUT" source="#BatRig_Spine1-visibility-animation-input"/><input semantic="OUTPUT" source="#BatRig_Spine1-visibility-animation-output"/><input semantic="IN_TANGENT" source="#BatRig_Spine1-visibility-animation-intan"/><input semantic="OUT_TANGENT" source="#BatRig_Spine1-visibility-animation-outtan"/><input semantic="INTERPOLATION" source="#BatRig_Spine1-visibility-animation-interpolation"/></sampler><channel source="#BatRig_Spine1-visibility-animation" target="BatRig_Spine1/visibility"/></animation></animation>
    <animation id="BatRig_Spine2-anim" name="BatRig_Spine2"><animation><source id="BatRig_Spine2-Matrix-animation-input"><float_array id="BatRig_Spine2-Matrix-animation-input-array" count="18">

0.000000 0.041667 0.083333 0.125000 0.166667 0.208333 0.250000 0.291667 0.333333 0.375000 0.416667 0.458333 0.500000 0.541667 0.583333 0.625000
0.666667 0.708333</float_array><technique_common><accessor source="#BatRig_Spine2-Matrix-animation-input-array" count="18"><param name="TIME" type="float"/></accessor></technique_common></source><source id="BatRig_Spine2-Matrix-animation-output-transform"><float_array id="BatRig_Spine2-Matrix-animation-output-transform-array" count="288">

0.999998 -0.000539 -0.002043 0.000000 0.000346 0.995632 -0.093359 11.776703 0.002084 0.093358 0.995630 0.000004 0.000000 0.000000 0.000000 1.000000
0.999998 -0.000537 -0.002046 0.000000 0.000346 0.995731 -0.092301 11.776703 0.002087 0.092300 0.995729 0.000004 0.000000 0.000000 0.000000 1.000000
0.999998 -0.000534 -0.002055 0.000000 0.000348 0.995970 -0.089682 11.776703 0.002095 0.089681 0.995968 0.000004 0.000000 0.000000 0.000000 1.000000
0.999998 -0.000530 -0.002065 0.000000 0.000348 0.996213 -0.086940 11.776703 0.002103 0.086939 0.996211 0.000004 0.000000 0.000000 0.000000 1.000000
0.999998 -0.000526 -0.002073 0.000000 0.000350 0.996447 -0.084214 11.776703 0.002110 0.084213 0.996445 0.000004 0.000000 0.000000 0.000000 1.000000
0.999998 -0.000523 -0.002082 -0.000000 0.000351 0.996667 -0.081571 11.776703 0.002118 0.081570 0.996665 0.000004 0.000000 0.000000 0.000000 1.000000
0.999998 -0.000519 -0.002092 -0.000000 0.000352 0.996869 -0.079074 11.776703 0.002126 0.079073 0.996867 0.000004 0.000000 0.000000 0.000000 1.000000
0.999998 -0.000517 -0.002099 0.000000 0.000354 0.997047 -0.076786 11.776703 0.002132 0.076785 0.997045 0.000004 0.000000 0.000000 0.000000 1.000000
0.999998 -0.000514 -0.002105 0.000000 0.000355 0.997201 -0.074766 11.776703 0.002138 0.074765 0.997199 0.000004 0.000000 0.000000 0.000000 1.000000
0.999998 -0.000511 -0.002111 0.000000 0.000355 0.997324 -0.073109 11.776703 0.002143 0.073108 0.997321 0.000004 0.000000 0.000000 0.000000 1.000000
0.999998 -0.000509 -0.002115 0.000000 0.000356 0.997409 -0.071935 11.776703 0.002146 0.071934 0.997407 0.000004 0.000000 0.000000 0.000000 1.000000
0.999998 -0.000509 -0.002116 -0.000000 0.000356 0.997441 -0.071498 11.776703 0.002147 0.071497 0.997439 0.000004 0.000000 0.000000 0.000000 1.000000
0.999998 -0.000513 -0.002108 0.000000 0.000355 0.997238 -0.074274 11.776703 0.002140 0.074273 0.997236 0.000004 0.000000 0.000000 0.000000 1.000000
0.999998 -0.000525 -0.002078 0.000000 0.000351 0.996547 -0.083029 11.776703 0.002114 0.083028 0.996545 0.000004 0.000000 0.000000 0.000000 1.000000
0.999998 -0.000532 -0.002058 0.000000 0.000347 0.996034 -0.088973 11.776703 0.002097 0.088972 0.996032 0.000004 0.000000 0.000000 0.000000 1.000000
0.999998 -0.000538 -0.002047 0.000000 0.000347 0.995763 -0.091953 11.776703 0.002088 0.091952 0.995762 0.000004 0.000000 0.000000 0.000000 1.000000
0.999998 -0.000539 -0.002043 0.000000 0.000346 0.995624 -0.093447 11.776703 0.002084 0.093446 0.995623 0.000004 0.000000 0.000000 0.000000 1.000000
0.999998 -0.000539 -0.002040 0.000000 0.000345 0.995566 -0.094068 11.776703 0.002082 0.094067 0.995564 0.000004 0.000000 0.000000 0.000000 1.000000</float_array><technique_common><accessor source="#BatRig_Spine2-Matrix-animation-output-transform-array" count="18" stride="16"><param type="float4x4"/></accessor></technique_common></source><source id="BatRig_Spine2-Interpolations"><Name_array id="BatRig_Spine2-Interpolations-array" count="18">
 LINEAR LINEAR LINEAR LINEAR LINEAR LINEAR LINEAR LINEAR LINEAR LINEAR LINEAR
LINEAR LINEAR LINEAR LINEAR LINEAR LINEAR LINEAR</Name_array><technique_common><accessor source="#BatRig_Spine2-Interpolations-array" count="18"><param type="name"/></accessor></technique_common></source><sampler id="BatRig_Spine2-Matrix-animation-transform"><input semantic="INPUT" source="#BatRig_Spine2-Matrix-animation-input"/><input semantic="OUTPUT" source="#BatRig_Spine2-Matrix-animation-output-transform"/><input semantic="INTERPOLATION" source="#BatRig_Spine2-Interpolations"/></sampler><channel source="#BatRig_Spine2-Matrix-animation-transform" target="BatRig_Spine2/matrix"/></animation><animation><source id="BatRig_Spine2-visibility-animation-input"><float_array id="BatRig_Spine2-visibility-animation-input-array" count="18">

0.000000 0.041667 0.083333 0.125000 0.166667 0.208333 0.250000 0.291667 0.333333 0.375000 0.416667 0.458333 0.500000 0.541667 0.583333 0.625000
0.666667 0.708333</float_array><technique_common><accessor source="#BatRig_Spine2-visibility-animation-input-array" count="18"><param name="TIME" type="float"/></accessor></technique_common></source><source id="BatRig_Spine2-visibility-animation-output"><float_array id="BatRig_Spine2-visibility-animation-output-array" count="18">

1.000000 1.000000 1.000000 1.000000 1.000000 1.000000 1.000000 1.000000 1.000000 1.000000 1.000000 1.000000 1.000000 1.000000 1.000000 1.000000
1.000000 1.000000</float_array><technique_common><accessor source="#BatRig_Spine2-visibility-animation-output-array" count="18"><param type="float"/></accessor></technique_common></source><source id="BatRig_Spine2-visibility-animation-intan"><float_array id="BatRig_Spine2-visibility-animation-intan-array" count="18">

0.000000 0.000000 0.000000 0.000000 0.000000 0.000000 0.000000 0.000000 0.000000 0.000000 0.000000 0.000000 0.000000 0.000000 0.000000 0.000000
0.000000 0.000000</float_array><technique_common><accessor source="#BatRig_Spine2-visibility-animation-intan-array" count="18"><param type="float"/></accessor></technique_common></source><source id="BatRig_Spine2-visibility-animation-outtan"><float_array id="BatRig_Spine2-visibility-animation-outtan-array" count="18">

0.000000 0.000000 0.000000 0.000000 0.000000 0.000000 0.000000 0.000000 0.000000 0.000000 0.000000 0.000000 0.000000 0.000000 0.000000 0.000000
0.000000 0.000000</float_array><technique_common><accessor source="#BatRig_Spine2-visibility-animation-outtan-array" count="18"><param type="float"/></accessor></technique_common></source><source id="BatRig_Spine2-visibility-animation-interpolation"><Name_array id="BatRig_Spine2-visibility-animation-interpolation-array" count="18">
 STEP STEP STEP STEP STEP STEP STEP STEP STEP STEP STEP STEP STEP STEP STEP STEP STEP
BEZIER</Name_array><technique_common><accessor source="#BatRig_Spine2-visibility-animation-interpolation-array" count="18"><param type="name"/></accessor></technique_common></source><sampler id="BatRig_Spine2-visibility-animation"><input semantic="INPUT" source="#BatRig_Spine2-visibility-animation-input"/><input semantic="OUTPUT" source="#BatRig_Spine2-visibility-animation-output"/><input semantic="IN_TANGENT" source="#BatRig_Spine2-visibility-animation-intan"/><input semantic="OUT_TANGENT" source="#BatRig_Spine2-visibility-animation-outtan"/><input semantic="INTERPOLATION" source="#BatRig_Spine2-visibility-animation-interpolation"/></sampler><channel source="#BatRig_Spine2-visibility-animation" target="BatRig_Spine2/visibility"/></animation></animation>
    <animation id="BatRig_Spine3-anim" name="BatRig_Spine3"><animation><source id="BatRig_Spine3-Matrix-animation-input"><float_array id="BatRig_Spine3-Matrix-animation-input-array" count="18">

0.000000 0.041667 0.083333 0.125000 0.166667 0.208333 0.250000 0.291667 0.333333 0.375000 0.416667 0.458333 0.500000 0.541667 0.583333 0.625000
0.666667 0.708333</float_array><technique_common><accessor source="#BatRig_Spine3-Matrix-animation-input-array" count="18"><param name="TIME" type="float"/></accessor></technique_common></source><source id="BatRig_Spine3-Matrix-animation-output-transform"><float_array id="BatRig_Spine3-Matrix-animation-output-transform-array" count="288">

0.999997 -0.002426 0.000965 0.000001 0.002504 0.995828 -0.091220 13.030716 -0.000740 0.091222 0.995830 -1.061704 0.000000 0.000000 0.000000 1.000000
0.999997 -0.002427 0.000962 0.000001 0.002504 0.995924 -0.090162 13.030716 -0.000739 0.090164 0.995927 -1.061704 0.000000 0.000000 0.000000 1.000000
0.999997 -0.002430 0.000954 0.000001 0.002504 0.996157 -0.087543 13.030716 -0.000738 0.087545 0.996160 -1.061704 0.000000 0.000000 0.000000 1.000000
0.999997 -0.002432 0.000948 0.000001 0.002504 0.996395 -0.084800 13.030716 -0.000738 0.084802 0.996398 -1.061704 0.000000 0.000000 0.000000 1.000000
0.999997 -0.002435 0.000940 0.000001 0.002504 0.996623 -0.082074 13.030716 -0.000737 0.082076 0.996626 -1.061704 0.000000 0.000000 0.000000 1.000000
0.999997 -0.002438 0.000932 0.000001 0.002504 0.996837 -0.079430 13.030716 -0.000735 0.079432 0.996840 -1.061704 0.000000 0.000000 0.000000 1.000000
0.999997 -0.002439 0.000925 0.000001 0.002503 0.997033 -0.076933 13.030716 -0.000735 0.076935 0.997036 -1.061704 0.000000 0.000000 0.000000 1.000000
0.999997 -0.002441 0.000919 0.000001 0.002503 0.997207 -0.074645 13.030716 -0.000734 0.074647 0.997210 -1.061704 0.000000 0.000000 0.000000 1.000000
0.999997 -0.002443 0.000914 0.000001 0.002503 0.997356 -0.072624 13.030716 -0.000734 0.072626 0.997359 -1.061704 0.000000 0.000000 0.000000 1.000000
0.999997 -0.002445 0.000909 0.000001 0.002503 0.997476 -0.070967 13.030716 -0.000733 0.070969 0.997478 -1.061704 0.000000 0.000000 0.000000 1.000000
0.999997 -0.002447 0.000905 0.000001 0.002504 0.997559 -0.069792 13.030716 -0.000732 0.069794 0.997561 -1.061704 0.000000 0.000000 0.000000 1.000000
0.999997 -0.002447 0.000904 0.000001 0.002504 0.997589 -0.069356 13.030716 -0.000732 0.069358 0.997592 -1.061704 0.000000 0.000000 0.000000 1.000000
0.999997 -0.002444 0.000912 0.000001 0.002503 0.997392 -0.072132 13.030716 -0.000733 0.072134 0.997394 -1.061704 0.000000 0.000000 0.000000 1.000000
0.999997 -0.002436 0.000936 0.000001 0.002504 0.996720 -0.080888 13.030716 -0.000736 0.080890 0.996722 -1.061704 0.000000 0.000000 0.000000 1.000000
0.999997 -0.002430 0.000954 0.000001 0.002504 0.996220 -0.086834 13.030716 -0.000739 0.086836 0.996222 -1.061704 0.000000 0.000000 0.000000 1.000000
0.999997 -0.002428 0.000961 0.000001 0.002504 0.995956 -0.089814 13.030716 -0.000739 0.089816 0.995958 -1.061704 0.000000 0.000000 0.000000 1.000000
0.999997 -0.002426 0.000966 0.000001 0.002504 0.995820 -0.091309 13.030716 -0.000740 0.091311 0.995822 -1.061704 0.000000 0.000000 0.000000 1.000000
