<?xml version="1.0" encoding="utf-8"?>
<COLLADA xmlns="http://www.collada.org/2005/11/COLLADASchema" version="1.4.1">
  <asset><contributor><author></author><authoring_tool>FBX COLLADA exporter</authoring_tool><comments></comments></contributor><created>2018-01-07T21:10:48Z</created><keywords></keywords><modified>2018-01-07T21:10:48Z</modified><revision></revision><subject></subject><title></title><unit meter="0.010000" name="centimeter"></unit><up_axis>Y_UP</up_axis></asset>
  <library_animations>
    <animation id="Batsy_Reference-anim" name="Batsy_Reference"><animation><source id="Batsy_Reference-Matrix-animation-input"><float_array id="Batsy_Reference-Matrix-animation-input-array" count="43">

0.000000 0.041667 0.083333 0.125000 0.166667 0.208333 0.250000 0.291667 0.333333 0.375000 0.416667 0.458333 0.500000 0.541667 0.583333 0.625000
0.666667 0.708333 0.750000 0.791667 0.833333 0.875000 0.916667 0.958333 1.000000 1.041667 1.083333 1.125000 1.166667 1.208333 1.250000 1.291667
1.333333 1.375000 1.416667 1.458333 1.500000 1.541667 1.583333 1.625000 1.666667 1.708333 1.750000</float_array><technique_common><accessor source="#Batsy_Reference-Matrix-animation-input-array" count="43"><param name="TIME" type="float"/></accessor></technique_common></source><source id="Batsy_Reference-Matrix-animation-output-transform"><float_array id="Batsy_Reference-Matrix-animation-output-transform-array" count="688">

1.000000 0.000000 0.000000 0.493327 0.000000 1.000000 0.000000 0.000000 0.000000 0.000000 1.000000 0.758584 0.000000 0.000000 0.000000 1.000000
1.000000 0.000000 0.000000 -2.464053 0.000000 1.000000 0.000000 0.000000 0.000000 0.000000 1.000000 -14.979166 0.000000 0.000000 0.000000 1.000000
1.000000 0.000000 0.000000 -8.247579 0.000000 1.000000 0.000000 0.000000 0.000000 0.000000 1.000000 -41.306061 0.000000 0.000000 0.000000 1.000000
1.000000 0.000000 0.000000 -12.884855 0.000000 1.000000 0.000000 0.000000 0.000000 0.000000 1.000000 -64.294563 0.000000 0.000000 0.000000 1.000000
1.000000 0.000000 0.000000 -16.580107 0.000000 1.000000 0.000000 0.000000 0.000000 0.000000 1.000000 -80.337288 0.000000 0.000000 0.000000 1.000000
1.000000 0.000000 0.000000 -17.709763 0.000000 1.000000 0.000000 0.000000 0.000000 0.000000 1.000000 -91.418541 0.000000 0.000000 0.000000 1.000000
1.000000 0.000000 0.000000 -16.930561 0.000000 1.000000 0.000000 0.000000 0.000000 0.000000 1.000000 -100.585716 0.000000 0.000000 0.000000 1.000000
1.000000 0.000000 0.000000 -15.687072 0.000000 1.000000 0.000000 0.000000 0.000000 0.000000 1.000000 -108.837257 0.000000 0.000000 0.000000 1.000000
1.000000 0.000000 0.000000 -15.463646 0.000000 1.000000 0.000000 0.000000 0.000000 0.000000 1.000000 -116.138275 0.000000 0.000000 0.000000 1.000000
1.000000 0.000000 0.000000 -15.457634 0.000000 1.000000 0.000000 0.000000 0.000000 0.000000 1.000000 -122.857040 0.000000 0.000000 0.000000 1.000000
1.000000 0.000000 0.000000 -15.806728 0.000000 1.000000 0.000000 0.000000 0.000000 0.000000 1.000000 -128.880646 0.000000 0.000000 0.000000 1.000000
1.000000 0.000000 0.000000 -16.708323 0.000000 1.000000 0.000000 0.000000 0.000000 0.000000 1.000000 -134.349487 0.000000 0.000000 0.000000 1.000000
1.000000 0.000000 0.000000 -17.804695 0.000000 1.000000 0.000000 0.000000 0.000000 0.000000 1.000000 -137.000122 0.000000 0.000000 0.000000 1.000000
1.000000 0.000000 0.000000 -17.787594 0.000000 1.000000 0.000000 0.000000 0.000000 0.000000 1.000000 -138.842331 0.000000 0.000000 0.000000 1.000000
1.000000 0.000000 0.000000 -16.364424 0.000000 1.000000 0.000000 0.000000 0.000000 0.000000 1.000000 -141.111725 0.000000 0.000000 0.000000 1.000000
1.000000 0.000000 0.000000 -13.705331 0.000000 1.000000 0.000000 0.000000 0.000000 0.000000 1.000000 -142.586121 0.000000 0.000000 0.000000 1.000000
1.000000 0.000000 0.000000 -9.927694 0.000000 1.000000 0.000000 0.000000 0.000000 0.000000 1.000000 -143.955994 0.000000 0.000000 0.000000 1.000000
1.000000 0.000000 0.000000 -5.523778 0.000000 1.000000 0.000000 0.000000 0.000000 0.000000 1.000000 -143.271881 0.000000 0.000000 0.000000 1.000000
1.000000 0.000000 0.000000 -1.935546 0.000000 1.000000 0.000000 0.000000 0.000000 0.000000 1.000000 -138.261566 0.000000 0.000000 0.000000 1.000000
1.000000 0.000000 0.000000 -0.887561 0.000000 1.000000 0.000000 0.000000 0.000000 0.000000 1.000000 -132.118118 0.000000 0.000000 0.000000 1.000000
1.000000 0.000000 0.000000 -0.557841 0.000000 1.000000 0.000000 0.000000 0.000000 0.000000 1.000000 -131.089417 0.000000 0.000000 0.000000 1.000000
1.000000 0.000000 0.000000 1.229313 0.000000 1.000000 0.000000 0.000000 0.000000 0.000000 1.000000 -130.572525 0.000000 0.000000 0.000000 1.000000
1.000000 0.000000 0.000000 3.394157 0.000000 1.000000 0.000000 0.000000 0.000000 0.000000 1.000000 -130.883499 0.000000 0.000000 0.000000 1.000000
1.000000 0.000000 0.000000 5.591558 0.000000 1.000000 0.000000 0.000000 0.000000 0.000000 1.000000 -131.115356 0.000000 0.000000 0.000000 1.000000
1.000000 0.000000 0.000000 8.325486 0.000000 1.000000 0.000000 0.000000 0.000000 0.000000 1.000000 -131.366821 0.000000 0.000000 0.000000 1.000000
1.000000 0.000000 0.000000 11.088926 0.000000 1.000000 0.000000 0.000000 0.000000 0.000000 1.000000 -131.820938 0.000000 0.000000 0.000000 1.000000
1.000000 0.000000 0.000000 13.342530 0.000000 1.000000 0.000000 0.000000 0.000000 0.000000 1.000000 -132.208618 0.000000 0.000000 0.000000 1.000000
1.000000 0.000000 0.000000 14.616589 0.000000 1.000000 0.000000 0.000000 0.000000 0.000000 1.000000 -132.351151 0.000000 0.000000 0.000000 1.000000
1.000000 0.000000 0.000000 15.160916 0.000000 1.000000 0.000000 0.000000 0.000000 0.000000 1.000000 -132.363876 0.000000 0.000000 0.000000 1.000000
1.000000 0.000000 0.000000 14.514643 0.000000 1.000000 0.000000 0.000000 0.000000 0.000000 1.000000 -132.413834 0.000000 0.000000 0.000000 1.000000
1.000000 0.000000 0.000000 12.882503 0.000000 1.000000 0.000000 0.000000 0.000000 0.000000 1.000000 -132.506927 0.000000 0.000000 0.000000 1.000000
1.000000 0.000000 0.000000 10.792244 0.000000 1.000000 0.000000 0.000000 0.000000 0.000000 1.000000 -132.602493 0.000000 0.000000 0.000000 1.000000
1.000000 0.000000 0.000000 8.470831 0.000000 1.000000 0.000000 0.000000 0.000000 0.000000 1.000000 -132.673599 0.000000 0.000000 0.000000 1.000000
1.000000 0.000000 0.000000 6.176801 0.000000 1.000000 0.000000 0.000000 0.000000 0.000000 1.000000 -132.515106 0.000000 0.000000 0.000000 1.000000
1.000000 0.000000 0.000000 4.127386 0.000000 1.000000 0.000000 0.000000 0.000000 0.000000 1.000000 -132.329865 0.000000 0.000000 0.000000 1.000000
1.000000 0.000000 0.000000 2.655852 0.000000 1.000000 0.000000 0.000000 0.000000 0.000000 1.000000 -132.209091 0.000000 0.000000 0.000000 1.000000
1.000000 0.000000 0.000000 1.816633 0.000000 1.000000 0.000000 0.000000 0.000000 0.000000 1.000000 -132.123993 0.000000 0.000000 0.000000 1.000000
1.000000 0.000000 0.000000 1.131729 0.000000 1.000000 0.000000 0.000000 0.000000 0.000000 1.000000 -132.070404 0.000000 0.000000 0.000000 1.000000
1.000000 0.000000 0.000000 0.990275 0.000000 1.000000 0.000000 0.000000 0.000000 0.000000 1.000000 -131.952011 0.000000 0.000000 0.000000 1.000000
1.000000 0.000000 0.000000 0.985984 0.000000 1.000000 0.000000 0.000000 0.000000 0.000000 1.000000 -132.024094 0.000000 0.000000 0.000000 1.000000
1.000000 0.000000 0.000000 1.179256 0.000000 1.000000 0.000000 0.000000 0.000000 0.000000 1.000000 -132.215652 0.000000 0.000000 0.000000 1.000000
1.000000 0.000000 0.000000 1.428742 0.000000 1.000000 0.000000 0.000000 0.000000 0.000000 1.000000 -132.487793 0.000000 0.000000 0.000000 1.000000
1.000000 0.000000 0.000000 1.514257 0.000000 1.000000 0.000000 0.000000 0.000000 0.000000 1.000000 -132.644318 0.000000 0.000000 0.000000 1.000000</float_array><technique_common><accessor source="#Batsy_Reference-Matrix-animation-output-transform-array" count="43" stride="16"><param type="float4x4"/></accessor></technique_common></source><source id="Batsy_Reference-Interpolations"><Name_array id="Batsy_Reference-Interpolations-array" count="43">
 LINEAR LINEAR LINEAR LINEAR LINEAR LINEAR LINEAR LINEAR LINEAR LINEAR LINEAR
LINEAR LINEAR LINEAR LINEAR LINEAR LINEAR LINEAR LINEAR LINEAR LINEAR LINEAR LINEAR
LINEAR LINEAR LINEAR LINEAR LINEAR LINEAR LINEAR LINEAR LINEAR LINEAR LINEAR LINEAR
LINEAR LINEAR LINEAR LINEAR LINEAR LINEAR LINEAR LINEAR</Name_array><technique_common><accessor source="#Batsy_Reference-Interpolations-array" count="43"><param type="name"/></accessor></technique_common></source><sampler id="Batsy_Reference-Matrix-animation-transform"><input semantic="INPUT" source="#Batsy_Reference-Matrix-animation-input"/><input semantic="OUTPUT" source="#Batsy_Reference-Matrix-animation-output-transform"/><input semantic="INTERPOLATION" source="#Batsy_Reference-Interpolations"/></sampler><channel source="#Batsy_Reference-Matrix-animation-transform" target="Batsy_Reference/matrix"/></animation><animation><source id="Batsy_Reference-visibility-animation-input"><float_array id="Batsy_Reference-visibility-animation-input-array" count="43">

0.000000 0.041667 0.083333 0.125000 0.166667 0.208333 0.250000 0.291667 0.333333 0.375000 0.416667 0.458333 0.500000 0.541667 0.583333 0.625000
0.666667 0.708333 0.750000 0.791667 0.833333 0.875000 0.916667 0.958333 1.000000 1.041667 1.083333 1.125000 1.166667 1.208333 1.250000 1.291667
1.333333 1.375000 1.416667 1.458333 1.500000 1.541667 1.583333 1.625000 1.666667 1.708333 1.750000</float_array><technique_common><accessor source="#Batsy_Reference-visibility-animation-input-array" count="43"><param name="TIME" type="float"/></accessor></technique_common></source><source id="Batsy_Reference-visibility-animation-output"><float_array id="Batsy_Reference-visibility-animation-output-array" count="43">

1.000000 1.000000 1.000000 1.000000 1.000000 1.000000 1.000000 1.000000 1.000000 1.000000 1.000000 1.000000 1.000000 1.000000 1.000000 1.000000
1.000000 1.000000 1.000000 1.000000 1.000000 1.000000 1.000000 1.000000 1.000000 1.000000 1.000000 1.000000 1.000000 1.000000 1.000000 1.000000
1.000000 1.000000 1.000000 1.000000 1.000000 1.000000 1.000000 1.000000 1.000000 1.000000 1.000000</float_array><technique_common><accessor source="#Batsy_Reference-visibility-animation-output-array" count="43"><param type="float"/></accessor></technique_common></source><source id="Batsy_Reference-visibility-animation-intan"><float_array id="Batsy_Reference-visibility-animation-intan-array" count="43">

0.000000 -0.000000 0.000000 -0.000000 -0.000000 -0.000000 -0.000000 -0.000000 -0.000000 -0.000000 -0.000000 -0.000000 -0.000000 -0.000000 -0.000000 -0.000000
-0.000000 -0.000000 -0.000000 -0.000000 -0.000000 -0.000000 -0.000000 -0.000000 -0.000000 -0.000000 -0.000000 -0.000000 -0.000000 -0.000000 -0.000000 -0.000000
-0.000000 -0.000000 -0.000000 -0.000000 -0.000000 -0.000000 -0.000000 -0.000000 -0.000000 -0.000000 -0.000000</float_array><technique_common><accessor source="#Batsy_Reference-visibility-animation-intan-array" count="43"><param type="float"/></accessor></technique_common></source><source id="Batsy_Reference-visibility-animation-outtan"><float_array id="Batsy_Reference-visibility-animation-outtan-array" count="43">

0.000000 0.000000 0.000000 0.000000 0.000000 0.000000 0.000000 0.000000 0.000000 0.000000 0.000000 0.000000 0.000000 0.000000 0.000000 0.000000
0.000000 0.000000 0.000000 0.000000 0.000000 0.000000 0.000000 0.000000 0.000000 0.000000 0.000000 0.000000 0.000000 0.000000 0.000000 0.000000
0.000000 0.000000 0.000000 0.000000 0.000000 0.000000 0.000000 0.000000 0.000000 0.000000 0.000000</float_array><technique_common><accessor source="#Batsy_Reference-visibility-animation-outtan-array" count="43"><param type="float"/></accessor></technique_common></source><source id="Batsy_Reference-visibility-animation-interpolation"><Name_array id="Batsy_Reference-visibility-animation-interpolation-array" count="43">
 BEZIER STEP BEZIER BEZIER BEZIER BEZIER BEZIER BEZIER BEZIER BEZIER BEZIER BEZIER
BEZIER BEZIER BEZIER BEZIER BEZIER BEZIER BEZIER BEZIER BEZIER BEZIER BEZIER BEZIER
BEZIER BEZIER BEZIER BEZIER BEZIER BEZIER BEZIER BEZIER BEZIER BEZIER BEZIER BEZIER
BEZIER BEZIER BEZIER BEZIER BEZIER BEZIER BEZIER</Name_array><technique_common><accessor source="#Batsy_Reference-visibility-animation-interpolation-array" count="43"><param type="name"/></accessor></technique_common></source><sampler id="Batsy_Reference-visibility-animation"><input semantic="INPUT" source="#Batsy_Reference-visibility-animation-input"/><input semantic="OUTPUT" source="#Batsy_Reference-visibility-animation-output"/><input semantic="IN_TANGENT" source="#Batsy_Reference-visibility-animation-intan"/><input semantic="OUT_TANGENT" source="#Batsy_Reference-visibility-animation-outtan"/><input semantic="INTERPOLATION" source="#Batsy_Reference-visibility-animation-interpolation"/></sampler><channel source="#Batsy_Reference-visibility-animation" target="Batsy_Reference/visibility"/></animation></animation>
    <animation id="Batsy_Hips-anim" name="Batsy_Hips"><animation><source id="Batsy_Hips-Matrix-animation-input"><float_array id="Batsy_Hips-Matrix-animation-input-array" count="43">

0.000000 0.041667 0.083333 0.125000 0.166667 0.208333 0.250000 0.291667 0.333333 0.375000 0.416667 0.458333 0.500000 0.541667 0.583333 0.625000
0.666667 0.708333 0.750000 0.791667 0.833333 0.875000 0.916667 0.958333 1.000000 1.041667 1.083333 1.125000 1.166667 1.208333 1.250000 1.291667
1.333333 1.375000 1.416667 1.458333 1.500000 1.541667 1.583333 1.625000 1.666667 1.708333 1.750000</float_array><technique_common><accessor source="#Batsy_Hips-Matrix-animation-input-array" count="43"><param name="TIME" type="float"/></accessor></technique_common></source><source id="Batsy_Hips-Matrix-animation-output-transform"><float_array id="Batsy_Hips-Matrix-animation-output-transform-array" count="688">

0.642291 -0.110682 -0.758427 0.000000 -0.017961 0.987073 -0.159260 78.018608 0.766250 0.115914 0.632000 0.000000 0.000000 0.000000 0.000000 1.000000
0.771354 -0.091349 -0.629817 0.000000 0.218941 0.967327 0.127841 81.051857 0.597561 -0.236503 0.766151 0.000000 0.000000 0.000000 0.000000 1.000000
0.878142 -0.143295 -0.456435 0.000000 0.371279 0.805807 0.461332 94.359657 0.301692 -0.574580 0.760815 0.000000 0.000000 0.000000 0.000000 1.000000
0.939379 -0.195734 -0.281525 0.000000 0.335922 0.689949 0.641192 108.132927 0.068735 -0.696893 0.713874 0.000000 0.000000 0.000000 0.000000 1.000000
0.985789 -0.153598 -0.068021 0.000000 0.140999 0.536443 0.832075 118.125092 -0.091315 -0.829841 0.550477 0.000000 0.000000 0.000000 0.000000 1.000000
0.988417 -0.094515 0.118734 0.000000 -0.067942 0.424002 0.903109 121.229546 -0.135701 -0.900716 0.412669 0.000000 0.000000 0.000000 0.000000 1.000000
0.983975 -0.076328 0.161145 0.000000 -0.117631 0.401311 0.908357 116.349777 -0.134003 -0.912756 0.385902 0.000000 0.000000 0.000000 0.000000 1.000000
0.979816 -0.054865 0.192223 0.000000 -0.158451 0.373101 0.914160 106.946548 -0.121874 -0.926167 0.356877 0.000000 0.000000 0.000000 0.000000 1.000000
0.979693 -0.047364 0.194828 0.000000 -0.167582 0.340051 0.925355 95.074051 -0.110080 -0.939213 0.325208 0.000000 0.000000 0.000000 0.000000 1.000000
0.988252 -0.025229 0.150733 0.000000 -0.137225 0.287697 0.947840 78.575768 -0.067278 -0.957389 0.280855 0.000000 0.000000 0.000000 0.000000 1.000000
0.996450 0.004340 0.084070 0.000000 -0.083016 0.216353 0.972779 57.805824 -0.013967 -0.976306 0.215945 0.000000 0.000000 0.000000 0.000000 1.000000
0.999925 0.006007 -0.010704 0.000000 0.010134 0.087884 0.996079 30.032166 0.006924 -0.996113 0.087817 0.000000 0.000000 0.000000 0.000000 1.000000
0.998592 -0.031781 -0.042479 0.000000 0.047223 0.167555 0.984731 17.969589 -0.024179 -0.985350 0.168820 0.000000 0.000000 0.000000 0.000000 1.000000
0.995402 -0.087839 0.038212 0.000000 -0.045338 -0.080623 0.995713 23.973146 -0.084382 -0.992867 -0.084235 0.000000 0.000000 0.000000 0.000000 1.000000
0.977542 -0.124269 0.170204 0.000000 -0.206806 -0.410320 0.888183 30.883291 -0.040536 -0.903435 -0.426805 0.000000 0.000000 0.000000 0.000000 1.000000
0.862761 -0.190435 0.468377 0.000000 -0.497065 -0.489058 0.716762 36.234848 0.092567 -0.851209 -0.516600 0.000000 0.000000 0.000000 0.000000 1.000000
0.719877 -0.240838 0.650980 0.000000 -0.672620 -0.473578 0.568601 36.429596 0.171349 -0.847184 -0.502911 0.000000 0.000000 0.000000 0.000000 1.000000
0.585238 -0.284178 0.759434 0.000000 -0.792713 -0.397559 0.462118 32.627068 0.170596 -0.872462 -0.457938 0.000000 0.000000 0.000000 0.000000 1.000000
0.476669 -0.361784 0.801186 0.000000 -0.878480 -0.229791 0.418890 26.758518 0.032557 -0.903498 -0.427354 0.000000 0.000000 0.000000 0.000000 1.000000
0.380629 -0.388694 0.839070 0.000000 -0.923714 -0.117342 0.364669 23.884764 -0.043287 -0.913864 -0.403706 0.000000 0.000000 0.000000 0.000000 1.000000
0.282432 -0.384037 0.879061 0.000000 -0.958796 -0.083691 0.271488 24.383392 -0.030692 -0.919517 -0.391850 0.000000 0.000000 0.000000 0.000000 1.000000
0.181351 -0.374511 0.909315 0.000000 -0.983415 -0.071589 0.166645 24.442503 0.002687 -0.924455 -0.381282 0.000000 0.000000 0.000000 0.000000 1.000000
0.070599 -0.362737 0.929214 0.000000 -0.997047 -0.053876 0.054722 23.633551 0.030213 -0.930333 -0.365469 0.000000 0.000000 0.000000 0.000000 1.000000
-0.065276 -0.344144 0.936645 0.000000 -0.996418 -0.028094 -0.079764 22.644802 0.053764 -0.938496 -0.341078 0.000000 0.000000 0.000000 0.000000 1.000000
-0.253076 -0.325365 0.911093 0.000000 -0.963494 -0.000277 -0.267731 21.792095 0.087363 -0.945589 -0.313416 0.000000 0.000000 0.000000 0.000000 1.000000
-0.473121 -0.308468 0.825230 0.000000 -0.874488 0.050775 -0.482382 21.395643 0.106898 -0.949879 -0.293774 0.000000 0.000000 0.000000 0.000000 1.000000
-0.551369 -0.294654 0.780494 0.000000 -0.828907 0.087665 -0.552474 21.411297 0.094367 -0.951574 -0.292576 0.000000 0.000000 0.000000 0.000000 1.000000
-0.550909 -0.294187 0.780995 0.000000 -0.827608 0.071996 -0.556670 21.387827 0.107537 -0.953033 -0.283134 0.000000 0.000000 0.000000 0.000000 1.000000
-0.551161 -0.308624 0.775224 0.000000 -0.824976 0.062325 -0.561721 21.321623 0.125045 -0.949140 -0.288958 0.000000 0.000000 0.000000 0.000000 1.000000
-0.522846 -0.336955 0.783002 0.000000 -0.841422 0.056884 -0.537377 21.306057 0.136532 -0.939801 -0.313263 0.000000 0.000000 0.000000 0.000000 1.000000
-0.445516 -0.363699 0.818070 0.000000 -0.884621 0.038290 -0.464737 21.544691 0.137701 -0.930729 -0.338795 0.000000 0.000000 0.000000 0.000000 1.000000
-0.358227 -0.379150 0.853182 0.000000 -0.923800 0.011656 -0.382698 22.091282 0.135156 -0.925262 -0.354434 0.000000 0.000000 0.000000 0.000000 1.000000
-0.245374 -0.387554 0.888591 0.000000 -0.961088 -0.022726 -0.275306 22.215136 0.126890 -0.921567 -0.366897 0.000000 0.000000 0.000000 0.000000 1.000000
-0.119313 -0.389268 0.913365 0.000000 -0.986501 -0.057441 -0.153348 21.891886 0.112158 -0.919332 -0.377160 0.000000 0.000000 0.000000 0.000000 1.000000
-0.017169 -0.386803 0.922002 0.000000 -0.995540 -0.078942 -0.051657 21.695469 0.092766 -0.918777 -0.383723 0.000000 0.000000 0.000000 0.000000 1.000000
0.058749 -0.388611 0.919527 0.000000 -0.995897 -0.086334 0.027142 21.586590 0.068839 -0.917348 -0.392089 0.000000 0.000000 0.000000 0.000000 1.000000
0.112473 -0.394277 0.912083 0.000000 -0.992449 -0.089780 0.083573 21.476027 0.048936 -0.914596 -0.401398 0.000000 0.000000 0.000000 0.000000 1.000000
0.146781 -0.392905 0.907789 0.000000 -0.988241 -0.097994 0.117376 21.412039 0.042841 -0.914343 -0.402668 0.000000 0.000000 0.000000 0.000000 1.000000
0.157389 -0.395497 0.904882 0.000000 -0.986559 -0.103743 0.126252 21.338921 0.043943 -0.912590 -0.406509 0.000000 0.000000 0.000000 0.000000 1.000000
0.147115 -0.404508 0.902625 0.000000 -0.987986 -0.103777 0.114520 21.281202 0.047347 -0.908628 -0.414915 0.000000 0.000000 0.000000 0.000000 1.000000
0.128948 -0.407178 0.904201 0.000000 -0.989778 -0.108868 0.092127 21.248838 0.060926 -0.906837 -0.417054 0.000000 0.000000 0.000000 0.000000 1.000000
0.105684 -0.408007 0.906841 0.000000 -0.991470 -0.113187 0.064622 21.235987 0.076276 -0.905936 -0.416488 0.000000 0.000000 0.000000 0.000000 1.000000
0.092069 -0.406959 0.908795 0.000000 -0.992432 -0.111976 0.050400 21.239700 0.081253 -0.906557 -0.414189 0.000000 0.000000 0.000000 0.000000 1.000000</float_array><technique_common><accessor source="#Batsy_Hips-Matrix-animation-output-transform-array" count="43" stride="16"><param type="float4x4"/></accessor></technique_common></source><source id="Batsy_Hips-Interpolations"><Name_array id="Batsy_Hips-Interpolations-array" count="43">
 LINEAR LINEAR LINEAR LINEAR LINEAR LINEAR LINEAR LINEAR LINEAR LINEAR LINEAR
LINEAR LINEAR LINEAR LINEAR LINEAR LINEAR LINEAR LINEAR LINEAR LINEAR LINEAR LINEAR
LINEAR LINEAR LINEAR LINEAR LINEAR LINEAR LINEAR LINEAR LINEAR LINEAR LINEAR LINEAR
LINEAR LINEAR LINEAR LINEAR LINEAR LINEAR LINEAR LINEAR</Name_array><technique_common><accessor source="#Batsy_Hips-Interpolations-array" count="43"><param type="name"/></accessor></technique_common></source><sampler id="Batsy_Hips-Matrix-animation-transform"><input semantic="INPUT" source="#Batsy_Hips-Matrix-animation-input"/><input semantic="OUTPUT" source="#Batsy_Hips-Matrix-animation-output-transform"/><input semantic="INTERPOLATION" source="#Batsy_Hips-Interpolations"/></sampler><channel source="#Batsy_Hips-Matrix-animation-transform" target="Batsy_Hips/matrix"/></animation><animation><source id="Batsy_Hips-visibility-animation-input"><float_array id="Batsy_Hips-visibility-animation-input-array" count="43">

0.000000 0.041667 0.083333 0.125000 0.166667 0.208333 0.250000 0.291667 0.333333 0.375000 0.416667 0.458333 0.500000 0.541667 0.583333 0.625000
0.666667 0.708333 0.750000 0.791667 0.833333 0.875000 0.916667 0.958333 1.000000 1.041667 1.083333 1.125000 1.166667 1.208333 1.250000 1.291667
1.333333 1.375000 1.416667 1.458333 1.500000 1.541667 1.583333 1.625000 1.666667 1.708333 1.750000</float_array><technique_common><accessor source="#Batsy_Hips-visibility-animation-input-array" count="43"><param name="TIME" type="float"/></accessor></technique_common></source><source id="Batsy_Hips-visibility-animation-output"><float_array id="Batsy_Hips-visibility-animation-output-array" count="43">

1.000000 1.000000 1.000000 1.000000 1.000000 1.000000 1.000000 1.000000 1.000000 1.000000 1.000000 1.000000 1.000000 1.000000 1.000000 1.000000
1.000000 1.000000 1.000000 1.000000 1.000000 1.000000 1.000000 1.000000 1.000000 1.000000 1.000000 1.000000 1.000000 1.000000 1.000000 1.000000
1.000000 1.000000 1.000000 1.000000 1.000000 1.000000 1.000000 1.000000 1.000000 1.000000 1.000000</float_array><technique_common><accessor source="#Batsy_Hips-visibility-animation-output-array" count="43"><param type="float"/></accessor></technique_common></source><source id="Batsy_Hips-visibility-animation-intan"><float_array id="Batsy_Hips-visibility-animation-intan-array" count="43">

0.000000 -0.000000 0.000000 -0.000000 -0.000000 -0.000000 -0.000000 -0.000000 -0.000000 -0.000000 -0.000000 -0.000000 -0.000000 -0.000000 -0.000000 -0.000000
-0.000000 -0.000000 -0.000000 -0.000000 -0.000000 -0.000000 -0.000000 -0.000000 -0.000000 -0.000000 -0.000000 -0.000000 -0.000000 -0.000000 -0.000000 -0.000000
-0.000000 -0.000000 -0.000000 -0.000000 -0.000000 -0.000000 -0.000000 -0.000000 -0.000000 -0.000000 -0.000000</float_array><technique_common><accessor source="#Batsy_Hips-visibility-animation-intan-array" count="43"><param type="float"/></accessor></technique_common></source><source id="Batsy_Hips-visibility-animation-outtan"><float_array id="Batsy_Hips-visibility-animation-outtan-array" count="43">

0.000000 0.000000 0.000000 0.000000 0.000000 0.000000 0.000000 0.000000 0.000000 0.000000 0.000000 0.000000 0.000000 0.000000 0.000000 0.000000
0.000000 0.000000 0.000000 0.000000 0.000000 0.000000 0.000000 0.000000 0.000000 0.000000 0.000000 0.000000 0.000000 0.000000 0.000000 0.000000
0.000000 0.000000 0.000000 0.000000 0.000000 0.000000 0.000000 0.000000 0.000000 0.000000 0.000000</float_array><technique_common><accessor source="#Batsy_Hips-visibility-animation-outtan-array" count="43"><param type="float"/></accessor></technique_common></source><source id="Batsy_Hips-visibility-animation-interpolation"><Name_array id="Batsy_Hips-visibility-animation-interpolation-array" count="43">
 BEZIER STEP BEZIER BEZIER BEZIER BEZIER BEZIER BEZIER BEZIER BEZIER BEZIER BEZIER
BEZIER BEZIER BEZIER BEZIER BEZIER BEZIER BEZIER BEZIER BEZIER BEZIER BEZIER BEZIER
BEZIER BEZIER BEZIER BEZIER BEZIER BEZIER BEZIER BEZIER BEZIER BEZIER BEZIER BEZIER
BEZIER BEZIER BEZIER BEZIER BEZIER BEZIER BEZIER</Name_array><technique_common><accessor source="#Batsy_Hips-visibility-animation-interpolation-array" count="43"><param type="name"/></accessor></technique_common></source><sampler id="Batsy_Hips-visibility-animation"><input semantic="INPUT" source="#Batsy_Hips-visibility-animation-input"/><input semantic="OUTPUT" source="#Batsy_Hips-visibility-animation-output"/><input semantic="IN_TANGENT" source="#Batsy_Hips-visibility-animation-intan"/><input semantic="OUT_TANGENT" source="#Batsy_Hips-visibility-animation-outtan"/><input semantic="INTERPOLATION" source="#Batsy_Hips-visibility-animation-interpolation"/></sampler><channel source="#Batsy_Hips-visibility-animation" target="Batsy_Hips/visibility"/></animation></animation>
    <animation id="Batsy_Spine-anim" name="Batsy_Spine"><animation><source id="Batsy_Spine-Matrix-animation-input"><float_array id="Batsy_Spine-Matrix-animation-input-array" count="43">

0.000000 0.041667 0.083333 0.125000 0.166667 0.208333 0.250000 0.291667 0.333333 0.375000 0.416667 0.458333 0.500000 0.541667 0.583333 0.625000
0.666667 0.708333 0.750000 0.791667 0.833333 0.875000 0.916667 0.958333 1.000000 1.041667 1.083333 1.125000 1.166667 1.208333 1.250000 1.291667
1.333333 1.375000 1.416667 1.458333 1.500000 1.541667 1.583333 1.625000 1.666667 1.708333 1.750000</float_array><technique_common><accessor source="#Batsy_Spine-Matrix-animation-input-array" count="43"><param name="TIME" type="float"/></accessor></technique_common></source><source id="Batsy_Spine-Matrix-animation-output-transform"><float_array id="Batsy_Spine-Matrix-animation-output-transform-array" count="688">

0.999879 -0.001917 0.015452 0.000000 0.002260 0.999751 -0.022217 3.725675 -0.015406 0.022249 0.999634 0.000006 0.000000 0.000000 0.000000 1.000000
0.999803 -0.006276 0.018811 -0.000000 0.006613 0.999818 -0.017884 3.725678 -0.018695 0.018005 0.999663 0.000001 0.000000 0.000000 0.000000 1.000000
0.999368 -0.009197 0.034347 -0.000001 0.009282 0.999954 -0.002316 3.725675 -0.034325 0.002633 0.999407 0.000002 0.000000 0.000000 0.000000 1.000000
0.998061 0.018887 0.059305 -0.000001 -0.020277 0.999532 0.022919 3.725678 -0.058845 -0.024077 0.997977 -0.000000 0.000000 0.000000 0.000000 1.000000
0.998238 0.033096 0.049243 -0.000001 -0.033483 0.999414 0.007066 3.725676 -0.048980 -0.008703 0.998762 -0.000001 0.000000 0.000000 0.000000 1.000000
0.999200 0.028036 0.028521 -0.000001 -0.027924 0.999601 -0.004345 3.725675 -0.028631 0.003546 0.999584 0.000003 0.000000 0.000000 0.000000 1.000000
0.999735 0.015789 0.016763 -0.000001 -0.015559 0.999784 -0.013782 3.725678 -0.016977 0.013517 0.999765 -0.000002 0.000000 0.000000 0.000000 1.000000
0.999979 -0.001259 0.006344 -0.000001 0.001397 0.999760 -0.021862 3.725677 -0.006315 0.021870 0.999741 -0.000001 0.000000 0.000000 0.000000 1.000000
0.999982 -0.005972 0.000691 -0.000001 0.005986 0.999720 -0.022878 3.725678 -0.000554 0.022882 0.999738 0.000001 0.000000 0.000000 0.000000 1.000000
0.999996 -0.000408 -0.002686 -0.000001 0.000361 0.999846 -0.017535 3.725680 0.002693 0.017534 0.999843 0.000003 0.000000 0.000000 0.000000 1.000000
0.999992 0.003767 -0.001352 -0.000001 -0.003793 0.999801 -0.019583 3.725683 0.001277 0.019588 0.999808 -0.000001 0.000000 0.000000 0.000000 1.000000
0.999998 0.002075 0.000442 -0.000002 -0.002057 0.999325 -0.036687 3.725680 -0.000518 0.036686 0.999327 0.000001 0.000000 0.000000 0.000000 1.000000
0.999920 0.010712 -0.006688 -0.000001 -0.010940 0.999326 -0.035039 3.725677 0.006308 0.035109 0.999364 0.000001 0.000000 0.000000 0.000000 1.000000
0.999563 0.017676 -0.023675 -0.000001 -0.018854 0.998547 -0.050477 3.725673 0.022748 0.050902 0.998445 0.000000 0.000000 0.000000 0.000000 1.000000
0.999019 0.005148 -0.043975 -0.000002 -0.007940 0.997947 -0.063556 3.725676 0.043558 0.063842 0.997009 -0.000000 0.000000 0.000000 0.000000 1.000000
0.997559 -0.009394 -0.069194 -0.000003 0.005088 0.998054 -0.062145 3.725676 0.069643 0.061641 0.995666 -0.000004 0.000000 0.000000 0.000000 1.000000
0.996009 -0.016650 -0.087686 -0.000004 0.011166 0.997972 -0.062661 3.725680 0.088552 0.061432 0.994175 0.000011 0.000000 0.000000 0.000000 1.000000
0.995444 -0.020269 -0.093166 -0.000005 0.014090 0.997687 -0.066504 3.725679 0.094299 0.064888 0.993427 0.000010 0.000000 0.000000 0.000000 1.000000
0.995609 -0.012677 -0.092746 -0.000009 0.006315 0.997626 -0.068581 3.725680 0.093395 0.067694 0.993325 0.000013 0.000000 0.000000 0.000000 1.000000
0.995793 -0.005684 -0.091452 0.000001 -0.000805 0.997492 -0.070770 3.725679 0.091625 0.070546 0.993292 0.000012 0.000000 0.000000 0.000000 1.000000
0.996305 -0.004473 -0.085765 -0.000013 -0.001998 0.997165 -0.075218 3.725682 0.085858 0.075111 0.993472 -0.000002 0.000000 0.000000 0.000000 1.000000
0.996991 -0.005125 -0.077345 -0.000004 -0.001088 0.996789 -0.080068 3.725677 0.077507 0.079911 0.993784 -0.000016 0.000000 0.000000 0.000000 1.000000
0.997887 -0.005513 -0.064739 -0.000002 0.000043 0.996448 -0.084207 3.725681 0.064973 0.084026 0.994343 0.000003 0.000000 0.000000 0.000000 1.000000
0.998712 -0.007072 -0.050251 -0.000001 0.002706 0.996254 -0.086432 3.725679 0.050674 0.086184 0.994990 0.000001 0.000000 0.000000 0.000000 1.000000
0.999302 -0.009349 -0.036166 -0.000002 0.006186 0.996223 -0.086610 3.725680 0.036839 0.086326 0.995586 0.000010 0.000000 0.000000 0.000000 1.000000
0.999627 -0.012220 -0.024431 -0.000001 0.010099 0.996321 -0.085107 3.725676 0.025381 0.084829 0.996072 0.000001 0.000000 0.000000 0.000000 1.000000
0.999775 -0.016256 -0.013627 0.000001 0.015090 0.996542 -0.081711 3.725677 0.014908 0.081487 0.996563 -0.000004 0.000000 0.000000 0.000000 1.000000
0.999707 -0.022611 -0.008608 0.000001 0.021869 0.996694 -0.078246 3.725676 0.010349 0.078035 0.996897 -0.000002 0.000000 0.000000 0.000000 1.000000
0.999571 -0.027863 -0.009025 -0.000003 0.027084 0.996648 -0.077194 3.725681 0.011145 0.076916 0.996975 0.000002 0.000000 0.000000 0.000000 1.000000
0.999510 -0.029824 -0.009516 0.000007 0.028962 0.996329 -0.080562 3.725676 0.011884 0.080247 0.996704 -0.000013 0.000000 0.000000 0.000000 1.000000
0.999596 -0.026722 -0.009652 0.000006 0.025795 0.995963 -0.085977 3.725676 0.011911 0.085693 0.996250 -0.000013 0.000000 0.000000 0.000000 1.000000
0.999749 -0.019811 -0.010491 0.000001 0.018769 0.995632 -0.091455 3.725679 0.012257 0.091235 0.995754 -0.000026 0.000000 0.000000 0.000000 1.000000
0.999843 -0.013457 -0.011502 0.000003 0.012297 0.995349 -0.095550 3.725679 0.012734 0.095393 0.995358 -0.000016 0.000000 0.000000 0.000000 1.000000
0.999885 -0.009229 -0.012046 -0.000002 0.008009 0.995191 -0.097629 3.725680 0.012889 0.097521 0.995150 0.000012 0.000000 0.000000 0.000000 1.000000
0.999904 -0.005831 -0.012585 -0.000001 0.004585 0.995282 -0.096914 3.725677 0.013091 0.096847 0.995213 -0.000004 0.000000 0.000000 0.000000 1.000000
0.999907 -0.002757 -0.013372 -0.000001 0.001487 0.995564 -0.094071 3.725678 0.013572 0.094042 0.995476 -0.000011 0.000000 0.000000 0.000000 1.000000
0.999902 -0.000304 -0.013979 -0.000002 -0.000976 0.995814 -0.091402 3.725679 0.013948 0.091407 0.995716 -0.000009 0.000000 0.000000 0.000000 1.000000
0.999886 0.000458 -0.015071 0.000002 -0.001771 0.996191 -0.087183 3.725677 0.014974 0.087199 0.996078 -0.000015 0.000000 0.000000 0.000000 1.000000
0.999842 0.000782 -0.017753 -0.000004 -0.002273 0.996456 -0.084089 3.725678 0.017624 0.084116 0.996300 -0.000016 0.000000 0.000000 0.000000 1.000000
0.999785 0.000936 -0.020716 -0.000007 -0.002634 0.996622 -0.082087 3.725679 0.020570 0.082124 0.996410 -0.000003 0.000000 0.000000 0.000000 1.000000
0.999740 -0.000528 -0.022808 -0.000027 -0.001306 0.996767 -0.080329 3.725681 0.022777 0.080338 0.996507 -0.000006 0.000000 0.000000 0.000000 1.000000
0.999703 -0.002899 -0.024186 -0.000001 0.000975 0.996860 -0.079175 3.725678 0.024339 0.079127 0.996567 0.000011 0.000000 0.000000 0.000000 1.000000
0.999689 -0.004047 -0.024595 -0.000001 0.002105 0.996914 -0.078478 3.725677 0.024836 0.078402 0.996612 -0.000015 0.000000 0.000000 0.000000 1.000000</float_array><technique_common><accessor source="#Batsy_Spine-Matrix-animation-output-transform-array" count="43" stride="16"><param type="float4x4"/></accessor></technique_common></source><source id="Batsy_Spine-Interpolations"><Name_array id="Batsy_Spine-Interpolations-array" count="43">
 LINEAR LINEAR LINEAR LINEAR LINEAR LINEAR LINEAR LINEAR LINEAR LINEAR LINEAR
LINEAR LINEAR LINEAR LINEAR LINEAR LINEAR LINEAR LINEAR LINEAR LINEAR LINEAR LINEAR
LINEAR LINEAR LINEAR LINEAR LINEAR LINEAR LINEAR LINEAR LINEAR LINEAR LINEAR LINEAR
LINEAR LINEAR LINEAR LINEAR LINEAR LINEAR LINEAR LINEAR</Name_array><technique_common><accessor source="#Batsy_Spine-Interpolations-array" count="43"><param type="name"/></accessor></technique_common></source><sampler id="Batsy_Spine-Matrix-animation-transform"><input semantic="INPUT" source="#Batsy_Spine-Matrix-animation-input"/><input semantic="OUTPUT" source="#Batsy_Spine-Matrix-animation-output-transform"/><input semantic="INTERPOLATION" source="#Batsy_Spine-Interpolations"/></sampler><channel source="#Batsy_Spine-Matrix-animation-transform" target="Batsy_Spine/matrix"/></animation><animation><source id="Batsy_Spine-visibility-animation-input"><float_array id="Batsy_Spine-visibility-animation-input-array" count="43">

0.000000 0.041667 0.083333 0.125000 0.166667 0.208333 0.250000 0.291667 0.333333 0.375000 0.416667 0.458333 0.500000 0.541667 0.583333 0.625000
0.666667 0.708333 0.750000 0.791667 0.833333 0.875000 0.916667 0.958333 1.000000 1.041667 1.083333 1.125000 1.166667 1.208333 1.250000 1.291667
1.333333 1.375000 1.416667 1.458333 1.500000 1.541667 1.583333 1.625000 1.666667 1.708333 1.750000</float_array><technique_common><accessor source="#Batsy_Spine-visibility-animation-input-array" count="43"><param name="TIME" type="float"/></accessor></technique_common></source><source id="Batsy_Spine-visibility-animation-output"><float_array id="Batsy_Spine-visibility-animation-output-array" count="43">

1.000000 1.000000 1.000000 1.000000 1.000000 1.000000 1.000000 1.000000 1.000000 1.000000 1.000000 1.000000 1.000000 1.000000 1.000000 1.000000
1.000000 1.000000 1.000000 1.000000 1.000000 1.000000 1.000000 1.000000 1.000000 1.000000 1.000000 1.000000 1.000000 1.000000 1.000000 1.000000
1.000000 1.000000 1.000000 1.000000 1.000000 1.000000 1.000000 1.000000 1.000000 1.000000 1.000000</float_array><technique_common><accessor source="#Batsy_Spine-visibility-animation-output-array" count="43"><param type="float"/></accessor></technique_common></source><source id="Batsy_Spine-visibility-animation-intan"><float_array id="Batsy_Spine-visibility-animation-intan-array" count="43">

0.000000 -0.000000 0.000000 -0.000000 -0.000000 -0.000000 -0.000000 -0.000000 -0.000000 -0.000000 -0.000000 -0.000000 -0.000000 -0.000000 -0.000000 -0.000000
-0.000000 -0.000000 -0.000000 -0.000000 -0.000000 -0.000000 -0.000000 -0.000000 -0.000000 -0.000000 -0.000000 -0.000000 -0.000000 -0.000000 -0.000000 -0.000000
-0.000000 -0.000000 -0.000000 -0.000000 -0.000000 -0.000000 -0.000000 -0.000000 -0.000000 -0.000000 -0.000000</float_array><technique_common><accessor source="#Batsy_Spine-visibility-animation-intan-array" count="43"><param type="float"/></accessor></technique_common></source><source id="Batsy_Spine-visibility-animation-outtan"><float_array id="Batsy_Spine-visibility-animation-outtan-array" count="43">

0.000000 0.000000 0.000000 0.000000 0.000000 0.000000 0.000000 0.000000 0.000000 0.000000 0.000000 0.000000 0.000000 0.000000 0.000000 0.000000
0.000000 0.000000 0.000000 0.000000 0.000000 0.000000 0.000000 0.000000 0.000000 0.000000 0.000000 0.000000 0.000000 0.000000 0.000000 0.000000
0.000000 0.000000 0.000000 0.000000 0.000000 0.000000 0.000000 0.000000 0.000000 0.000000 0.000000</float_array><technique_common><accessor source="#Batsy_Spine-visibility-animation-outtan-array" count="43"><param type="float"/></accessor></technique_common></source><source id="Batsy_Spine-visibility-animation-interpolation"><Name_array id="Batsy_Spine-visibility-animation-interpolation-array" count="43">
 BEZIER STEP BEZIER BEZIER BEZIER BEZIER BEZIER BEZIER BEZIER BEZIER BEZIER BEZIER
BEZIER BEZIER BEZIER BEZIER BEZIER BEZIER BEZIER BEZIER BEZIER BEZIER BEZIER BEZIER
BEZIER BEZIER BEZIER BEZIER BEZIER BEZIER BEZIER BEZIER BEZIER BEZIER BEZIER BEZIER
BEZIER BEZIER BEZIER BEZIER BEZIER BEZIER BEZIER</Name_array><technique_common><accessor source="#Batsy_Spine-visibility-animation-interpolation-array" count="43"><param type="name"/></accessor></technique_common></source><sampler id="Batsy_Spine-visibility-animation"><input semantic="INPUT" source="#Batsy_Spine-visibility-animation-input"/><input semantic="OUTPUT" source="#Batsy_Spine-visibility-animation-output"/><input semantic="IN_TANGENT" source="#Batsy_Spine-visibility-animation-intan"/><input semantic="OUT_TANGENT" source="#Batsy_Spine-visibility-animation-outtan"/><input semantic="INTERPOLATION" source="#Batsy_Spine-visibility-animation-interpolation"/></sampler><channel source="#Batsy_Spine-visibility-animation" target="Batsy_Spine/visibility"/></animation></animation>
    <animation id="Batsy_Spine1-anim" name="Batsy_Spine1"><animation><source id="Batsy_Spine1-Matrix-animation-input"><float_array id="Batsy_Spine1-Matrix-animation-input-array" count="43">

0.000000 0.041667 0.083333 0.125000 0.166667 0.208333 0.250000 0.291667 0.333333 0.375000 0.416667 0.458333 0.500000 0.541667 0.583333 0.625000
0.666667 0.708333 0.750000 0.791667 0.833333 0.875000 0.916667 0.958333 1.000000 1.041667 1.083333 1.125000 1.166667 1.208333 1.250000 1.291667
1.333333 1.375000 1.416667 1.458333 1.500000 1.541667 1.583333 1.625000 1.666667 1.708333 1.750000</float_array><technique_common><accessor source="#Batsy_Spine1-Matrix-animation-input-array" count="43"><param name="TIME" type="float"/></accessor></technique_common></source><source id="Batsy_Spine1-Matrix-animation-output-transform"><float_array id="Batsy_Spine1-Matrix-animation-output-transform-array" count="688">

0.999515 -0.003490 0.030939 0.000002 0.004862 0.999003 -0.044386 10.999827 -0.030753 0.044515 0.998535 -0.000002 0.000000 0.000000 0.000000 1.000000
0.999214 -0.012211 0.037724 0.000002 0.013557 0.999273 -0.035635 10.999831 -0.037261 0.036118 0.998653 -0.000003 0.000000 0.000000 0.000000 1.000000
0.997471 -0.018296 0.068675 0.000002 0.018636 0.999817 -0.004311 10.999831 -0.068583 0.005580 0.997630 -0.000002 0.000000 0.000000 0.000000 1.000000
0.992254 0.036301 0.118808 0.000002 -0.041854 0.998129 0.044577 10.999833 -0.116968 -0.049205 0.991916 -0.000005 0.000000 0.000000 0.000000 1.000000
0.992960 0.065685 0.098572 0.000001 -0.067234 0.997659 0.012471 10.999831 -0.097522 -0.019011 0.995052 0.000001 0.000000 0.000000 0.000000 1.000000
0.996801 0.056140 0.056886 0.000001 -0.055690 0.998403 -0.009479 10.999828 -0.057328 0.006280 0.998336 -0.000001 0.000000 0.000000 0.000000 1.000000
0.998939 0.031797 0.033300 0.000003 -0.030876 0.999136 -0.027817 10.999833 -0.034156 0.026759 0.999058 -0.000004 0.000000 0.000000 0.000000 1.000000
0.999917 -0.002378 0.012714 0.000002 0.002932 0.999040 -0.043704 10.999828 -0.012598 0.043738 0.998964 -0.000005 0.000000 0.000000 0.000000 1.000000
