<?xml version="1.0" encoding="utf-8"?>
<COLLADA xmlns="http://www.collada.org/2005/11/COLLADASchema" version="1.4.1">
  <asset><contributor><author></author><authoring_tool>FBX COLLADA exporter</authoring_tool><comments></comments></contributor><created>2017-08-30T19:17:24Z</created><keywords></keywords><modified>2017-08-30T19:17:24Z</modified><revision></revision><subject></subject><title></title><unit meter="0.010000" name="centimeter"></unit><up_axis>Y_UP</up_axis></asset>
  <library_animations>
    <animation id="BatRig_Reference-anim" name="BatRig_Reference"><animation><source id="BatRig_Reference-Matrix-animation-input"><float_array id="BatRig_Reference-Matrix-animation-input-array" count="24">

0.000000 0.041667 0.083333 0.125000 0.166667 0.208333 0.250000 0.291667 0.333333 0.375000 0.416667 0.458333 0.500000 0.541667 0.583333 0.625000
0.666667 0.708333 0.750000 0.791667 0.833333 0.875000 0.916667 0.958333</float_array><technique_common><accessor source="#BatRig_Reference-Matrix-animation-input-array" count="24"><param name="TIME" type="float"/></accessor></technique_common></source><source id="BatRig_Reference-Matrix-animation-output-transform"><float_array id="BatRig_Reference-Matrix-animation-output-transform-array" count="384">

1.000000 0.000000 0.000000 2.393483 0.000000 1.000000 0.000000 0.000000 0.000000 0.000000 1.000000 335.465118 0.000000 0.000000 0.000000 1.000000
1.000000 0.000000 0.000000 2.393483 0.000000 1.000000 0.000000 0.000000 0.000000 0.000000 1.000000 335.465118 0.000000 0.000000 0.000000 1.000000
1.000000 0.000000 0.000000 2.207277 0.000000 1.000000 0.000000 0.000000 0.000000 0.000000 1.000000 341.713623 0.000000 0.000000 0.000000 1.000000
1.000000 0.000000 0.000000 2.207276 0.000000 1.000000 0.000000 0.000000 0.000000 0.000000 1.000000 350.399780 0.000000 0.000000 0.000000 1.000000
1.000000 0.000000 0.000000 3.194991 0.000000 1.000000 0.000000 0.000000 0.000000 0.000000 1.000000 355.866150 0.000000 0.000000 0.000000 1.000000
1.000000 0.000000 0.000000 4.182703 0.000000 1.000000 0.000000 0.000000 0.000000 0.000000 1.000000 358.529724 0.000000 0.000000 0.000000 1.000000
1.000000 0.000000 0.000000 4.182703 0.000000 1.000000 0.000000 0.000000 0.000000 0.000000 1.000000 358.529724 0.000000 0.000000 0.000000 1.000000
1.000000 0.000000 0.000000 4.203052 0.000000 1.000000 0.000000 0.000000 0.000000 0.000000 1.000000 359.389587 0.000000 0.000000 0.000000 1.000000
1.000000 0.000000 0.000000 4.220134 0.000000 1.000000 0.000000 0.000000 0.000000 0.000000 1.000000 360.068359 0.000000 0.000000 0.000000 1.000000
1.000000 0.000000 0.000000 4.157261 0.000000 1.000000 0.000000 0.000000 0.000000 0.000000 1.000000 361.664215 0.000000 0.000000 0.000000 1.000000
1.000000 0.000000 0.000000 3.979531 0.000000 1.000000 0.000000 0.000000 0.000000 0.000000 1.000000 363.553009 0.000000 0.000000 0.000000 1.000000
1.000000 0.000000 0.000000 3.979433 0.000000 1.000000 0.000000 0.000000 0.000000 0.000000 1.000000 363.553009 0.000000 0.000000 0.000000 1.000000
1.000000 0.000000 0.000000 4.045142 0.000000 1.000000 0.000000 0.000000 0.000000 0.000000 1.000000 375.658142 0.000000 0.000000 0.000000 1.000000
1.000000 0.000000 0.000000 4.099648 0.000000 1.000000 0.000000 0.000000 0.000000 0.000000 1.000000 382.269531 0.000000 0.000000 0.000000 1.000000
1.000000 0.000000 0.000000 4.140098 0.000000 1.000000 0.000000 0.000000 0.000000 0.000000 1.000000 385.171570 0.000000 0.000000 0.000000 1.000000
1.000000 0.000000 0.000000 4.149207 0.000000 1.000000 0.000000 0.000000 0.000000 0.000000 1.000000 387.998627 0.000000 0.000000 0.000000 1.000000
1.000000 0.000000 0.000000 4.154051 0.000000 1.000000 0.000000 0.000000 0.000000 0.000000 1.000000 390.804810 0.000000 0.000000 0.000000 1.000000
1.000000 0.000000 0.000000 4.140084 0.000000 1.000000 0.000000 0.000000 0.000000 0.000000 1.000000 393.731873 0.000000 0.000000 0.000000 1.000000
1.000000 0.000000 0.000000 -11.824670 0.000000 1.000000 0.000000 0.000000 0.000000 0.000000 1.000000 397.373901 0.000000 0.000000 0.000000 1.000000
1.000000 0.000000 0.000000 -12.457208 0.000000 1.000000 0.000000 0.000000 0.000000 0.000000 1.000000 390.087921 0.000000 0.000000 0.000000 1.000000
1.000000 0.000000 0.000000 -12.527255 0.000000 1.000000 0.000000 0.000000 0.000000 0.000000 1.000000 379.839691 0.000000 0.000000 0.000000 1.000000
1.000000 0.000000 0.000000 0.533753 0.000000 1.000000 0.000000 0.000000 0.000000 0.000000 1.000000 374.272980 0.000000 0.000000 0.000000 1.000000
1.000000 0.000000 0.000000 2.579691 0.000000 1.000000 0.000000 0.000000 0.000000 0.000000 1.000000 374.060669 0.000000 0.000000 0.000000 1.000000
1.000000 0.000000 0.000000 2.590761 0.000000 1.000000 0.000000 0.000000 0.000000 0.000000 1.000000 373.971283 0.000000 0.000000 0.000000 1.000000</float_array><technique_common><accessor source="#BatRig_Reference-Matrix-animation-output-transform-array" count="24" stride="16"><param type="float4x4"/></accessor></technique_common></source><source id="BatRig_Reference-Interpolations"><Name_array id="BatRig_Reference-Interpolations-array" count="24">
 LINEAR LINEAR LINEAR LINEAR LINEAR LINEAR LINEAR LINEAR LINEAR LINEAR LINEAR
LINEAR LINEAR LINEAR LINEAR LINEAR LINEAR LINEAR LINEAR LINEAR LINEAR LINEAR LINEAR
LINEAR</Name_array><technique_common><accessor source="#BatRig_Reference-Interpolations-array" count="24"><param type="name"/></accessor></technique_common></source><sampler id="BatRig_Reference-Matrix-animation-transform"><input semantic="INPUT" source="#BatRig_Reference-Matrix-animation-input"/><input semantic="OUTPUT" source="#BatRig_Reference-Matrix-animation-output-transform"/><input semantic="INTERPOLATION" source="#BatRig_Reference-Interpolations"/></sampler><channel source="#BatRig_Reference-Matrix-animation-transform" target="BatRig_Reference/matrix"/></animation><animation><source id="BatRig_Reference-visibility-animation-input"><float_array id="BatRig_Reference-visibility-animation-input-array" count="24">

0.000000 0.041667 0.083333 0.125000 0.166667 0.208333 0.250000 0.291667 0.333333 0.375000 0.416667 0.458333 0.500000 0.541667 0.583333 0.625000
0.666667 0.708333 0.750000 0.791667 0.833333 0.875000 0.916667 0.958333</float_array><technique_common><accessor source="#BatRig_Reference-visibility-animation-input-array" count="24"><param name="TIME" type="float"/></accessor></technique_common></source><source id="BatRig_Reference-visibility-animation-output"><float_array id="BatRig_Reference-visibility-animation-output-array" count="24">

1.000000 1.000000 1.000000 1.000000 1.000000 1.000000 1.000000 1.000000 1.000000 1.000000 1.000000 1.000000 1.000000 1.000000 1.000000 1.000000
1.000000 1.000000 1.000000 1.000000 1.000000 1.000000 1.000000 1.000000</float_array><technique_common><accessor source="#BatRig_Reference-visibility-animation-output-array" count="24"><param type="float"/></accessor></technique_common></source><source id="BatRig_Reference-visibility-animation-intan"><float_array id="BatRig_Reference-visibility-animation-intan-array" count="24">

0.000000 0.000000 0.000000 0.000000 0.000000 0.000000 0.000000 0.000000 0.000000 0.000000 0.000000 0.000000 0.000000 0.000000 0.000000 0.000000
0.000000 0.000000 0.000000 0.000000 0.000000 0.000000 0.000000 0.000000</float_array><technique_common><accessor source="#BatRig_Reference-visibility-animation-intan-array" count="24"><param type="float"/></accessor></technique_common></source><source id="BatRig_Reference-visibility-animation-outtan"><float_array id="BatRig_Reference-visibility-animation-outtan-array" count="24">

0.000000 0.000000 0.000000 0.000000 0.000000 0.000000 0.000000 0.000000 0.000000 0.000000 0.000000 0.000000 0.000000 0.000000 0.000000 0.000000
0.000000 0.000000 0.000000 0.000000 0.000000 0.000000 0.000000 0.000000</float_array><technique_common><accessor source="#BatRig_Reference-visibility-animation-outtan-array" count="24"><param type="float"/></accessor></technique_common></source><source id="BatRig_Reference-visibility-animation-interpolation"><Name_array id="BatRig_Reference-visibility-animation-interpolation-array" count="24">
 STEP STEP STEP STEP STEP STEP STEP STEP STEP STEP STEP STEP STEP STEP STEP STEP STEP
STEP STEP STEP STEP STEP STEP BEZIER</Name_array><technique_common><accessor source="#BatRig_Reference-visibility-animation-interpolation-array" count="24"><param type="name"/></accessor></technique_common></source><sampler id="BatRig_Reference-visibility-animation"><input semantic="INPUT" source="#BatRig_Reference-visibility-animation-input"/><input semantic="OUTPUT" source="#BatRig_Reference-visibility-animation-output"/><input semantic="IN_TANGENT" source="#BatRig_Reference-visibility-animation-intan"/><input semantic="OUT_TANGENT" source="#BatRig_Reference-visibility-animation-outtan"/><input semantic="INTERPOLATION" source="#BatRig_Reference-visibility-animation-interpolation"/></sampler><channel source="#BatRig_Reference-visibility-animation" target="BatRig_Reference/visibility"/></animation></animation>
    <animation id="BatRig_Hips-anim" name="BatRig_Hips"><animation><source id="BatRig_Hips-Matrix-animation-input"><float_array id="BatRig_Hips-Matrix-animation-input-array" count="24">

0.000000 0.041667 0.083333 0.125000 0.166667 0.208333 0.250000 0.291667 0.333333 0.375000 0.416667 0.458333 0.500000 0.541667 0.583333 0.625000
0.666667 0.708333 0.750000 0.791667 0.833333 0.875000 0.916667 0.958333</float_array><technique_common><accessor source="#BatRig_Hips-Matrix-animation-input-array" count="24"><param name="TIME" type="float"/></accessor></technique_common></source><source id="BatRig_Hips-Matrix-animation-output-transform"><float_array id="BatRig_Hips-Matrix-animation-output-transform-array" count="384">

0.569280 -0.006438 0.822119 0.000000 0.055359 0.998000 -0.030518 80.258545 -0.820278 0.062885 0.568498 0.000000 0.000000 0.000000 0.000000 1.000000
0.569280 -0.006438 0.822119 0.000000 0.055359 0.998000 -0.030518 80.258545 -0.820278 0.062885 0.568498 0.000000 0.000000 0.000000 0.000000 1.000000
0.569280 -0.006438 0.822119 0.000000 0.055359 0.998000 -0.030518 81.066116 -0.820278 0.062885 0.568498 0.000000 0.000000 0.000000 0.000000 1.000000
0.569280 -0.006438 0.822119 0.000000 0.055359 0.998000 -0.030518 81.066116 -0.820278 0.062885 0.568498 0.000000 0.000000 0.000000 0.000000 1.000000
0.569280 -0.006438 0.822119 0.000000 0.055359 0.998000 -0.030518 83.333298 -0.820278 0.062885 0.568498 0.000000 0.000000 0.000000 0.000000 1.000000
0.569280 -0.006438 0.822119 0.000000 0.055359 0.998000 -0.030518 85.600479 -0.820278 0.062885 0.568498 0.000000 0.000000 0.000000 0.000000 1.000000
0.569280 -0.006438 0.822119 0.000000 0.055359 0.998000 -0.030518 85.600479 -0.820278 0.062885 0.568498 0.000000 0.000000 0.000000 0.000000 1.000000
0.672373 0.021246 0.739907 0.000000 0.028661 0.998091 -0.054704 85.549942 -0.739657 0.057988 0.670481 0.000000 0.000000 0.000000 0.000000 1.000000
0.794268 0.060065 0.604591 0.000000 -0.013001 0.996554 -0.081926 85.254066 -0.607428 0.057211 0.792312 0.000000 0.000000 0.000000 0.000000 1.000000
0.960665 0.141987 0.238667 0.000000 -0.117866 0.986632 -0.112539 83.568932 -0.251455 0.079982 0.964559 0.000000 0.000000 0.000000 0.000000 1.000000
0.852625 0.239020 -0.464651 0.000000 -0.298979 0.952454 -0.058671 81.551895 0.428535 0.188945 0.883548 0.000000 0.000000 0.000000 0.000000 1.000000
0.852625 0.239020 -0.464651 0.000000 -0.298979 0.952454 -0.058671 81.551895 0.428535 0.188945 0.883548 0.000000 0.000000 0.000000 0.000000 1.000000
0.787228 0.287778 -0.545395 0.000000 -0.205749 0.956326 0.207625 81.462715 0.581325 -0.051234 0.812057 0.000000 0.000000 0.000000 0.000000 1.000000
0.776677 0.313944 -0.546088 0.000000 -0.135060 0.929782 0.342439 81.443062 0.615249 -0.192210 0.764542 0.000000 0.000000 0.000000 0.000000 1.000000
0.776063 0.331544 -0.536474 0.000000 -0.077481 0.894342 0.440624 81.412857 0.625877 -0.300386 0.719754 0.000000 0.000000 0.000000 0.000000 1.000000
0.769557 0.337464 -0.542125 0.000000 -0.071761 0.889281 0.451696 81.407799 0.634533 -0.308703 0.708569 0.000000 0.000000 0.000000 0.000000 1.000000
0.762965 0.341457 -0.548901 0.000000 -0.072500 0.888954 0.452222 81.407387 0.642362 -0.305234 0.702996 0.000000 0.000000 0.000000 0.000000 1.000000
0.776063 0.331544 -0.536474 0.000000 -0.077481 0.894342 0.440624 81.412857 0.625877 -0.300386 0.719754 0.000000 0.000000 0.000000 0.000000 1.000000
0.919024 0.209372 -0.334005 0.000000 -0.096258 0.940835 0.324907 81.348816 0.382270 -0.266447 0.884803 0.000000 0.000000 0.000000 0.000000 1.000000
0.992478 0.121857 -0.011770 0.000000 -0.115892 0.966158 0.230451 81.216255 0.039454 -0.227353 0.973013 0.000000 0.000000 0.000000 0.000000 1.000000
0.932294 0.047261 0.358601 0.000000 -0.097552 0.987542 0.123465 80.718018 -0.348299 -0.150088 0.925290 0.000000 0.000000 0.000000 0.000000 1.000000
0.758149 0.001728 0.652079 0.000000 -0.024200 0.999382 0.025488 74.756004 -0.651632 -0.035104 0.757722 0.000000 0.000000 0.000000 0.000000 1.000000
0.569280 -0.006438 0.822119 0.000000 0.055359 0.998000 -0.030518 73.909912 -0.820278 0.062885 0.568498 0.000000 0.000000 0.000000 0.000000 1.000000
0.537999 -0.005427 0.842928 0.000000 0.067645 0.997032 -0.036755 78.712753 -0.840227 0.076794 0.536769 0.000000 0.000000 0.000000 0.000000 1.000000</float_array><technique_common><accessor source="#BatRig_Hips-Matrix-animation-output-transform-array" count="24" stride="16"><param type="float4x4"/></accessor></technique_common></source><source id="BatRig_Hips-Interpolations"><Name_array id="BatRig_Hips-Interpolations-array" count="24">
 LINEAR LINEAR LINEAR LINEAR LINEAR LINEAR LINEAR LINEAR LINEAR LINEAR LINEAR
LINEAR LINEAR LINEAR LINEAR LINEAR LINEAR LINEAR LINEAR LINEAR LINEAR LINEAR LINEAR
LINEAR</Name_array><technique_common><accessor source="#BatRig_Hips-Interpolations-array" count="24"><param type="name"/></accessor></technique_common></source><sampler id="BatRig_Hips-Matrix-animation-transform"><input semantic="INPUT" source="#BatRig_Hips-Matrix-animation-input"/><input semantic="OUTPUT" source="#BatRig_Hips-Matrix-animation-output-transform"/><input semantic="INTERPOLATION" source="#BatRig_Hips-Interpolations"/></sampler><channel source="#BatRig_Hips-Matrix-animation-transform" target="BatRig_Hips/matrix"/></animation><animation><source id="BatRig_Hips-visibility-animation-input"><float_array id="BatRig_Hips-visibility-animation-input-array" count="24">

0.000000 0.041667 0.083333 0.125000 0.166667 0.208333 0.250000 0.291667 0.333333 0.375000 0.416667 0.458333 0.500000 0.541667 0.583333 0.625000
0.666667 0.708333 0.750000 0.791667 0.833333 0.875000 0.916667 0.958333</float_array><technique_common><accessor source="#BatRig_Hips-visibility-animation-input-array" count="24"><param name="TIME" type="float"/></accessor></technique_common></source><source id="BatRig_Hips-visibility-animation-output"><float_array id="BatRig_Hips-visibility-animation-output-array" count="24">

1.000000 1.000000 1.000000 1.000000 1.000000 1.000000 1.000000 1.000000 1.000000 1.000000 1.000000 1.000000 1.000000 1.000000 1.000000 1.000000
1.000000 1.000000 1.000000 1.000000 1.000000 1.000000 1.000000 1.000000</float_array><technique_common><accessor source="#BatRig_Hips-visibility-animation-output-array" count="24"><param type="float"/></accessor></technique_common></source><source id="BatRig_Hips-visibility-animation-intan"><float_array id="BatRig_Hips-visibility-animation-intan-array" count="24">

0.000000 0.000000 0.000000 0.000000 0.000000 0.000000 0.000000 0.000000 0.000000 0.000000 0.000000 0.000000 0.000000 0.000000 0.000000 0.000000
0.000000 0.000000 0.000000 0.000000 0.000000 0.000000 0.000000 0.000000</float_array><technique_common><accessor source="#BatRig_Hips-visibility-animation-intan-array" count="24"><param type="float"/></accessor></technique_common></source><source id="BatRig_Hips-visibility-animation-outtan"><float_array id="BatRig_Hips-visibility-animation-outtan-array" count="24">

0.000000 0.000000 0.000000 0.000000 0.000000 0.000000 0.000000 0.000000 0.000000 0.000000 0.000000 0.000000 0.000000 0.000000 0.000000 0.000000
0.000000 0.000000 0.000000 0.000000 0.000000 0.000000 0.000000 0.000000</float_array><technique_common><accessor source="#BatRig_Hips-visibility-animation-outtan-array" count="24"><param type="float"/></accessor></technique_common></source><source id="BatRig_Hips-visibility-animation-interpolation"><Name_array id="BatRig_Hips-visibility-animation-interpolation-array" count="24">
 STEP STEP STEP STEP STEP STEP STEP STEP STEP STEP STEP STEP STEP STEP STEP STEP STEP
STEP STEP STEP STEP STEP STEP BEZIER</Name_array><technique_common><accessor source="#BatRig_Hips-visibility-animation-interpolation-array" count="24"><param type="name"/></accessor></technique_common></source><sampler id="BatRig_Hips-visibility-animation"><input semantic="INPUT" source="#BatRig_Hips-visibility-animation-input"/><input semantic="OUTPUT" source="#BatRig_Hips-visibility-animation-output"/><input semantic="IN_TANGENT" source="#BatRig_Hips-visibility-animation-intan"/><input semantic="OUT_TANGENT" source="#BatRig_Hips-visibility-animation-outtan"/><input semantic="INTERPOLATION" source="#BatRig_Hips-visibility-animation-interpolation"/></sampler><channel source="#BatRig_Hips-visibility-animation" target="BatRig_Hips/visibility"/></animation></animation>
    <animation id="BatRig_Spine-anim" name="BatRig_Spine"><animation><source id="BatRig_Spine-Matrix-animation-input"><float_array id="BatRig_Spine-Matrix-animation-input-array" count="24">

0.000000 0.041667 0.083333 0.125000 0.166667 0.208333 0.250000 0.291667 0.333333 0.375000 0.416667 0.458333 0.500000 0.541667 0.583333 0.625000
0.666667 0.708333 0.750000 0.791667 0.833333 0.875000 0.916667 0.958333</float_array><technique_common><accessor source="#BatRig_Spine-Matrix-animation-input-array" count="24"><param name="TIME" type="float"/></accessor></technique_common></source><source id="BatRig_Spine-Matrix-animation-output-transform"><float_array id="BatRig_Spine-Matrix-animation-output-transform-array" count="384">

0.995664 0.050422 -0.078176 0.000006 -0.044639 0.996256 0.074032 3.725675 0.081616 -0.070221 0.994187 -0.000004 0.000000 0.000000 0.000000 1.000000
0.995664 0.050422 -0.078176 0.000006 -0.044639 0.996256 0.074032 3.725675 0.081616 -0.070221 0.994187 -0.000004 0.000000 0.000000 0.000000 1.000000
0.990644 0.049751 -0.127083 0.000006 -0.039944 0.996106 0.078591 3.725675 0.130498 -0.072779 0.988774 -0.000004 0.000000 0.000000 0.000000 1.000000
0.990644 0.049752 -0.127083 0.000006 -0.039944 0.996106 0.078592 3.725675 0.130498 -0.072780 0.988774 -0.000004 0.000000 0.000000 0.000000 1.000000
0.990037 -0.121012 -0.071988 0.000006 0.114120 0.989087 -0.093190 3.725675 0.082479 0.084046 0.993043 -0.000004 0.000000 0.000000 0.000000 1.000000
0.990873 -0.133668 -0.017421 0.000006 0.131331 0.986412 -0.098705 3.725675 0.030378 0.095516 0.994964 -0.000004 0.000000 0.000000 0.000000 1.000000
0.990873 -0.133668 -0.017421 0.000006 0.131331 0.986412 -0.098705 3.725675 0.030378 0.095516 0.994964 -0.000004 0.000000 0.000000 0.000000 1.000000
0.968209 -0.249168 -0.022066 0.000006 0.242669 0.957020 -0.158820 3.725675 0.060690 0.148416 0.987061 -0.000004 0.000000 0.000000 0.000000 1.000000
0.965526 -0.257663 -0.037013 0.000006 0.248229 0.954179 -0.167105 3.725675 0.078374 0.152156 0.985244 -0.000004 0.000000 0.000000 0.000000 1.000000
0.958580 -0.274385 -0.076403 0.000006 0.255709 0.947201 -0.193451 3.725675 0.125449 0.165901 0.978131 -0.000004 0.000000 0.000000 0.000000 1.000000
0.949037 -0.284690 -0.135204 0.000006 0.252206 0.943282 -0.215895 3.725675 0.188998 0.170793 0.967011 -0.000004 0.000000 0.000000 0.000000 1.000000
0.949038 -0.284689 -0.135203 0.000006 0.252206 0.943283 -0.215893 3.725675 0.188997 0.170792 0.967011 -0.000004 0.000000 0.000000 0.000000 1.000000
0.952155 -0.274265 -0.134830 0.000006 0.239881 0.944051 -0.226330 3.725675 0.189361 0.183158 0.964674 -0.000004 0.000000 0.000000 0.000000 1.000000
0.952435 -0.273541 -0.134323 0.000006 0.239140 0.944094 -0.226934 3.725675 0.188889 0.184018 0.964603 -0.000004 0.000000 0.000000 0.000000 1.000000
0.952488 -0.273487 -0.134055 0.000006 0.239140 0.944097 -0.226921 3.725675 0.188621 0.184082 0.964643 -0.000004 0.000000 0.000000 0.000000 1.000000
0.952489 -0.273486 -0.134055 0.000006 0.239139 0.944097 -0.226921 3.725675 0.188621 0.184082 0.964643 -0.000004 0.000000 0.000000 0.000000 1.000000
0.952489 -0.273485 -0.134056 0.000006 0.239138 0.944097 -0.226921 3.725675 0.188621 0.184082 0.964643 -0.000004 0.000000 0.000000 0.000000 1.000000
0.952489 -0.273485 -0.134056 0.000006 0.239138 0.944097 -0.226921 3.725675 0.188621 0.184082 0.964643 -0.000004 0.000000 0.000000 0.000000 1.000000
0.991845 -0.020766 -0.125750 0.000006 0.017503 0.999482 -0.027001 3.725675 0.126246 0.024580 0.991694 -0.000004 0.000000 0.000000 0.000000 1.000000
0.995152 0.028235 -0.094212 0.000006 -0.026686 0.999488 0.017657 3.725675 0.094662 -0.015057 0.995396 -0.000004 0.000000 0.000000 0.000000 1.000000
0.997490 0.031888 -0.063224 0.000006 -0.030679 0.999329 0.020001 3.725675 0.063819 -0.018011 0.997799 -0.000004 0.000000 0.000000 0.000000 1.000000
0.997844 0.057499 -0.031647 0.000006 -0.056335 0.997744 0.036518 3.725675 0.033675 -0.034656 0.998832 -0.000004 0.000000 0.000000 0.000000 1.000000
0.997810 0.059408 -0.029073 0.000006 -0.058297 0.997588 0.037672 3.725675 0.031241 -0.035895 0.998867 -0.000004 0.000000 0.000000 0.000000 1.000000
0.997810 0.059408 -0.029073 0.000006 -0.058297 0.997588 0.037672 3.725675 0.031241 -0.035895 0.998867 -0.000004 0.000000 0.000000 0.000000 1.000000</float_array><technique_common><accessor source="#BatRig_Spine-Matrix-animation-output-transform-array" count="24" stride="16"><param type="float4x4"/></accessor></technique_common></source><source id="BatRig_Spine-Interpolations"><Name_array id="BatRig_Spine-Interpolations-array" count="24">
 LINEAR LINEAR LINEAR LINEAR LINEAR LINEAR LINEAR LINEAR LINEAR LINEAR LINEAR
LINEAR LINEAR LINEAR LINEAR LINEAR LINEAR LINEAR LINEAR LINEAR LINEAR LINEAR LINEAR
LINEAR</Name_array><technique_common><accessor source="#BatRig_Spine-Interpolations-array" count="24"><param type="name"/></accessor></technique_common></source><sampler id="BatRig_Spine-Matrix-animation-transform"><input semantic="INPUT" source="#BatRig_Spine-Matrix-animation-input"/><input semantic="OUTPUT" source="#BatRig_Spine-Matrix-animation-output-transform"/><input semantic="INTERPOLATION" source="#BatRig_Spine-Interpolations"/></sampler><channel source="#BatRig_Spine-Matrix-animation-transform" target="BatRig_Spine/matrix"/></animation><animation><source id="BatRig_Spine-visibility-animation-input"><float_array id="BatRig_Spine-visibility-animation-input-array" count="24">

0.000000 0.041667 0.083333 0.125000 0.166667 0.208333 0.250000 0.291667 0.333333 0.375000 0.416667 0.458333 0.500000 0.541667 0.583333 0.625000
0.666667 0.708333 0.750000 0.791667 0.833333 0.875000 0.916667 0.958333</float_array><technique_common><accessor source="#BatRig_Spine-visibility-animation-input-array" count="24"><param name="TIME" type="float"/></accessor></technique_common></source><source id="BatRig_Spine-visibility-animation-output"><float_array id="BatRig_Spine-visibility-animation-output-array" count="24">

1.000000 1.000000 1.000000 1.000000 1.000000 1.000000 1.000000 1.000000 1.000000 1.000000 1.000000 1.000000 1.000000 1.000000 1.000000 1.000000
1.000000 1.000000 1.000000 1.000000 1.000000 1.000000 1.000000 1.000000</float_array><technique_common><accessor source="#BatRig_Spine-visibility-animation-output-array" count="24"><param type="float"/></accessor></technique_common></source><source id="BatRig_Spine-visibility-animation-intan"><float_array id="BatRig_Spine-visibility-animation-intan-array" count="24">

0.000000 0.000000 0.000000 0.000000 0.000000 0.000000 0.000000 0.000000 0.000000 0.000000 0.000000 0.000000 0.000000 0.000000 0.000000 0.000000
0.000000 0.000000 0.000000 0.000000 0.000000 0.000000 0.000000 0.000000</float_array><technique_common><accessor source="#BatRig_Spine-visibility-animation-intan-array" count="24"><param type="float"/></accessor></technique_common></source><source id="BatRig_Spine-visibility-animation-outtan"><float_array id="BatRig_Spine-visibility-animation-outtan-array" count="24">

0.000000 0.000000 0.000000 0.000000 0.000000 0.000000 0.000000 0.000000 0.000000 0.000000 0.000000 0.000000 0.000000 0.000000 0.000000 0.000000
0.000000 0.000000 0.000000 0.000000 0.000000 0.000000 0.000000 0.000000</float_array><technique_common><accessor source="#BatRig_Spine-visibility-animation-outtan-array" count="24"><param type="float"/></accessor></technique_common></source><source id="BatRig_Spine-visibility-animation-interpolation"><Name_array id="BatRig_Spine-visibility-animation-interpolation-array" count="24">
 STEP STEP STEP STEP STEP STEP STEP STEP STEP STEP STEP STEP STEP STEP STEP STEP STEP
STEP STEP STEP STEP STEP STEP BEZIER</Name_array><technique_common><accessor source="#BatRig_Spine-visibility-animation-interpolation-array" count="24"><param type="name"/></accessor></technique_common></source><sampler id="BatRig_Spine-visibility-animation"><input semantic="INPUT" source="#BatRig_Spine-visibility-animation-input"/><input semantic="OUTPUT" source="#BatRig_Spine-visibility-animation-output"/><input semantic="IN_TANGENT" source="#BatRig_Spine-visibility-animation-intan"/><input semantic="OUT_TANGENT" source="#BatRig_Spine-visibility-animation-outtan"/><input semantic="INTERPOLATION" source="#BatRig_Spine-visibility-animation-interpolation"/></sampler><channel source="#BatRig_Spine-visibility-animation" target="BatRig_Spine/visibility"/></animation></animation>
    <animation id="BatRig_Spine1-anim" name="BatRig_Spine1"><animation><source id="BatRig_Spine1-Matrix-animation-input"><float_array id="BatRig_Spine1-Matrix-animation-input-array" count="24">

0.000000 0.041667 0.083333 0.125000 0.166667 0.208333 0.250000 0.291667 0.333333 0.375000 0.416667 0.458333 0.500000 0.541667 0.583333 0.625000
0.666667 0.708333 0.750000 0.791667 0.833333 0.875000 0.916667 0.958333</float_array><technique_common><accessor source="#BatRig_Spine1-Matrix-animation-input-array" count="24"><param name="TIME" type="float"/></accessor></technique_common></source><source id="BatRig_Spine1-Matrix-animation-output-transform"><float_array id="BatRig_Spine1-Matrix-animation-output-transform-array" count="384">

0.993866 0.052232 -0.097480 -0.000004 -0.059804 0.995279 -0.076439 10.999834 0.093027 0.081800 0.992298 0.000001 0.000000 0.000000 0.000000 1.000000
0.993866 0.052232 -0.097480 -0.000004 -0.059804 0.995279 -0.076439 10.999834 0.093027 0.081800 0.992298 0.000001 0.000000 0.000000 0.000000 1.000000
0.979364 0.056016 -0.194186 -0.000004 -0.070577 0.995125 -0.068891 10.999834 0.189380 0.081174 0.978543 0.000001 0.000000 0.000000 0.000000 1.000000
0.979364 0.056016 -0.194186 -0.000004 -0.070577 0.995125 -0.068891 10.999834 0.189380 0.081174 0.978543 0.000001 0.000000 0.000000 0.000000 1.000000
0.997498 -0.024274 -0.066396 -0.000004 0.014442 0.989364 -0.144744 10.999834 0.069203 0.143423 0.987239 0.000001 0.000000 0.000000 0.000000 1.000000
0.997571 -0.030263 0.062740 -0.000004 0.039165 0.988522 -0.145911 10.999834 -0.057604 0.148014 0.987306 0.000001 0.000000 0.000000 0.000000 1.000000
0.997571 -0.030263 0.062740 -0.000004 0.039165 0.988522 -0.145911 10.999834 -0.057604 0.148014 0.987306 0.000001 0.000000 0.000000 0.000000 1.000000
0.998504 0.003076 0.054591 -0.000004 0.007944 0.979662 -0.200499 10.999834 -0.054097 0.200633 0.978172 0.000001 0.000000 0.000000 0.000000 1.000000
0.999534 0.005562 0.030030 -0.000004 0.000700 0.978845 -0.204603 10.999834 -0.030533 0.204529 0.978384 0.000001 0.000000 0.000000 0.000000 1.000000
0.999335 0.008236 -0.035515 -0.000004 -0.015462 0.977943 -0.208300 10.999834 0.033016 0.208711 0.977420 0.000001 0.000000 0.000000 0.000000 1.000000
0.990992 0.011107 -0.133463 -0.000004 -0.039212 0.976946 -0.209856 10.999834 0.128055 0.213199 0.968580 0.000001 0.000000 0.000000 0.000000 1.000000
0.990992 0.011107 -0.133463 -0.000004 -0.039212 0.976946 -0.209856 10.999834 0.128055 0.213199 0.968580 0.000001 0.000000 0.000000 0.000000 1.000000
0.989617 0.016019 -0.142835 -0.000004 -0.046432 0.976117 -0.212226 10.999834 0.136024 0.216655 0.966725 0.000001 0.000000 0.000000 0.000000 1.000000
0.989441 0.016359 -0.144008 -0.000004 -0.047046 0.976058 -0.212361 10.999834 0.137086 0.216894 0.966522 0.000001 0.000000 0.000000 0.000000 1.000000
0.989417 0.016385 -0.144174 -0.000004 -0.047109 0.976054 -0.212368 10.999834 0.137242 0.216912 0.966496 0.000001 0.000000 0.000000 0.000000 1.000000
0.989417 0.016385 -0.144175 -0.000004 -0.047109 0.976054 -0.212368 10.999834 0.137243 0.216912 0.966496 0.000001 0.000000 0.000000 0.000000 1.000000
0.989417 0.016385 -0.144175 -0.000004 -0.047109 0.976054 -0.212368 10.999834 0.137243 0.216912 0.966496 0.000001 0.000000 0.000000 0.000000 1.000000
0.989417 0.016385 -0.144175 -0.000004 -0.047109 0.976054 -0.212368 10.999834 0.137243 0.216912 0.966496 0.000001 0.000000 0.000000 0.000000 1.000000
0.990712 -0.037081 -0.130823 -0.000004 0.006935 0.974626 -0.223731 10.999834 0.135800 0.220746 0.965831 0.000001 0.000000 0.000000 0.000000 1.000000
0.996070 0.000043 -0.088573 -0.000004 -0.009761 0.993963 -0.109284 10.999834 0.088034 0.109719 0.990056 0.000001 0.000000 0.000000 0.000000 1.000000
0.998934 0.002813 -0.046072 -0.000004 -0.007465 0.994847 -0.101117 10.999834 0.045550 0.101353 0.993807 0.000001 0.000000 0.000000 0.000000 1.000000
0.999993 0.001543 -0.003288 -0.000004 -0.001835 0.995862 -0.090864 10.999834 0.003134 0.090869 0.995858 0.000001 0.000000 0.000000 0.000000 1.000000
0.999999 0.001448 0.000199 -0.000004 -0.001424 0.995933 -0.090086 10.999834 -0.000329 0.090086 0.995934 0.000001 0.000000 0.000000 0.000000 1.000000
0.999999 0.001448 0.000201 -0.000004 -0.001424 0.995933 -0.090086 10.999834 -0.000331 0.090086 0.995934 0.000001 0.000000 0.000000 0.000000 1.000000</float_array><technique_common><accessor source="#BatRig_Spine1-Matrix-animation-output-transform-array" count="24" stride="16"><param type="float4x4"/></accessor></technique_common></source><source id="BatRig_Spine1-Interpolations"><Name_array id="BatRig_Spine1-Interpolations-array" count="24">
 LINEAR LINEAR LINEAR LINEAR LINEAR LINEAR LINEAR LINEAR LINEAR LINEAR LINEAR
LINEAR LINEAR LINEAR LINEAR LINEAR LINEAR LINEAR LINEAR LINEAR LINEAR LINEAR LINEAR
LINEAR</Name_array><technique_common><accessor source="#BatRig_Spine1-Interpolations-array" count="24"><param type="name"/></accessor></technique_common></source><sampler id="BatRig_Spine1-Matrix-animation-transform"><input semantic="INPUT" source="#BatRig_Spine1-Matrix-animation-input"/><input semantic="OUTPUT" source="#BatRig_Spine1-Matrix-animation-output-transform"/><input semantic="INTERPOLATION" source="#BatRig_Spine1-Interpolations"/></sampler><channel source="#BatRig_Spine1-Matrix-animation-transform" target="BatRig_Spine1/matrix"/></animation><animation><source id="BatRig_Spine1-visibility-animation-input"><float_array id="BatRig_Spine1-visibility-animation-input-array" count="24">

0.000000 0.041667 0.083333 0.125000 0.166667 0.208333 0.250000 0.291667 0.333333 0.375000 0.416667 0.458333 0.500000 0.541667 0.583333 0.625000
0.666667 0.708333 0.750000 0.791667 0.833333 0.875000 0.916667 0.958333</float_array><technique_common><accessor source="#BatRig_Spine1-visibility-animation-input-array" count="24"><param name="TIME" type="float"/></accessor></technique_common></source><source id="BatRig_Spine1-visibility-animation-output"><float_array id="BatRig_Spine1-visibility-animation-output-array" count="24">

1.000000 1.000000 1.000000 1.000000 1.000000 1.000000 1.000000 1.000000 1.000000 1.000000 1.000000 1.000000 1.000000 1.000000 1.000000 1.000000
1.000000 1.000000 1.000000 1.000000 1.000000 1.000000 1.000000 1.000000</float_array><technique_common><accessor source="#BatRig_Spine1-visibility-animation-output-array" count="24"><param type="float"/></accessor></technique_common></source><source id="BatRig_Spine1-visibility-animation-intan"><float_array id="BatRig_Spine1-visibility-animation-intan-array" count="24">

0.000000 0.000000 0.000000 0.000000 0.000000 0.000000 0.000000 0.000000 0.000000 0.000000 0.000000 0.000000 0.000000 0.000000 0.000000 0.000000
0.000000 0.000000 0.000000 0.000000 0.000000 0.000000 0.000000 0.000000</float_array><technique_common><accessor source="#BatRig_Spine1-visibility-animation-intan-array" count="24"><param type="float"/></accessor></technique_common></source><source id="BatRig_Spine1-visibility-animation-outtan"><float_array id="BatRig_Spine1-visibility-animation-outtan-array" count="24">

0.000000 0.000000 0.000000 0.000000 0.000000 0.000000 0.000000 0.000000 0.000000 0.000000 0.000000 0.000000 0.000000 0.000000 0.000000 0.000000
0.000000 0.000000 0.000000 0.000000 0.000000 0.000000 0.000000 0.000000</float_array><technique_common><accessor source="#BatRig_Spine1-visibility-animation-outtan-array" count="24"><param type="float"/></accessor></technique_common></source><source id="BatRig_Spine1-visibility-animation-interpolation"><Name_array id="BatRig_Spine1-visibility-animation-interpolation-array" count="24">
 STEP STEP STEP STEP STEP STEP STEP STEP STEP STEP STEP STEP STEP STEP STEP STEP STEP
STEP STEP STEP STEP STEP STEP BEZIER</Name_array><technique_common><accessor source="#BatRig_Spine1-visibility-animation-interpolation-array" count="24"><param type="name"/></accessor></technique_common></source><sampler id="BatRig_Spine1-visibility-animation"><input semantic="INPUT" source="#BatRig_Spine1-visibility-animation-input"/><input semantic="OUTPUT" source="#BatRig_Spine1-visibility-animation-output"/><input semantic="IN_TANGENT" source="#BatRig_Spine1-visibility-animation-intan"/><input semantic="OUT_TANGENT" source="#BatRig_Spine1-visibility-animation-outtan"/><input semantic="INTERPOLATION" source="#BatRig_Spine1-visibility-animation-interpolation"/></sampler><channel source="#BatRig_Spine1-visibility-animation" target="BatRig_Spine1/visibility"/></animation></animation>
    <animation id="BatRig_Spine2-anim" name="BatRig_Spine2"><animation><source id="BatRig_Spine2-Matrix-animation-input"><float_array id="BatRig_Spine2-Matrix-animation-input-array" count="24">

0.000000 0.041667 0.083333 0.125000 0.166667 0.208333 0.250000 0.291667 0.333333 0.375000 0.416667 0.458333 0.500000 0.541667 0.583333 0.625000
0.666667 0.708333 0.750000 0.791667 0.833333 0.875000 0.916667 0.958333</float_array><technique_common><accessor source="#BatRig_Spine2-Matrix-animation-input-array" count="24"><param name="TIME" type="float"/></accessor></technique_common></source><source id="BatRig_Spine2-Matrix-animation-output-transform"><float_array id="BatRig_Spine2-Matrix-animation-output-transform-array" count="384">

0.994017 0.040176 -0.101567 -0.000007 -0.047924 0.996029 -0.075035 11.776693 0.098149 0.079454 0.991995 0.000010 0.000000 0.000000 0.000000 1.000000
0.994017 0.040176 -0.101567 -0.000007 -0.047924 0.996029 -0.075035 11.776693 0.098149 0.079454 0.991995 0.000010 0.000000 0.000000 0.000000 1.000000
0.979393 0.035758 -0.198772 -0.000007 -0.050366 0.996350 -0.068924 11.776693 0.195582 0.077515 0.977619 0.000010 0.000000 0.000000 0.000000 1.000000
0.979393 0.035758 -0.198772 -0.000007 -0.050366 0.996350 -0.068924 11.776693 0.195582 0.077515 0.977619 0.000010 0.000000 0.000000 0.000000 1.000000
0.997580 -0.027134 -0.064008 -0.000007 0.017854 0.989802 -0.141329 11.776693 0.067190 0.139844 0.987891 0.000010 0.000000 0.000000 0.000000 1.000000
0.997540 -0.022005 0.066551 -0.000007 0.031340 0.989277 -0.142651 11.776693 -0.062698 0.144386 0.987533 0.000010 0.000000 0.000000 0.000000 1.000000
0.997540 -0.022005 0.066551 -0.000007 0.031340 0.989277 -0.142651 11.776693 -0.062698 0.144386 0.987533 0.000010 0.000000 0.000000 0.000000 1.000000
0.998156 0.026900 0.054419 -0.000007 -0.013662 0.973003 -0.230386 11.776693 -0.059147 0.229218 0.971576 0.000010 0.000000 0.000000 0.000000 1.000000
0.999147 0.028614 0.029785 -0.000007 -0.020774 0.971438 -0.236381 11.776693 -0.035698 0.235560 0.971204 0.000010 0.000000 0.000000 0.000000 1.000000
0.998998 0.027295 -0.035472 -0.000007 -0.035065 0.969822 -0.241281 11.776693 0.027816 0.242283 0.969807 0.000010 0.000000 0.000000 0.000000 1.000000
0.990853 0.023655 -0.132854 -0.000007 -0.055790 0.968247 -0.243691 11.776693 0.122871 0.248874 0.960710 0.000010 0.000000 0.000000 0.000000 1.000000
0.990853 0.023655 -0.132854 -0.000007 -0.055790 0.968247 -0.243692 11.776693 0.122871 0.248875 0.960710 0.000010 0.000000 0.000000 0.000000 1.000000
0.989349 0.026394 -0.143153 -0.000007 -0.061359 0.967403 -0.245695 11.776693 0.132002 0.251862 0.958718 0.000010 0.000000 0.000000 0.000000 1.000000
0.989160 0.026538 -0.144425 -0.000007 -0.061841 0.967347 -0.245796 11.776693 0.133186 0.252063 0.958502 0.000010 0.000000 0.000000 0.000000 1.000000
0.989134 0.026542 -0.144604 -0.000007 -0.061891 0.967343 -0.245798 11.776693 0.133358 0.252077 0.958474 0.000010 0.000000 0.000000 0.000000 1.000000
0.989134 0.026542 -0.144604 -0.000007 -0.061891 0.967343 -0.245797 11.776693 0.133358 0.252076 0.958474 0.000010 0.000000 0.000000 0.000000 1.000000
0.989134 0.026542 -0.144604 -0.000007 -0.061891 0.967343 -0.245797 11.776693 0.133358 0.252076 0.958474 0.000010 0.000000 0.000000 0.000000 1.000000
0.989134 0.026542 -0.144604 -0.000007 -0.061891 0.967343 -0.245797 11.776693 0.133358 0.252076 0.958474 0.000010 0.000000 0.000000 0.000000 1.000000
0.991611 -0.029451 -0.125860 -0.000007 -0.000904 0.972095 -0.234586 11.776693 0.129257 0.232732 0.963913 0.000010 0.000000 0.000000 0.000000 1.000000
0.996237 -0.004003 -0.086581 -0.000007 -0.005849 0.993550 -0.113242 11.776693 0.086476 0.113322 0.989788 0.000010 0.000000 0.000000 0.000000 1.000000
0.998959 0.000995 -0.045601 -0.000007 -0.005755 0.994522 -0.104364 11.776693 0.045247 0.104518 0.993493 0.000010 0.000000 0.000000 0.000000 1.000000
0.999993 0.001399 -0.003330 -0.000007 -0.001697 0.995841 -0.091089 11.776693 0.003189 0.091094 0.995837 0.000010 0.000000 0.000000 0.000000 1.000000
0.999999 0.001456 0.000140 -0.000007 -0.001437 0.995933 -0.090086 11.776693 -0.000271 0.090086 0.995934 0.000010 0.000000 0.000000 0.000000 1.000000
0.999999 0.001456 0.000140 -0.000007 -0.001437 0.995933 -0.090086 11.776693 -0.000271 0.090086 0.995934 0.000010 0.000000 0.000000 0.000000 1.000000</float_array><technique_common><accessor source="#BatRig_Spine2-Matrix-animation-output-transform-array" count="24" stride="16"><param type="float4x4"/></accessor></technique_common></source><source id="BatRig_Spine2-Interpolations"><Name_array id="BatRig_Spine2-Interpolations-array" count="24">
 LINEAR LINEAR LINEAR LINEAR LINEAR LINEAR LINEAR LINEAR LINEAR LINEAR LINEAR
LINEAR LINEAR LINEAR LINEAR LINEAR LINEAR LINEAR LINEAR LINEAR LINEAR LINEAR LINEAR
LINEAR</Name_array><technique_common><accessor source="#BatRig_Spine2-Interpolations-array" count="24"><param type="name"/></accessor></technique_common></source><sampler id="BatRig_Spine2-Matrix-animation-transform"><input semantic="INPUT" source="#BatRig_Spine2-Matrix-animation-input"/><input semantic="OUTPUT" source="#BatRig_Spine2-Matrix-animation-output-transform"/><input semantic="INTERPOLATION" source="#BatRig_Spine2-Interpolations"/></sampler><channel source="#BatRig_Spine2-Matrix-animation-transform" target="BatRig_Spine2/matrix"/></animation><animation><source id="BatRig_Spine2-visibility-animation-input"><float_array id="BatRig_Spine2-visibility-animation-input-array" count="24">

0.000000 0.041667 0.083333 0.125000 0.166667 0.208333 0.250000 0.291667 0.333333 0.375000 0.416667 0.458333 0.500000 0.541667 0.583333 0.625000
