<?xml version="1.0" encoding="utf-8"?>
<COLLADA xmlns="http://www.collada.org/2005/11/COLLADASchema" version="1.4.1">
  <asset><contributor><author></author><authoring_tool>FBX COLLADA exporter</authoring_tool><comments></comments></contributor><created>2017-08-30T19:17:54Z</created><keywords></keywords><modified>2017-08-30T19:17:54Z</modified><revision></revision><subject></subject><title></title><unit meter="0.010000" name="centimeter"></unit><up_axis>Y_UP</up_axis></asset>
  <library_animations>
    <animation id="BatRig_Reference-anim" name="BatRig_Reference"><animation><source id="BatRig_Reference-Matrix-animation-input"><float_array id="BatRig_Reference-Matrix-animation-input-array" count="18">

0.000000 0.041667 0.083333 0.125000 0.166667 0.208333 0.250000 0.291667 0.333333 0.375000 0.416667 0.458333 0.500000 0.541667 0.583333 0.625000
0.666667 0.708333</float_array><technique_common><accessor source="#BatRig_Reference-Matrix-animation-input-array" count="18"><param name="TIME" type="float"/></accessor></technique_common></source><source id="BatRig_Reference-Matrix-animation-output-transform"><float_array id="BatRig_Reference-Matrix-animation-output-transform-array" count="288">

1.000000 0.000000 0.000000 4.161349 0.000000 1.000000 0.000000 0.000000 0.000000 0.000000 1.000000 -0.531794 0.000000 0.000000 0.000000 1.000000
1.000000 0.000000 0.000000 4.198254 0.000000 1.000000 0.000000 0.000000 0.000000 0.000000 1.000000 -0.503415 0.000000 0.000000 0.000000 1.000000
1.000000 0.000000 0.000000 4.310710 0.000000 1.000000 0.000000 0.000000 0.000000 0.000000 1.000000 -0.416951 0.000000 0.000000 0.000000 1.000000
1.000000 0.000000 0.000000 4.430931 0.000000 1.000000 0.000000 0.000000 0.000000 0.000000 1.000000 -0.324539 0.000000 0.000000 0.000000 1.000000
1.000000 0.000000 0.000000 4.550437 0.000000 1.000000 0.000000 0.000000 0.000000 0.000000 1.000000 -0.232687 0.000000 0.000000 0.000000 1.000000
1.000000 0.000000 0.000000 4.661320 0.000000 1.000000 0.000000 0.000000 0.000000 0.000000 1.000000 -0.147463 0.000000 0.000000 0.000000 1.000000
1.000000 0.000000 0.000000 4.756466 0.000000 1.000000 0.000000 0.000000 0.000000 0.000000 1.000000 -0.074332 0.000000 0.000000 0.000000 1.000000
1.000000 0.000000 0.000000 4.826736 0.000000 1.000000 0.000000 0.000000 0.000000 0.000000 1.000000 -0.020307 0.000000 0.000000 0.000000 1.000000
1.000000 0.000000 0.000000 4.865399 0.000000 1.000000 0.000000 0.000000 0.000000 0.000000 1.000000 0.009444 0.000000 0.000000 0.000000 1.000000
1.000000 0.000000 0.000000 4.867672 0.000000 1.000000 0.000000 0.000000 0.000000 0.000000 1.000000 0.011019 0.000000 0.000000 0.000000 1.000000
1.000000 0.000000 0.000000 4.844791 0.000000 1.000000 0.000000 0.000000 0.000000 0.000000 1.000000 -0.007806 0.000000 0.000000 0.000000 1.000000
1.000000 0.000000 0.000000 4.804172 0.000000 1.000000 0.000000 0.000000 0.000000 0.000000 1.000000 -0.041308 0.000000 0.000000 0.000000 1.000000
1.000000 0.000000 0.000000 4.749592 0.000000 1.000000 0.000000 0.000000 0.000000 0.000000 1.000000 -0.086366 0.000000 0.000000 0.000000 1.000000
1.000000 0.000000 0.000000 4.686183 0.000000 1.000000 0.000000 0.000000 0.000000 0.000000 1.000000 -0.138732 0.000000 0.000000 0.000000 1.000000
1.000000 0.000000 0.000000 4.617942 0.000000 1.000000 0.000000 0.000000 0.000000 0.000000 1.000000 -0.195106 0.000000 0.000000 0.000000 1.000000
1.000000 0.000000 0.000000 4.549307 0.000000 1.000000 0.000000 0.000000 0.000000 0.000000 1.000000 -0.251818 0.000000 0.000000 0.000000 1.000000
1.000000 0.000000 0.000000 4.485038 0.000000 1.000000 0.000000 0.000000 0.000000 0.000000 1.000000 -0.304934 0.000000 0.000000 0.000000 1.000000
1.000000 0.000000 0.000000 4.428436 0.000000 1.000000 0.000000 0.000000 0.000000 0.000000 1.000000 -0.351720 0.000000 0.000000 0.000000 1.000000</float_array><technique_common><accessor source="#BatRig_Reference-Matrix-animation-output-transform-array" count="18" stride="16"><param type="float4x4"/></accessor></technique_common></source><source id="BatRig_Reference-Interpolations"><Name_array id="BatRig_Reference-Interpolations-array" count="18">
 LINEAR LINEAR LINEAR LINEAR LINEAR LINEAR LINEAR LINEAR LINEAR LINEAR LINEAR
LINEAR LINEAR LINEAR LINEAR LINEAR LINEAR LINEAR</Name_array><technique_common><accessor source="#BatRig_Reference-Interpolations-array" count="18"><param type="name"/></accessor></technique_common></source><sampler id="BatRig_Reference-Matrix-animation-transform"><input semantic="INPUT" source="#BatRig_Reference-Matrix-animation-input"/><input semantic="OUTPUT" source="#BatRig_Reference-Matrix-animation-output-transform"/><input semantic="INTERPOLATION" source="#BatRig_Reference-Interpolations"/></sampler><channel source="#BatRig_Reference-Matrix-animation-transform" target="BatRig_Reference/matrix"/></animation><animation><source id="BatRig_Reference-visibility-animation-input"><float_array id="BatRig_Reference-visibility-animation-input-array" count="18">

0.000000 0.041667 0.083333 0.125000 0.166667 0.208333 0.250000 0.291667 0.333333 0.375000 0.416667 0.458333 0.500000 0.541667 0.583333 0.625000
0.666667 0.708333</float_array><technique_common><accessor source="#BatRig_Reference-visibility-animation-input-array" count="18"><param name="TIME" type="float"/></accessor></technique_common></source><source id="BatRig_Reference-visibility-animation-output"><float_array id="BatRig_Reference-visibility-animation-output-array" count="18">

1.000000 1.000000 1.000000 1.000000 1.000000 1.000000 1.000000 1.000000 1.000000 1.000000 1.000000 1.000000 1.000000 1.000000 1.000000 1.000000
1.000000 1.000000</float_array><technique_common><accessor source="#BatRig_Reference-visibility-animation-output-array" count="18"><param type="float"/></accessor></technique_common></source><source id="BatRig_Reference-visibility-animation-intan"><float_array id="BatRig_Reference-visibility-animation-intan-array" count="18">

0.000000 0.000000 0.000000 0.000000 0.000000 0.000000 0.000000 0.000000 0.000000 0.000000 0.000000 0.000000 0.000000 0.000000 0.000000 0.000000
0.000000 0.000000</float_array><technique_common><accessor source="#BatRig_Reference-visibility-animation-intan-array" count="18"><param type="float"/></accessor></technique_common></source><source id="BatRig_Reference-visibility-animation-outtan"><float_array id="BatRig_Reference-visibility-animation-outtan-array" count="18">

0.000000 0.000000 0.000000 0.000000 0.000000 0.000000 0.000000 0.000000 0.000000 0.000000 0.000000 0.000000 0.000000 0.000000 0.000000 0.000000
0.000000 0.000000</float_array><technique_common><accessor source="#BatRig_Reference-visibility-animation-outtan-array" count="18"><param type="float"/></accessor></technique_common></source><source id="BatRig_Reference-visibility-animation-interpolation"><Name_array id="BatRig_Reference-visibility-animation-interpolation-array" count="18">
 STEP STEP STEP STEP STEP STEP STEP STEP STEP STEP STEP STEP STEP STEP STEP STEP STEP
BEZIER</Name_array><technique_common><accessor source="#BatRig_Reference-visibility-animation-interpolation-array" count="18"><param type="name"/></accessor></technique_common></source><sampler id="BatRig_Reference-visibility-animation"><input semantic="INPUT" source="#BatRig_Reference-visibility-animation-input"/><input semantic="OUTPUT" source="#BatRig_Reference-visibility-animation-output"/><input semantic="IN_TANGENT" source="#BatRig_Reference-visibility-animation-intan"/><input semantic="OUT_TANGENT" source="#BatRig_Reference-visibility-animation-outtan"/><input semantic="INTERPOLATION" source="#BatRig_Reference-visibility-animation-interpolation"/></sampler><channel source="#BatRig_Reference-visibility-animation" target="BatRig_Reference/visibility"/></animation></animation>
    <animation id="BatRig_Hips-anim" name="BatRig_Hips"><animation><source id="BatRig_Hips-Matrix-animation-input"><float_array id="BatRig_Hips-Matrix-animation-input-array" count="18">

0.000000 0.041667 0.083333 0.125000 0.166667 0.208333 0.250000 0.291667 0.333333 0.375000 0.416667 0.458333 0.500000 0.541667 0.583333 0.625000
0.666667 0.708333</float_array><technique_common><accessor source="#BatRig_Hips-Matrix-animation-input-array" count="18"><param name="TIME" type="float"/></accessor></technique_common></source><source id="BatRig_Hips-Matrix-animation-output-transform"><float_array id="BatRig_Hips-Matrix-animation-output-transform-array" count="288">

0.571525 0.024375 0.820223 0.000000 0.061659 0.995457 -0.072546 79.406776 -0.818265 0.092036 0.567426 0.000000 0.000000 0.000000 0.000000 1.000000
0.571546 0.024654 0.820200 0.000000 0.061740 0.995423 -0.072944 79.404938 -0.818244 0.092330 0.567408 0.000000 0.000000 0.000000 0.000000 1.000000
0.571609 0.025477 0.820131 0.000000 0.061980 0.995322 -0.074118 79.399338 -0.818183 0.093198 0.567355 0.000000 0.000000 0.000000 0.000000 1.000000
0.571671 0.026290 0.820062 0.000000 0.062225 0.995219 -0.075282 79.393410 -0.818120 0.094065 0.567302 0.000000 0.000000 0.000000 0.000000 1.000000
0.571730 0.027046 0.819996 0.000000 0.062461 0.995121 -0.076372 79.387550 -0.818061 0.094882 0.567251 0.000000 0.000000 0.000000 0.000000 1.000000
0.571780 0.027679 0.819940 0.000000 0.062675 0.995036 -0.077296 79.382156 -0.818009 0.095586 0.567208 0.000000 0.000000 0.000000 0.000000 1.000000
0.571819 0.028145 0.819897 0.000000 0.062855 0.994971 -0.077992 79.377571 -0.817968 0.096132 0.567174 0.000000 0.000000 0.000000 0.000000 1.000000
0.571841 0.028373 0.819874 0.000000 0.062988 0.994933 -0.078364 79.374268 -0.817943 0.096454 0.567156 0.000000 0.000000 0.000000 0.000000 1.000000
0.571843 0.028319 0.819874 0.000000 0.063062 0.994929 -0.078350 79.372559 -0.817935 0.096507 0.567158 0.000000 0.000000 0.000000 0.000000 1.000000
0.571820 0.027913 0.819904 0.000000 0.063065 0.994968 -0.077856 79.372681 -0.817951 0.096227 0.567182 0.000000 0.000000 0.000000 0.000000 1.000000
0.571770 0.027131 0.819965 0.000000 0.062995 0.995051 -0.076851 79.374023 -0.817991 0.095595 0.567231 0.000000 0.000000 0.000000 0.000000 1.000000
0.571698 0.026026 0.820051 0.000000 0.062867 0.995168 -0.075412 79.376205 -0.818051 0.094667 0.567300 0.000000 0.000000 0.000000 0.000000 1.000000
0.571609 0.024664 0.820156 0.000000 0.062690 0.995314 -0.073623 79.379066 -0.818128 0.093499 0.567384 0.000000 0.000000 0.000000 0.000000 1.000000
0.571508 0.023130 0.820271 0.000000 0.062481 0.995475 -0.071603 79.382355 -0.818215 0.092173 0.567476 0.000000 0.000000 0.000000 0.000000 1.000000
0.571399 0.021489 0.820391 0.000000 0.062249 0.995643 -0.069436 79.385880 -0.818309 0.090744 0.567571 0.000000 0.000000 0.000000 0.000000 1.000000
0.571288 0.019816 0.820510 0.000000 0.062008 0.995809 -0.067223 79.389427 -0.818403 0.089282 0.567666 0.000000 0.000000 0.000000 0.000000 1.000000
0.571181 0.018187 0.820622 0.000000 0.061771 0.995967 -0.065067 79.392799 -0.818497 0.087856 0.567754 0.000000 0.000000 0.000000 0.000000 1.000000
0.571081 0.016657 0.820725 0.000000 0.061549 0.996111 -0.063044 79.395821 -0.818583 0.086518 0.567835 0.000000 0.000000 0.000000 0.000000 1.000000</float_array><technique_common><accessor source="#BatRig_Hips-Matrix-animation-output-transform-array" count="18" stride="16"><param type="float4x4"/></accessor></technique_common></source><source id="BatRig_Hips-Interpolations"><Name_array id="BatRig_Hips-Interpolations-array" count="18">
 LINEAR LINEAR LINEAR LINEAR LINEAR LINEAR LINEAR LINEAR LINEAR LINEAR LINEAR
LINEAR LINEAR LINEAR LINEAR LINEAR LINEAR LINEAR</Name_array><technique_common><accessor source="#BatRig_Hips-Interpolations-array" count="18"><param type="name"/></accessor></technique_common></source><sampler id="BatRig_Hips-Matrix-animation-transform"><input semantic="INPUT" source="#BatRig_Hips-Matrix-animation-input"/><input semantic="OUTPUT" source="#BatRig_Hips-Matrix-animation-output-transform"/><input semantic="INTERPOLATION" source="#BatRig_Hips-Interpolations"/></sampler><channel source="#BatRig_Hips-Matrix-animation-transform" target="BatRig_Hips/matrix"/></animation><animation><source id="BatRig_Hips-visibility-animation-input"><float_array id="BatRig_Hips-visibility-animation-input-array" count="18">

0.000000 0.041667 0.083333 0.125000 0.166667 0.208333 0.250000 0.291667 0.333333 0.375000 0.416667 0.458333 0.500000 0.541667 0.583333 0.625000
0.666667 0.708333</float_array><technique_common><accessor source="#BatRig_Hips-visibility-animation-input-array" count="18"><param name="TIME" type="float"/></accessor></technique_common></source><source id="BatRig_Hips-visibility-animation-output"><float_array id="BatRig_Hips-visibility-animation-output-array" count="18">

1.000000 1.000000 1.000000 1.000000 1.000000 1.000000 1.000000 1.000000 1.000000 1.000000 1.000000 1.000000 1.000000 1.000000 1.000000 1.000000
1.000000 1.000000</float_array><technique_common><accessor source="#BatRig_Hips-visibility-animation-output-array" count="18"><param type="float"/></accessor></technique_common></source><source id="BatRig_Hips-visibility-animation-intan"><float_array id="BatRig_Hips-visibility-animation-intan-array" count="18">

0.000000 0.000000 0.000000 0.000000 0.000000 0.000000 0.000000 0.000000 0.000000 0.000000 0.000000 0.000000 0.000000 0.000000 0.000000 0.000000
0.000000 0.000000</float_array><technique_common><accessor source="#BatRig_Hips-visibility-animation-intan-array" count="18"><param type="float"/></accessor></technique_common></source><source id="BatRig_Hips-visibility-animation-outtan"><float_array id="BatRig_Hips-visibility-animation-outtan-array" count="18">

0.000000 0.000000 0.000000 0.000000 0.000000 0.000000 0.000000 0.000000 0.000000 0.000000 0.000000 0.000000 0.000000 0.000000 0.000000 0.000000
0.000000 0.000000</float_array><technique_common><accessor source="#BatRig_Hips-visibility-animation-outtan-array" count="18"><param type="float"/></accessor></technique_common></source><source id="BatRig_Hips-visibility-animation-interpolation"><Name_array id="BatRig_Hips-visibility-animation-interpolation-array" count="18">
 STEP STEP STEP STEP STEP STEP STEP STEP STEP STEP STEP STEP STEP STEP STEP STEP STEP
BEZIER</Name_array><technique_common><accessor source="#BatRig_Hips-visibility-animation-interpolation-array" count="18"><param type="name"/></accessor></technique_common></source><sampler id="BatRig_Hips-visibility-animation"><input semantic="INPUT" source="#BatRig_Hips-visibility-animation-input"/><input semantic="OUTPUT" source="#BatRig_Hips-visibility-animation-output"/><input semantic="IN_TANGENT" source="#BatRig_Hips-visibility-animation-intan"/><input semantic="OUT_TANGENT" source="#BatRig_Hips-visibility-animation-outtan"/><input semantic="INTERPOLATION" source="#BatRig_Hips-visibility-animation-interpolation"/></sampler><channel source="#BatRig_Hips-visibility-animation" target="BatRig_Hips/visibility"/></animation></animation>
    <animation id="BatRig_Spine-anim" name="BatRig_Spine"><animation><source id="BatRig_Spine-Matrix-animation-input"><float_array id="BatRig_Spine-Matrix-animation-input-array" count="18">

0.000000 0.041667 0.083333 0.125000 0.166667 0.208333 0.250000 0.291667 0.333333 0.375000 0.416667 0.458333 0.500000 0.541667 0.583333 0.625000
0.666667 0.708333</float_array><technique_common><accessor source="#BatRig_Spine-Matrix-animation-input-array" count="18"><param name="TIME" type="float"/></accessor></technique_common></source><source id="BatRig_Spine-Matrix-animation-output-transform"><float_array id="BatRig_Spine-Matrix-animation-output-transform-array" count="288">

0.997996 0.056546 -0.028392 -0.000001 -0.055272 0.997509 0.043824 3.725677 0.030799 -0.042167 0.998636 0.000001 0.000000 0.000000 0.000000 1.000000
0.998000 0.056496 -0.028370 -0.000001 -0.055217 0.997503 0.044024 3.725677 0.030786 -0.042369 0.998628 0.000001 0.000000 0.000000 0.000000 1.000000
0.998010 0.056347 -0.028304 -0.000001 -0.055051 0.997485 0.044638 3.725677 0.030748 -0.042991 0.998602 0.000001 0.000000 0.000000 0.000000 1.000000
0.998021 0.056185 -0.028234 -0.000001 -0.054872 0.997465 0.045320 3.725677 0.030709 -0.043681 0.998573 0.000001 0.000000 0.000000 0.000000 1.000000
0.998032 0.056025 -0.028164 -0.000001 -0.054693 0.997442 0.046028 3.725677 0.030671 -0.044397 0.998543 0.000001 0.000000 0.000000 0.000000 1.000000
0.998042 0.055876 -0.028099 -0.000001 -0.054525 0.997418 0.046733 3.725677 0.030638 -0.045109 0.998512 0.000001 0.000000 0.000000 0.000000 1.000000
0.998051 0.055748 -0.028044 -0.000001 -0.054380 0.997395 0.047397 3.725677 0.030613 -0.045780 0.998483 0.000001 0.000000 0.000000 0.000000 1.000000
0.998057 0.055654 -0.028002 -0.000001 -0.054269 0.997372 0.047987 3.725677 0.030599 -0.046374 0.998455 0.000001 0.000000 0.000000 0.000000 1.000000
0.998061 0.055601 -0.027979 -0.000001 -0.054203 0.997353 0.048470 3.725677 0.030600 -0.046859 0.998433 0.000001 0.000000 0.000000 0.000000 1.000000
0.998061 0.055601 -0.027976 -0.000001 -0.054192 0.997336 0.048828 3.725677 0.030616 -0.047217 0.998415 0.000001 0.000000 0.000000 0.000000 1.000000
0.998058 0.055653 -0.027981 -0.000001 -0.054235 0.997320 0.049109 3.725677 0.030639 -0.047496 0.998402 0.000001 0.000000 0.000000 0.000000 1.000000
0.998053 0.055746 -0.027988 -0.000001 -0.054321 0.997304 0.049338 3.725677 0.030663 -0.047722 0.998390 0.000001 0.000000 0.000000 0.000000 1.000000
0.998045 0.055872 -0.027998 -0.000001 -0.054440 0.997288 0.049521 3.725677 0.030689 -0.047900 0.998381 0.000001 0.000000 0.000000 0.000000 1.000000
0.998037 0.056018 -0.028012 -0.000001 -0.054581 0.997273 0.049672 3.725677 0.030718 -0.048046 0.998373 0.000001 0.000000 0.000000 0.000000 1.000000
0.998028 0.056176 -0.028023 -0.000001 -0.054735 0.997258 0.049796 3.725677 0.030744 -0.048164 0.998366 0.000001 0.000000 0.000000 0.000000 1.000000
0.998018 0.056335 -0.028038 -0.000001 -0.054889 0.997245 0.049904 3.725677 0.030772 -0.048266 0.998360 0.000001 0.000000 0.000000 0.000000 1.000000
0.998010 0.056482 -0.028050 -0.000001 -0.055033 0.997231 0.050004 3.725677 0.030797 -0.048361 0.998355 0.000001 0.000000 0.000000 0.000000 1.000000
0.998002 0.056612 -0.028061 -0.000001 -0.055159 0.997220 0.050105 3.725677 0.030820 -0.048457 0.998350 0.000001 0.000000 0.000000 0.000000 1.000000</float_array><technique_common><accessor source="#BatRig_Spine-Matrix-animation-output-transform-array" count="18" stride="16"><param type="float4x4"/></accessor></technique_common></source><source id="BatRig_Spine-Interpolations"><Name_array id="BatRig_Spine-Interpolations-array" count="18">
 LINEAR LINEAR LINEAR LINEAR LINEAR LINEAR LINEAR LINEAR LINEAR LINEAR LINEAR
LINEAR LINEAR LINEAR LINEAR LINEAR LINEAR LINEAR</Name_array><technique_common><accessor source="#BatRig_Spine-Interpolations-array" count="18"><param type="name"/></accessor></technique_common></source><sampler id="BatRig_Spine-Matrix-animation-transform"><input semantic="INPUT" source="#BatRig_Spine-Matrix-animation-input"/><input semantic="OUTPUT" source="#BatRig_Spine-Matrix-animation-output-transform"/><input semantic="INTERPOLATION" source="#BatRig_Spine-Interpolations"/></sampler><channel source="#BatRig_Spine-Matrix-animation-transform" target="BatRig_Spine/matrix"/></animation><animation><source id="BatRig_Spine-visibility-animation-input"><float_array id="BatRig_Spine-visibility-animation-input-array" count="18">

0.000000 0.041667 0.083333 0.125000 0.166667 0.208333 0.250000 0.291667 0.333333 0.375000 0.416667 0.458333 0.500000 0.541667 0.583333 0.625000
0.666667 0.708333</float_array><technique_common><accessor source="#BatRig_Spine-visibility-animation-input-array" count="18"><param name="TIME" type="float"/></accessor></technique_common></source><source id="BatRig_Spine-visibility-animation-output"><float_array id="BatRig_Spine-visibility-animation-output-array" count="18">

1.000000 1.000000 1.000000 1.000000 1.000000 1.000000 1.000000 1.000000 1.000000 1.000000 1.000000 1.000000 1.000000 1.000000 1.000000 1.000000
1.000000 1.000000</float_array><technique_common><accessor source="#BatRig_Spine-visibility-animation-output-array" count="18"><param type="float"/></accessor></technique_common></source><source id="BatRig_Spine-visibility-animation-intan"><float_array id="BatRig_Spine-visibility-animation-intan-array" count="18">

0.000000 0.000000 0.000000 0.000000 0.000000 0.000000 0.000000 0.000000 0.000000 0.000000 0.000000 0.000000 0.000000 0.000000 0.000000 0.000000
0.000000 0.000000</float_array><technique_common><accessor source="#BatRig_Spine-visibility-animation-intan-array" count="18"><param type="float"/></accessor></technique_common></source><source id="BatRig_Spine-visibility-animation-outtan"><float_array id="BatRig_Spine-visibility-animation-outtan-array" count="18">

0.000000 0.000000 0.000000 0.000000 0.000000 0.000000 0.000000 0.000000 0.000000 0.000000 0.000000 0.000000 0.000000 0.000000 0.000000 0.000000
0.000000 0.000000</float_array><technique_common><accessor source="#BatRig_Spine-visibility-animation-outtan-array" count="18"><param type="float"/></accessor></technique_common></source><source id="BatRig_Spine-visibility-animation-interpolation"><Name_array id="BatRig_Spine-visibility-animation-interpolation-array" count="18">
 STEP STEP STEP STEP STEP STEP STEP STEP STEP STEP STEP STEP STEP STEP STEP STEP STEP
BEZIER</Name_array><technique_common><accessor source="#BatRig_Spine-visibility-animation-interpolation-array" count="18"><param type="name"/></accessor></technique_common></source><sampler id="BatRig_Spine-visibility-animation"><input semantic="INPUT" source="#BatRig_Spine-visibility-animation-input"/><input semantic="OUTPUT" source="#BatRig_Spine-visibility-animation-output"/><input semantic="IN_TANGENT" source="#BatRig_Spine-visibility-animation-intan"/><input semantic="OUT_TANGENT" source="#BatRig_Spine-visibility-animation-outtan"/><input semantic="INTERPOLATION" source="#BatRig_Spine-visibility-animation-interpolation"/></sampler><channel source="#BatRig_Spine-visibility-animation" target="BatRig_Spine/visibility"/></animation></animation>
    <animation id="BatRig_Spine1-anim" name="BatRig_Spine1"><animation><source id="BatRig_Spine1-Matrix-animation-input"><float_array id="BatRig_Spine1-Matrix-animation-input-array" count="18">

0.000000 0.041667 0.083333 0.125000 0.166667 0.208333 0.250000 0.291667 0.333333 0.375000 0.416667 0.458333 0.500000 0.541667 0.583333 0.625000
0.666667 0.708333</float_array><technique_common><accessor source="#BatRig_Spine1-Matrix-animation-input-array" count="18"><param name="TIME" type="float"/></accessor></technique_common></source><source id="BatRig_Spine1-Matrix-animation-output-transform"><float_array id="BatRig_Spine1-Matrix-animation-output-transform-array" count="288">

0.999991 0.004129 -0.000148 0.000002 -0.004132 0.999503 -0.031258 10.999832 0.000019 0.031258 0.999511 -0.000003 0.000000 0.000000 0.000000 1.000000
0.999991 0.004171 -0.000150 0.000002 -0.004174 0.999528 -0.030425 10.999832 0.000023 0.030425 0.999537 -0.000003 0.000000 0.000000 0.000000 1.000000
0.999991 0.004303 -0.000157 0.000002 -0.004306 0.999602 -0.027893 10.999832 0.000037 0.027893 0.999611 -0.000003 0.000000 0.000000 0.000000 1.000000
0.999990 0.004442 -0.000164 0.000002 -0.004445 0.999673 -0.025197 10.999832 0.000052 0.025197 0.999683 -0.000003 0.000000 0.000000 0.000000 1.000000
0.999990 0.004581 -0.000171 0.000002 -0.004584 0.999735 -0.022522 10.999832 0.000068 0.022523 0.999746 -0.000003 0.000000 0.000000 0.000000 1.000000
0.999989 0.004710 -0.000177 0.000002 -0.004713 0.999788 -0.020043 10.999832 0.000083 0.020044 0.999799 -0.000003 0.000000 0.000000 0.000000 1.000000
0.999988 0.004823 -0.000182 0.000002 -0.004825 0.999828 -0.017917 10.999832 0.000096 0.017918 0.999840 -0.000003 0.000000 0.000000 0.000000 1.000000
0.999988 0.004904 -0.000187 0.000002 -0.004906 0.999855 -0.016343 10.999832 0.000107 0.016344 0.999867 -0.000003 0.000000 0.000000 0.000000 1.000000
0.999988 0.004950 -0.000189 0.000002 -0.004952 0.999868 -0.015471 10.999832 0.000112 0.015472 0.999881 -0.000003 0.000000 0.000000 0.000000 1.000000
0.999988 0.004952 -0.000189 0.000002 -0.004954 0.999868 -0.015508 10.999832 0.000112 0.015509 0.999880 -0.000003 0.000000 0.000000 0.000000 1.000000
0.999988 0.004914 -0.000187 0.000002 -0.004916 0.999850 -0.016597 10.999832 0.000105 0.016598 0.999862 -0.000003 0.000000 0.000000 0.000000 1.000000
0.999988 0.004846 -0.000182 0.000002 -0.004849 0.999816 -0.018566 10.999832 0.000092 0.018567 0.999828 -0.000003 0.000000 0.000000 0.000000 1.000000
0.999989 0.004755 -0.000176 0.000002 -0.004758 0.999763 -0.021235 10.999832 0.000075 0.021236 0.999775 -0.000003 0.000000 0.000000 0.000000 1.000000
0.999989 0.004649 -0.000169 0.000002 -0.004652 0.999692 -0.024359 10.999832 0.000056 0.024360 0.999703 -0.000003 0.000000 0.000000 0.000000 1.000000
0.999990 0.004535 -0.000163 0.000002 -0.004538 0.999605 -0.027750 10.999832 0.000037 0.027750 0.999615 -0.000003 0.000000 0.000000 0.000000 1.000000
0.999990 0.004420 -0.000155 0.000002 -0.004423 0.999503 -0.031193 10.999832 0.000017 0.031193 0.999513 -0.000003 0.000000 0.000000 0.000000 1.000000
0.999991 0.004313 -0.000148 0.000002 -0.004316 0.999397 -0.034465 10.999832 -0.000001 0.034465 0.999406 -0.000003 0.000000 0.000000 0.000000 1.000000
0.999991 0.004219 -0.000142 0.000002 -0.004221 0.999291 -0.037405 10.999832 -0.000016 0.037405 0.999300 -0.000003 0.000000 0.000000 0.000000 1.000000</float_array><technique_common><accessor source="#BatRig_Spine1-Matrix-animation-output-transform-array" count="18" stride="16"><param type="float4x4"/></accessor></technique_common></source><source id="BatRig_Spine1-Interpolations"><Name_array id="BatRig_Spine1-Interpolations-array" count="18">
 LINEAR LINEAR LINEAR LINEAR LINEAR LINEAR LINEAR LINEAR LINEAR LINEAR LINEAR
LINEAR LINEAR LINEAR LINEAR LINEAR LINEAR LINEAR</Name_array><technique_common><accessor source="#BatRig_Spine1-Interpolations-array" count="18"><param type="name"/></accessor></technique_common></source><sampler id="BatRig_Spine1-Matrix-animation-transform"><input semantic="INPUT" source="#BatRig_Spine1-Matrix-animation-input"/><input semantic="OUTPUT" source="#BatRig_Spine1-Matrix-animation-output-transform"/><input semantic="INTERPOLATION" source="#BatRig_Spine1-Interpolations"/></sampler><channel source="#BatRig_Spine1-Matrix-animation-transform" target="BatRig_Spine1/matrix"/></animation><animation><source id="BatRig_Spine1-visibility-animation-input"><float_array id="BatRig_Spine1-visibility-animation-input-array" count="18">

0.000000 0.041667 0.083333 0.125000 0.166667 0.208333 0.250000 0.291667 0.333333 0.375000 0.416667 0.458333 0.500000 0.541667 0.583333 0.625000
0.666667 0.708333</float_array><technique_common><accessor source="#BatRig_Spine1-visibility-animation-input-array" count="18"><param name="TIME" type="float"/></accessor></technique_common></source><source id="BatRig_Spine1-visibility-animation-output"><float_array id="BatRig_Spine1-visibility-animation-output-array" count="18">

1.000000 1.000000 1.000000 1.000000 1.000000 1.000000 1.000000 1.000000 1.000000 1.000000 1.000000 1.000000 1.000000 1.000000 1.000000 1.000000
1.000000 1.000000</float_array><technique_common><accessor source="#BatRig_Spine1-visibility-animation-output-array" count="18"><param type="float"/></accessor></technique_common></source><source id="BatRig_Spine1-visibility-animation-intan"><float_array id="BatRig_Spine1-visibility-animation-intan-array" count="18">

0.000000 0.000000 0.000000 0.000000 0.000000 0.000000 0.000000 0.000000 0.000000 0.000000 0.000000 0.000000 0.000000 0.000000 0.000000 0.000000
0.000000 0.000000</float_array><technique_common><accessor source="#BatRig_Spine1-visibility-animation-intan-array" count="18"><param type="float"/></accessor></technique_common></source><source id="BatRig_Spine1-visibility-animation-outtan"><float_array id="BatRig_Spine1-visibility-animation-outtan-array" count="18">

0.000000 0.000000 0.000000 0.000000 0.000000 0.000000 0.000000 0.000000 0.000000 0.000000 0.000000 0.000000 0.000000 0.000000 0.000000 0.000000
0.000000 0.000000</float_array><technique_common><accessor source="#BatRig_Spine1-visibility-animation-outtan-array" count="18"><param type="float"/></accessor></technique_common></source><source id="BatRig_Spine1-visibility-animation-interpolation"><Name_array id="BatRig_Spine1-visibility-animation-interpolation-array" count="18">
 STEP STEP STEP STEP STEP STEP STEP STEP STEP STEP STEP STEP STEP STEP STEP STEP STEP
BEZIER</Name_array><technique_common><accessor source="#BatRig_Spine1-visibility-animation-interpolation-array" count="18"><param type="name"/></accessor></technique_common></source><sampler id="BatRig_Spine1-visibility-animation"><input semantic="INPUT" source="#BatRig_Spine1-visibility-animation-input"/><input semantic="OUTPUT" source="#BatRig_Spine1-visibility-animation-output"/><input semantic="IN_TANGENT" source="#BatRig_Spine1-visibility-animation-intan"/><input semantic="OUT_TANGENT" source="#BatRig_Spine1-visibility-animation-outtan"/><input semantic="INTERPOLATION" source="#BatRig_Spine1-visibility-animation-interpolation"/></sampler><channel source="#BatRig_Spine1-visibility-animation" target="BatRig_Spine1/visibility"/></animation></animation>
    <animation id="BatRig_Spine2-anim" name="BatRig_Spine2"><animation><source id="BatRig_Spine2-Matrix-animation-input"><float_array id="BatRig_Spine2-Matrix-animation-input-array" count="18">

0.000000 0.041667 0.083333 0.125000 0.166667 0.208333 0.250000 0.291667 0.333333 0.375000 0.416667 0.458333 0.500000 0.541667 0.583333 0.625000
0.666667 0.708333</float_array><technique_common><accessor source="#BatRig_Spine2-Matrix-animation-input-array" count="18"><param name="TIME" type="float"/></accessor></technique_common></source><source id="BatRig_Spine2-Matrix-animation-output-transform"><float_array id="BatRig_Spine2-Matrix-animation-output-transform-array" count="288">

0.999991 0.004132 0.000106 -0.000000 -0.004127 0.999503 -0.031257 11.776703 -0.000235 0.031256 0.999511 0.000004 0.000000 0.000000 0.000000 1.000000
0.999991 0.004174 0.000110 0.000000 -0.004169 0.999528 -0.030424 11.776703 -0.000237 0.030423 0.999537 0.000004 0.000000 0.000000 0.000000 1.000000
0.999991 0.004304 0.000120 0.000000 -0.004299 0.999602 -0.027892 11.776703 -0.000240 0.027891 0.999611 0.000004 0.000000 0.000000 0.000000 1.000000
0.999990 0.004443 0.000132 0.000000 -0.004438 0.999673 -0.025196 11.776703 -0.000244 0.025195 0.999683 0.000004 0.000000 0.000000 0.000000 1.000000
0.999990 0.004580 0.000144 0.000000 -0.004576 0.999736 -0.022522 11.776703 -0.000247 0.022521 0.999746 0.000004 0.000000 0.000000 0.000000 1.000000
0.999989 0.004709 0.000155 -0.000000 -0.004705 0.999788 -0.020043 11.776703 -0.000249 0.020042 0.999799 0.000004 0.000000 0.000000 0.000000 1.000000
0.999988 0.004820 0.000164 -0.000000 -0.004816 0.999828 -0.017917 11.776703 -0.000250 0.017916 0.999840 0.000004 0.000000 0.000000 0.000000 1.000000
0.999988 0.004900 0.000171 0.000000 -0.004897 0.999855 -0.016343 11.776703 -0.000251 0.016342 0.999867 0.000004 0.000000 0.000000 0.000000 1.000000
0.999988 0.004946 0.000175 -0.000000 -0.004943 0.999868 -0.015470 11.776703 -0.000251 0.015469 0.999881 0.000004 0.000000 0.000000 0.000000 1.000000
0.999988 0.004947 0.000175 0.000000 -0.004944 0.999868 -0.015508 11.776703 -0.000252 0.015507 0.999880 0.000004 0.000000 0.000000 0.000000 1.000000
0.999988 0.004911 0.000172 0.000000 -0.004907 0.999851 -0.016597 11.776703 -0.000253 0.016596 0.999862 0.000004 0.000000 0.000000 0.000000 1.000000
0.999988 0.004844 0.000166 -0.000000 -0.004840 0.999816 -0.018565 11.776703 -0.000256 0.018564 0.999828 0.000004 0.000000 0.000000 0.000000 1.000000
0.999989 0.004754 0.000158 -0.000000 -0.004750 0.999764 -0.021235 11.776703 -0.000259 0.021234 0.999775 0.000004 0.000000 0.000000 0.000000 1.000000
0.999989 0.004649 0.000149 -0.000000 -0.004644 0.999693 -0.024358 11.776703 -0.000262 0.024357 0.999703 0.000004 0.000000 0.000000 0.000000 1.000000
0.999990 0.004537 0.000139 0.000000 -0.004531 0.999605 -0.027749 11.776703 -0.000265 0.027748 0.999615 0.000004 0.000000 0.000000 0.000000 1.000000
0.999990 0.004423 0.000129 -0.000000 -0.004417 0.999503 -0.031191 11.776703 -0.000267 0.031190 0.999513 0.000004 0.000000 0.000000 0.000000 1.000000
0.999991 0.004317 0.000120 0.000000 -0.004310 0.999397 -0.034464 11.776703 -0.000269 0.034463 0.999406 0.000004 0.000000 0.000000 0.000000 1.000000
0.999991 0.004224 0.000112 0.000000 -0.004217 0.999291 -0.037405 11.776703 -0.000270 0.037404 0.999300 0.000004 0.000000 0.000000 0.000000 1.000000</float_array><technique_common><accessor source="#BatRig_Spine2-Matrix-animation-output-transform-array" count="18" stride="16"><param type="float4x4"/></accessor></technique_common></source><source id="BatRig_Spine2-Interpolations"><Name_array id="BatRig_Spine2-Interpolations-array" count="18">
 LINEAR LINEAR LINEAR LINEAR LINEAR LINEAR LINEAR LINEAR LINEAR LINEAR LINEAR
LINEAR LINEAR LINEAR LINEAR LINEAR LINEAR LINEAR</Name_array><technique_common><accessor source="#BatRig_Spine2-Interpolations-array" count="18"><param type="name"/></accessor></technique_common></source><sampler id="BatRig_Spine2-Matrix-animation-transform"><input semantic="INPUT" source="#BatRig_Spine2-Matrix-animation-input"/><input semantic="OUTPUT" source="#BatRig_Spine2-Matrix-animation-output-transform"/><input semantic="INTERPOLATION" source="#BatRig_Spine2-Interpolations"/></sampler><channel source="#BatRig_Spine2-Matrix-animation-transform" target="BatRig_Spine2/matrix"/></animation><animation><source id="BatRig_Spine2-visibility-animation-input"><float_array id="BatRig_Spine2-visibility-animation-input-array" count="18">

0.000000 0.041667 0.083333 0.125000 0.166667 0.208333 0.250000 0.291667 0.333333 0.375000 0.416667 0.458333 0.500000 0.541667 0.583333 0.625000
0.666667 0.708333</float_array><technique_common><accessor source="#BatRig_Spine2-visibility-animation-input-array" count="18"><param name="TIME" type="float"/></accessor></technique_common></source><source id="BatRig_Spine2-visibility-animation-output"><float_array id="BatRig_Spine2-visibility-animation-output-array" count="18">

1.000000 1.000000 1.000000 1.000000 1.000000 1.000000 1.000000 1.000000 1.000000 1.000000 1.000000 1.000000 1.000000 1.000000 1.000000 1.000000
1.000000 1.000000</float_array><technique_common><accessor source="#BatRig_Spine2-visibility-animation-output-array" count="18"><param type="float"/></accessor></technique_common></source><source id="BatRig_Spine2-visibility-animation-intan"><float_array id="BatRig_Spine2-visibility-animation-intan-array" count="18">

0.000000 0.000000 0.000000 0.000000 0.000000 0.000000 0.000000 0.000000 0.000000 0.000000 0.000000 0.000000 0.000000 0.000000 0.000000 0.000000
0.000000 0.000000</float_array><technique_common><accessor source="#BatRig_Spine2-visibility-animation-intan-array" count="18"><param type="float"/></accessor></technique_common></source><source id="BatRig_Spine2-visibility-animation-outtan"><float_array id="BatRig_Spine2-visibility-animation-outtan-array" count="18">

0.000000 0.000000 0.000000 0.000000 0.000000 0.000000 0.000000 0.000000 0.000000 0.000000 0.000000 0.000000 0.000000 0.000000 0.000000 0.000000
0.000000 0.000000</float_array><technique_common><accessor source="#BatRig_Spine2-visibility-animation-outtan-array" count="18"><param type="float"/></accessor></technique_common></source><source id="BatRig_Spine2-visibility-animation-interpolation"><Name_array id="BatRig_Spine2-visibility-animation-interpolation-array" count="18">
 STEP STEP STEP STEP STEP STEP STEP STEP STEP STEP STEP STEP STEP STEP STEP STEP STEP
BEZIER</Name_array><technique_common><accessor source="#BatRig_Spine2-visibility-animation-interpolation-array" count="18"><param type="name"/></accessor></technique_common></source><sampler id="BatRig_Spine2-visibility-animation"><input semantic="INPUT" source="#BatRig_Spine2-visibility-animation-input"/><input semantic="OUTPUT" source="#BatRig_Spine2-visibility-animation-output"/><input semantic="IN_TANGENT" source="#BatRig_Spine2-visibility-animation-intan"/><input semantic="OUT_TANGENT" source="#BatRig_Spine2-visibility-animation-outtan"/><input semantic="INTERPOLATION" source="#BatRig_Spine2-visibility-animation-interpolation"/></sampler><channel source="#BatRig_Spine2-visibility-animation" target="BatRig_Spine2/visibility"/></animation></animation>
    <animation id="BatRig_Spine3-anim" name="BatRig_Spine3"><animation><source id="BatRig_Spine3-Matrix-animation-input"><float_array id="BatRig_Spine3-Matrix-animation-input-array" count="18">

0.000000 0.041667 0.083333 0.125000 0.166667 0.208333 0.250000 0.291667 0.333333 0.375000 0.416667 0.458333 0.500000 0.541667 0.583333 0.625000
0.666667 0.708333</float_array><technique_common><accessor source="#BatRig_Spine3-Matrix-animation-input-array" count="18"><param name="TIME" type="float"/></accessor></technique_common></source><source id="BatRig_Spine3-Matrix-animation-output-transform"><float_array id="BatRig_Spine3-Matrix-animation-output-transform-array" count="288">

0.999991 0.004124 0.000354 0.000001 -0.004111 0.999503 -0.031256 13.030716 -0.000483 0.031254 0.999511 -1.061704 0.000000 0.000000 0.000000 1.000000
0.999991 0.004166 0.000363 0.000001 -0.004153 0.999529 -0.030423 13.030716 -0.000490 0.030421 0.999537 -1.061704 0.000000 0.000000 0.000000 1.000000
0.999991 0.004292 0.000392 0.000001 -0.004279 0.999602 -0.027891 13.030716 -0.000512 0.027889 0.999611 -1.061704 0.000000 0.000000 0.000000 1.000000
0.999990 0.004428 0.000423 0.000001 -0.004416 0.999673 -0.025194 13.030716 -0.000534 0.025192 0.999683 -1.061704 0.000000 0.000000 0.000000 1.000000
0.999990 0.004562 0.000453 0.000001 -0.004551 0.999736 -0.022520 13.030716 -0.000556 0.022518 0.999746 -1.061704 0.000000 0.000000 0.000000 1.000000
0.999989 0.004688 0.000480 0.000001 -0.004677 0.999788 -0.020041 13.030716 -0.000574 0.020039 0.999799 -1.061704 0.000000 0.000000 0.000000 1.000000
0.999988 0.004795 0.000504 0.000001 -0.004785 0.999828 -0.017915 13.030716 -0.000590 0.017912 0.999840 -1.061704 0.000000 0.000000 0.000000 1.000000
0.999988 0.004875 0.000522 0.000001 -0.004866 0.999855 -0.016341 13.030716 -0.000602 0.016338 0.999867 -1.061704 0.000000 0.000000 0.000000 1.000000
0.999988 0.004919 0.000532 0.000001 -0.004910 0.999869 -0.015469 13.030716 -0.000608 0.015466 0.999880 -1.061704 0.000000 0.000000 0.000000 1.000000
0.999988 0.004921 0.000532 0.000001 -0.004912 0.999868 -0.015506 13.030716 -0.000608 0.015503 0.999880 -1.061704 0.000000 0.000000 0.000000 1.000000
0.999988 0.004884 0.000524 0.000001 -0.004875 0.999851 -0.016595 13.030716 -0.000605 0.016592 0.999863 -1.061704 0.000000 0.000000 0.000000 1.000000
0.999988 0.004819 0.000509 0.000001 -0.004809 0.999816 -0.018564 13.030716 -0.000598 0.018561 0.999828 -1.061704 0.000000 0.000000 0.000000 1.000000
0.999989 0.004732 0.000489 0.000001 -0.004721 0.999764 -0.021234 13.030716 -0.000589 0.021231 0.999775 -1.061704 0.000000 0.000000 0.000000 1.000000
0.999989 0.004631 0.000464 0.000001 -0.004618 0.999693 -0.024357 13.030716 -0.000577 0.024355 0.999703 -1.061704 0.000000 0.000000 0.000000 1.000000
0.999990 0.004522 0.000438 0.000001 -0.004508 0.999605 -0.027747 13.030716 -0.000563 0.027745 0.999615 -1.061704 0.000000 0.000000 0.000000 1.000000
0.999990 0.004411 0.000413 0.000001 -0.004396 0.999504 -0.031190 13.030716 -0.000550 0.031188 0.999513 -1.061704 0.000000 0.000000 0.000000 1.000000
0.999991 0.004309 0.000388 0.000001 -0.004293 0.999397 -0.034463 13.030716 -0.000536 0.034461 0.999406 -1.061704 0.000000 0.000000 0.000000 1.000000
