<?xml version="1.0" encoding="utf-8"?>
<COLLADA xmlns="http://www.collada.org/2005/11/COLLADASchema" version="1.4.1">
  <asset><contributor><author></author><authoring_tool>FBX COLLADA exporter</authoring_tool><comments></comments></contributor><created>2017-08-30T19:18:57Z</created><keywords></keywords><modified>2017-08-30T19:18:57Z</modified><revision></revision><subject></subject><title></title><unit meter="0.010000" name="centimeter"></unit><up_axis>Y_UP</up_axis></asset>
  <library_animations>
    <animation id="BatRig_Reference-anim" name="BatRig_Reference"><animation><source id="BatRig_Reference-Matrix-animation-input"><float_array id="BatRig_Reference-Matrix-animation-input-array" count="18">

0.000000 0.041667 0.083333 0.125000 0.166667 0.208333 0.250000 0.291667 0.333333 0.375000 0.416667 0.458333 0.500000 0.541667 0.583333 0.625000
0.666667 0.708333</float_array><technique_common><accessor source="#BatRig_Reference-Matrix-animation-input-array" count="18"><param name="TIME" type="float"/></accessor></technique_common></source><source id="BatRig_Reference-Matrix-animation-output-transform"><float_array id="BatRig_Reference-Matrix-animation-output-transform-array" count="288">

1.000000 0.000000 0.000000 0.337415 0.000000 1.000000 0.000000 0.000000 0.000000 0.000000 1.000000 13.071485 0.000000 0.000000 0.000000 1.000000
1.000000 0.000000 0.000000 0.337415 0.000000 1.000000 0.000000 0.000000 0.000000 0.000000 1.000000 13.071485 0.000000 0.000000 0.000000 1.000000
1.000000 0.000000 0.000000 0.352839 0.000000 1.000000 0.000000 0.000000 0.000000 0.000000 1.000000 27.026407 0.000000 0.000000 0.000000 1.000000
1.000000 0.000000 0.000000 0.345100 0.000000 1.000000 0.000000 0.000000 0.000000 0.000000 1.000000 36.446804 0.000000 0.000000 0.000000 1.000000
1.000000 0.000000 0.000000 0.330112 0.000000 1.000000 0.000000 0.000000 0.000000 0.000000 1.000000 44.612396 0.000000 0.000000 0.000000 1.000000
1.000000 0.000000 0.000000 0.313776 0.000000 1.000000 0.000000 0.000000 0.000000 0.000000 1.000000 52.670776 0.000000 0.000000 0.000000 1.000000
1.000000 0.000000 0.000000 0.302347 0.000000 1.000000 0.000000 0.000000 0.000000 0.000000 1.000000 60.732975 0.000000 0.000000 0.000000 1.000000
1.000000 0.000000 0.000000 0.289985 0.000000 1.000000 0.000000 0.000000 0.000000 0.000000 1.000000 68.545189 0.000000 0.000000 0.000000 1.000000
1.000000 0.000000 0.000000 0.278906 0.000000 1.000000 0.000000 0.000000 0.000000 0.000000 1.000000 76.676918 0.000000 0.000000 0.000000 1.000000
1.000000 0.000000 0.000000 0.272078 0.000000 1.000000 0.000000 0.000000 0.000000 0.000000 1.000000 85.698044 0.000000 0.000000 0.000000 1.000000
1.000000 0.000000 0.000000 0.289019 0.000000 1.000000 0.000000 0.000000 0.000000 0.000000 1.000000 100.955399 0.000000 0.000000 0.000000 1.000000
1.000000 0.000000 0.000000 0.299358 0.000000 1.000000 0.000000 0.000000 0.000000 0.000000 1.000000 110.001999 0.000000 0.000000 0.000000 1.000000
1.000000 0.000000 0.000000 0.311984 0.000000 1.000000 0.000000 0.000000 0.000000 0.000000 1.000000 117.909058 0.000000 0.000000 0.000000 1.000000
1.000000 0.000000 0.000000 0.322948 0.000000 1.000000 0.000000 0.000000 0.000000 0.000000 1.000000 126.317596 0.000000 0.000000 0.000000 1.000000
1.000000 0.000000 0.000000 0.333476 0.000000 1.000000 0.000000 0.000000 0.000000 0.000000 1.000000 137.241837 0.000000 0.000000 0.000000 1.000000
1.000000 0.000000 0.000000 0.339197 0.000000 1.000000 0.000000 0.000000 0.000000 0.000000 1.000000 146.978546 0.000000 0.000000 0.000000 1.000000
1.000000 0.000000 0.000000 0.330786 0.000000 1.000000 0.000000 0.000000 0.000000 0.000000 1.000000 151.632660 0.000000 0.000000 0.000000 1.000000
1.000000 0.000000 0.000000 0.330786 0.000000 1.000000 0.000000 0.000000 0.000000 0.000000 1.000000 151.632660 0.000000 0.000000 0.000000 1.000000</float_array><technique_common><accessor source="#BatRig_Reference-Matrix-animation-output-transform-array" count="18" stride="16"><param type="float4x4"/></accessor></technique_common></source><source id="BatRig_Reference-Interpolations"><Name_array id="BatRig_Reference-Interpolations-array" count="18">
 LINEAR LINEAR LINEAR LINEAR LINEAR LINEAR LINEAR LINEAR LINEAR LINEAR LINEAR
LINEAR LINEAR LINEAR LINEAR LINEAR LINEAR LINEAR</Name_array><technique_common><accessor source="#BatRig_Reference-Interpolations-array" count="18"><param type="name"/></accessor></technique_common></source><sampler id="BatRig_Reference-Matrix-animation-transform"><input semantic="INPUT" source="#BatRig_Reference-Matrix-animation-input"/><input semantic="OUTPUT" source="#BatRig_Reference-Matrix-animation-output-transform"/><input semantic="INTERPOLATION" source="#BatRig_Reference-Interpolations"/></sampler><channel source="#BatRig_Reference-Matrix-animation-transform" target="BatRig_Reference/matrix"/></animation><animation><source id="BatRig_Reference-visibility-animation-input"><float_array id="BatRig_Reference-visibility-animation-input-array" count="18">

0.000000 0.041667 0.083333 0.125000 0.166667 0.208333 0.250000 0.291667 0.333333 0.375000 0.416667 0.458333 0.500000 0.541667 0.583333 0.625000
0.666667 0.708333</float_array><technique_common><accessor source="#BatRig_Reference-visibility-animation-input-array" count="18"><param name="TIME" type="float"/></accessor></technique_common></source><source id="BatRig_Reference-visibility-animation-output"><float_array id="BatRig_Reference-visibility-animation-output-array" count="18">

1.000000 1.000000 1.000000 1.000000 1.000000 1.000000 1.000000 1.000000 1.000000 1.000000 1.000000 1.000000 1.000000 1.000000 1.000000 1.000000
1.000000 1.000000</float_array><technique_common><accessor source="#BatRig_Reference-visibility-animation-output-array" count="18"><param type="float"/></accessor></technique_common></source><source id="BatRig_Reference-visibility-animation-intan"><float_array id="BatRig_Reference-visibility-animation-intan-array" count="18">

0.000000 0.000000 0.000000 0.000000 0.000000 0.000000 0.000000 0.000000 0.000000 0.000000 0.000000 0.000000 0.000000 0.000000 0.000000 0.000000
0.000000 0.000000</float_array><technique_common><accessor source="#BatRig_Reference-visibility-animation-intan-array" count="18"><param type="float"/></accessor></technique_common></source><source id="BatRig_Reference-visibility-animation-outtan"><float_array id="BatRig_Reference-visibility-animation-outtan-array" count="18">

0.000000 0.000000 0.000000 0.000000 0.000000 0.000000 0.000000 0.000000 0.000000 0.000000 0.000000 0.000000 0.000000 0.000000 0.000000 0.000000
0.000000 0.000000</float_array><technique_common><accessor source="#BatRig_Reference-visibility-animation-outtan-array" count="18"><param type="float"/></accessor></technique_common></source><source id="BatRig_Reference-visibility-animation-interpolation"><Name_array id="BatRig_Reference-visibility-animation-interpolation-array" count="18">
 STEP STEP STEP STEP STEP STEP STEP STEP STEP STEP STEP STEP STEP STEP STEP STEP STEP
BEZIER</Name_array><technique_common><accessor source="#BatRig_Reference-visibility-animation-interpolation-array" count="18"><param type="name"/></accessor></technique_common></source><sampler id="BatRig_Reference-visibility-animation"><input semantic="INPUT" source="#BatRig_Reference-visibility-animation-input"/><input semantic="OUTPUT" source="#BatRig_Reference-visibility-animation-output"/><input semantic="IN_TANGENT" source="#BatRig_Reference-visibility-animation-intan"/><input semantic="OUT_TANGENT" source="#BatRig_Reference-visibility-animation-outtan"/><input semantic="INTERPOLATION" source="#BatRig_Reference-visibility-animation-interpolation"/></sampler><channel source="#BatRig_Reference-visibility-animation" target="BatRig_Reference/visibility"/></animation></animation>
    <animation id="BatRig_Hips-anim" name="BatRig_Hips"><animation><source id="BatRig_Hips-Matrix-animation-input"><float_array id="BatRig_Hips-Matrix-animation-input-array" count="18">

0.000000 0.041667 0.083333 0.125000 0.166667 0.208333 0.250000 0.291667 0.333333 0.375000 0.416667 0.458333 0.500000 0.541667 0.583333 0.625000
0.666667 0.708333</float_array><technique_common><accessor source="#BatRig_Hips-Matrix-animation-input-array" count="18"><param name="TIME" type="float"/></accessor></technique_common></source><source id="BatRig_Hips-Matrix-animation-output-transform"><float_array id="BatRig_Hips-Matrix-animation-output-transform-array" count="288">

0.631640 -0.002481 0.775258 0.000000 0.096300 0.992501 -0.075285 75.583229 -0.769258 0.122210 0.627142 0.000000 0.000000 0.000000 0.000000 1.000000
0.631640 -0.002481 0.775258 0.000000 0.096300 0.992501 -0.075285 75.583229 -0.769258 0.122210 0.627142 0.000000 0.000000 0.000000 0.000000 1.000000
0.604566 -0.005748 0.796535 0.000000 0.121174 0.989000 -0.084834 75.390953 -0.787285 0.147807 0.598612 0.000000 0.000000 0.000000 0.000000 1.000000
0.622645 -0.006585 0.782477 0.000000 0.137250 0.985382 -0.100923 76.515663 -0.770374 0.170234 0.614447 0.000000 0.000000 0.000000 0.000000 1.000000
0.657198 -0.007818 0.753678 0.000000 0.152324 0.980691 -0.122652 78.611923 -0.738166 0.195410 0.645698 0.000000 0.000000 0.000000 0.000000 1.000000
0.692280 -0.009001 0.721573 0.000000 0.161973 0.976347 -0.143218 79.733253 -0.703217 0.216022 0.677363 0.000000 0.000000 0.000000 0.000000 1.000000
0.718792 -0.008956 0.695168 0.000000 0.164337 0.973769 -0.157377 78.859718 -0.675524 0.227363 0.701409 0.000000 0.000000 0.000000 0.000000 1.000000
0.747471 -0.008378 0.664242 0.000000 0.163289 0.971559 -0.171495 76.952133 -0.643913 0.236651 0.727580 0.000000 0.000000 0.000000 0.000000 1.000000
0.771604 -0.007754 0.636056 0.000000 0.160172 0.970075 -0.182479 75.047348 -0.615608 0.242680 0.749756 0.000000 0.000000 0.000000 0.000000 1.000000
0.785527 -0.007387 0.618783 0.000000 0.156753 0.969692 -0.187417 74.182129 -0.598645 0.244217 0.762878 0.000000 0.000000 0.000000 0.000000 1.000000
0.755303 -0.006859 0.655340 0.000000 0.140762 0.978307 -0.151993 74.619545 -0.640081 0.207048 0.739883 0.000000 0.000000 0.000000 0.000000 1.000000
0.726398 -0.008674 0.687220 0.000000 0.150263 0.977733 -0.146489 77.096321 -0.670647 0.209673 0.711527 0.000000 0.000000 0.000000 0.000000 1.000000
0.688679 -0.010662 0.724988 0.000000 0.165362 0.975850 -0.142729 80.418518 -0.705958 0.218180 0.673811 0.000000 0.000000 0.000000 0.000000 1.000000
0.656101 -0.011674 0.754583 0.000000 0.175350 0.974874 -0.137382 82.084274 -0.734019 0.222453 0.641663 0.000000 0.000000 0.000000 0.000000 1.000000
0.624346 -0.012219 0.781052 0.000000 0.177662 0.975895 -0.126750 80.821190 -0.760676 0.217899 0.611467 0.000000 0.000000 0.000000 0.000000 1.000000
0.612887 -0.011335 0.790089 0.000000 0.164589 0.979797 -0.113618 78.778069 -0.772839 0.199675 0.602370 0.000000 0.000000 0.000000 0.000000 1.000000
0.646548 -0.003150 0.762867 0.000000 0.119974 0.987968 -0.097601 77.136124 -0.753381 0.154628 0.639146 0.000000 0.000000 0.000000 0.000000 1.000000
0.646548 -0.003150 0.762867 0.000000 0.119974 0.987968 -0.097601 77.136124 -0.753381 0.154628 0.639146 0.000000 0.000000 0.000000 0.000000 1.000000</float_array><technique_common><accessor source="#BatRig_Hips-Matrix-animation-output-transform-array" count="18" stride="16"><param type="float4x4"/></accessor></technique_common></source><source id="BatRig_Hips-Interpolations"><Name_array id="BatRig_Hips-Interpolations-array" count="18">
 LINEAR LINEAR LINEAR LINEAR LINEAR LINEAR LINEAR LINEAR LINEAR LINEAR LINEAR
LINEAR LINEAR LINEAR LINEAR LINEAR LINEAR LINEAR</Name_array><technique_common><accessor source="#BatRig_Hips-Interpolations-array" count="18"><param type="name"/></accessor></technique_common></source><sampler id="BatRig_Hips-Matrix-animation-transform"><input semantic="INPUT" source="#BatRig_Hips-Matrix-animation-input"/><input semantic="OUTPUT" source="#BatRig_Hips-Matrix-animation-output-transform"/><input semantic="INTERPOLATION" source="#BatRig_Hips-Interpolations"/></sampler><channel source="#BatRig_Hips-Matrix-animation-transform" target="BatRig_Hips/matrix"/></animation><animation><source id="BatRig_Hips-visibility-animation-input"><float_array id="BatRig_Hips-visibility-animation-input-array" count="18">

0.000000 0.041667 0.083333 0.125000 0.166667 0.208333 0.250000 0.291667 0.333333 0.375000 0.416667 0.458333 0.500000 0.541667 0.583333 0.625000
0.666667 0.708333</float_array><technique_common><accessor source="#BatRig_Hips-visibility-animation-input-array" count="18"><param name="TIME" type="float"/></accessor></technique_common></source><source id="BatRig_Hips-visibility-animation-output"><float_array id="BatRig_Hips-visibility-animation-output-array" count="18">

1.000000 1.000000 1.000000 1.000000 1.000000 1.000000 1.000000 1.000000 1.000000 1.000000 1.000000 1.000000 1.000000 1.000000 1.000000 1.000000
1.000000 1.000000</float_array><technique_common><accessor source="#BatRig_Hips-visibility-animation-output-array" count="18"><param type="float"/></accessor></technique_common></source><source id="BatRig_Hips-visibility-animation-intan"><float_array id="BatRig_Hips-visibility-animation-intan-array" count="18">

0.000000 0.000000 0.000000 0.000000 0.000000 0.000000 0.000000 0.000000 0.000000 0.000000 0.000000 0.000000 0.000000 0.000000 0.000000 0.000000
0.000000 0.000000</float_array><technique_common><accessor source="#BatRig_Hips-visibility-animation-intan-array" count="18"><param type="float"/></accessor></technique_common></source><source id="BatRig_Hips-visibility-animation-outtan"><float_array id="BatRig_Hips-visibility-animation-outtan-array" count="18">

0.000000 0.000000 0.000000 0.000000 0.000000 0.000000 0.000000 0.000000 0.000000 0.000000 0.000000 0.000000 0.000000 0.000000 0.000000 0.000000
0.000000 0.000000</float_array><technique_common><accessor source="#BatRig_Hips-visibility-animation-outtan-array" count="18"><param type="float"/></accessor></technique_common></source><source id="BatRig_Hips-visibility-animation-interpolation"><Name_array id="BatRig_Hips-visibility-animation-interpolation-array" count="18">
 STEP STEP STEP STEP STEP STEP STEP STEP STEP STEP STEP STEP STEP STEP STEP STEP STEP
BEZIER</Name_array><technique_common><accessor source="#BatRig_Hips-visibility-animation-interpolation-array" count="18"><param type="name"/></accessor></technique_common></source><sampler id="BatRig_Hips-visibility-animation"><input semantic="INPUT" source="#BatRig_Hips-visibility-animation-input"/><input semantic="OUTPUT" source="#BatRig_Hips-visibility-animation-output"/><input semantic="IN_TANGENT" source="#BatRig_Hips-visibility-animation-intan"/><input semantic="OUT_TANGENT" source="#BatRig_Hips-visibility-animation-outtan"/><input semantic="INTERPOLATION" source="#BatRig_Hips-visibility-animation-interpolation"/></sampler><channel source="#BatRig_Hips-visibility-animation" target="BatRig_Hips/visibility"/></animation></animation>
    <animation id="BatRig_Spine-anim" name="BatRig_Spine"><animation><source id="BatRig_Spine-Matrix-animation-input"><float_array id="BatRig_Spine-Matrix-animation-input-array" count="18">

0.000000 0.041667 0.083333 0.125000 0.166667 0.208333 0.250000 0.291667 0.333333 0.375000 0.416667 0.458333 0.500000 0.541667 0.583333 0.625000
0.666667 0.708333</float_array><technique_common><accessor source="#BatRig_Spine-Matrix-animation-input-array" count="18"><param name="TIME" type="float"/></accessor></technique_common></source><source id="BatRig_Spine-Matrix-animation-output-transform"><float_array id="BatRig_Spine-Matrix-animation-output-transform-array" count="288">

0.987638 0.145312 -0.058788 -0.000004 -0.141315 0.987678 0.067248 3.725675 0.067836 -0.058109 0.996003 0.000005 0.000000 0.000000 0.000000 1.000000
0.987638 0.145312 -0.058788 -0.000004 -0.141315 0.987678 0.067248 3.725675 0.067836 -0.058109 0.996003 0.000005 0.000000 0.000000 0.000000 1.000000
0.986735 0.147369 -0.068086 -0.000004 -0.142124 0.986899 0.076363 3.725675 0.078447 -0.065673 0.994753 0.000005 0.000000 0.000000 0.000000 1.000000
0.986736 0.147366 -0.068080 -0.000004 -0.142121 0.986899 0.076373 3.725675 0.078443 -0.065684 0.994752 0.000005 0.000000 0.000000 0.000000 1.000000
0.986736 0.147374 -0.068065 -0.000004 -0.142132 0.986899 0.076341 3.725675 0.078424 -0.065654 0.994756 0.000005 0.000000 0.000000 0.000000 1.000000
0.986738 0.147371 -0.068047 -0.000004 -0.142130 0.986899 0.076350 3.725675 0.078407 -0.065666 0.994756 0.000005 0.000000 0.000000 0.000000 1.000000
0.986740 0.147367 -0.068024 -0.000004 -0.142127 0.986899 0.076359 3.725675 0.078386 -0.065678 0.994757 0.000005 0.000000 0.000000 0.000000 1.000000
0.986741 0.147373 -0.067999 -0.000004 -0.142137 0.986900 0.076331 3.725675 0.078357 -0.065654 0.994761 0.000005 0.000000 0.000000 0.000000 1.000000
0.986742 0.147379 -0.067973 -0.000004 -0.142147 0.986900 0.076303 3.725675 0.078328 -0.065629 0.994765 0.000005 0.000000 0.000000 0.000000 1.000000
0.986744 0.147377 -0.067948 -0.000004 -0.142145 0.986900 0.076312 3.725675 0.078305 -0.065642 0.994766 0.000005 0.000000 0.000000 0.000000 1.000000
0.986745 0.147375 -0.067932 -0.000004 -0.142144 0.986899 0.076320 3.725675 0.078290 -0.065652 0.994767 0.000005 0.000000 0.000000 0.000000 1.000000
0.986747 0.147371 -0.067907 -0.000004 -0.142140 0.986899 0.076332 3.725675 0.078266 -0.065668 0.994767 0.000005 0.000000 0.000000 0.000000 1.000000
0.986749 0.147376 -0.067878 -0.000004 -0.142150 0.986900 0.076304 3.725675 0.078234 -0.065644 0.994771 0.000005 0.000000 0.000000 0.000000 1.000000
0.986751 0.147372 -0.067850 -0.000004 -0.142147 0.986899 0.076317 3.725675 0.078208 -0.065661 0.994772 0.000005 0.000000 0.000000 0.000000 1.000000
0.986752 0.147372 -0.067841 -0.000004 -0.142147 0.986899 0.076315 3.725675 0.078199 -0.065661 0.994773 0.000005 0.000000 0.000000 0.000000 1.000000
0.986754 0.147372 -0.067813 -0.000004 -0.142149 0.986899 0.076312 3.725675 0.078171 -0.065662 0.994775 0.000005 0.000000 0.000000 0.000000 1.000000
0.987662 0.145314 -0.058377 -0.000004 -0.141345 0.987678 0.067184 3.725675 0.067420 -0.058104 0.996031 0.000005 0.000000 0.000000 0.000000 1.000000
0.987662 0.145314 -0.058377 -0.000004 -0.141345 0.987678 0.067184 3.725675 0.067420 -0.058104 0.996031 0.000005 0.000000 0.000000 0.000000 1.000000</float_array><technique_common><accessor source="#BatRig_Spine-Matrix-animation-output-transform-array" count="18" stride="16"><param type="float4x4"/></accessor></technique_common></source><source id="BatRig_Spine-Interpolations"><Name_array id="BatRig_Spine-Interpolations-array" count="18">
 LINEAR LINEAR LINEAR LINEAR LINEAR LINEAR LINEAR LINEAR LINEAR LINEAR LINEAR
LINEAR LINEAR LINEAR LINEAR LINEAR LINEAR LINEAR</Name_array><technique_common><accessor source="#BatRig_Spine-Interpolations-array" count="18"><param type="name"/></accessor></technique_common></source><sampler id="BatRig_Spine-Matrix-animation-transform"><input semantic="INPUT" source="#BatRig_Spine-Matrix-animation-input"/><input semantic="OUTPUT" source="#BatRig_Spine-Matrix-animation-output-transform"/><input semantic="INTERPOLATION" source="#BatRig_Spine-Interpolations"/></sampler><channel source="#BatRig_Spine-Matrix-animation-transform" target="BatRig_Spine/matrix"/></animation><animation><source id="BatRig_Spine-visibility-animation-input"><float_array id="BatRig_Spine-visibility-animation-input-array" count="18">

0.000000 0.041667 0.083333 0.125000 0.166667 0.208333 0.250000 0.291667 0.333333 0.375000 0.416667 0.458333 0.500000 0.541667 0.583333 0.625000
0.666667 0.708333</float_array><technique_common><accessor source="#BatRig_Spine-visibility-animation-input-array" count="18"><param name="TIME" type="float"/></accessor></technique_common></source><source id="BatRig_Spine-visibility-animation-output"><float_array id="BatRig_Spine-visibility-animation-output-array" count="18">

1.000000 1.000000 1.000000 1.000000 1.000000 1.000000 1.000000 1.000000 1.000000 1.000000 1.000000 1.000000 1.000000 1.000000 1.000000 1.000000
1.000000 1.000000</float_array><technique_common><accessor source="#BatRig_Spine-visibility-animation-output-array" count="18"><param type="float"/></accessor></technique_common></source><source id="BatRig_Spine-visibility-animation-intan"><float_array id="BatRig_Spine-visibility-animation-intan-array" count="18">

0.000000 0.000000 0.000000 0.000000 0.000000 0.000000 0.000000 0.000000 0.000000 0.000000 0.000000 0.000000 0.000000 0.000000 0.000000 0.000000
0.000000 0.000000</float_array><technique_common><accessor source="#BatRig_Spine-visibility-animation-intan-array" count="18"><param type="float"/></accessor></technique_common></source><source id="BatRig_Spine-visibility-animation-outtan"><float_array id="BatRig_Spine-visibility-animation-outtan-array" count="18">

0.000000 0.000000 0.000000 0.000000 0.000000 0.000000 0.000000 0.000000 0.000000 0.000000 0.000000 0.000000 0.000000 0.000000 0.000000 0.000000
0.000000 0.000000</float_array><technique_common><accessor source="#BatRig_Spine-visibility-animation-outtan-array" count="18"><param type="float"/></accessor></technique_common></source><source id="BatRig_Spine-visibility-animation-interpolation"><Name_array id="BatRig_Spine-visibility-animation-interpolation-array" count="18">
 STEP STEP STEP STEP STEP STEP STEP STEP STEP STEP STEP STEP STEP STEP STEP STEP STEP
BEZIER</Name_array><technique_common><accessor source="#BatRig_Spine-visibility-animation-interpolation-array" count="18"><param type="name"/></accessor></technique_common></source><sampler id="BatRig_Spine-visibility-animation"><input semantic="INPUT" source="#BatRig_Spine-visibility-animation-input"/><input semantic="OUTPUT" source="#BatRig_Spine-visibility-animation-output"/><input semantic="IN_TANGENT" source="#BatRig_Spine-visibility-animation-intan"/><input semantic="OUT_TANGENT" source="#BatRig_Spine-visibility-animation-outtan"/><input semantic="INTERPOLATION" source="#BatRig_Spine-visibility-animation-interpolation"/></sampler><channel source="#BatRig_Spine-visibility-animation" target="BatRig_Spine/visibility"/></animation></animation>
    <animation id="BatRig_Spine1-anim" name="BatRig_Spine1"><animation><source id="BatRig_Spine1-Matrix-animation-input"><float_array id="BatRig_Spine1-Matrix-animation-input-array" count="18">

0.000000 0.041667 0.083333 0.125000 0.166667 0.208333 0.250000 0.291667 0.333333 0.375000 0.416667 0.458333 0.500000 0.541667 0.583333 0.625000
0.666667 0.708333</float_array><technique_common><accessor source="#BatRig_Spine1-Matrix-animation-input-array" count="18"><param name="TIME" type="float"/></accessor></technique_common></source><source id="BatRig_Spine1-Matrix-animation-output-transform"><float_array id="BatRig_Spine1-Matrix-animation-output-transform-array" count="288">

0.999856 -0.009748 -0.013903 0.000003 0.009198 0.999193 -0.039103 10.999828 0.014273 0.038970 0.999138 -0.000004 0.000000 0.000000 0.000000 1.000000
0.999856 -0.009748 -0.013903 0.000003 0.009198 0.999193 -0.039103 10.999828 0.014273 0.038970 0.999138 -0.000004 0.000000 0.000000 0.000000 1.000000
0.999365 -0.009094 -0.034449 0.000003 0.007517 0.998930 -0.045640 10.999828 0.034827 0.045352 0.998364 -0.000004 0.000000 0.000000 0.000000 1.000000
0.999365 -0.009091 -0.034448 0.000003 0.007515 0.998932 -0.045592 10.999828 0.034826 0.045304 0.998366 -0.000004 0.000000 0.000000 0.000000 1.000000
0.999365 -0.009100 -0.034448 0.000003 0.007520 0.998926 -0.045720 10.999828 0.034827 0.045432 0.998360 -0.000004 0.000000 0.000000 0.000000 1.000000
0.999365 -0.009096 -0.034448 0.000003 0.007518 0.998928 -0.045672 10.999828 0.034827 0.045384 0.998362 -0.000004 0.000000 0.000000 0.000000 1.000000
0.999365 -0.009092 -0.034448 0.000003 0.007516 0.998931 -0.045617 10.999828 0.034826 0.045329 0.998365 -0.000004 0.000000 0.000000 0.000000 1.000000
0.999365 -0.009100 -0.034448 0.000003 0.007520 0.998926 -0.045723 10.999828 0.034827 0.045435 0.998360 -0.000004 0.000000 0.000000 0.000000 1.000000
0.999365 -0.009107 -0.034449 0.000003 0.007523 0.998921 -0.045828 10.999828 0.034829 0.045540 0.998355 -0.000004 0.000000 0.000000 0.000000 1.000000
0.999365 -0.009104 -0.034448 0.000003 0.007522 0.998924 -0.045773 10.999828 0.034828 0.045485 0.998358 -0.000004 0.000000 0.000000 0.000000 1.000000
0.999365 -0.009100 -0.034448 0.000003 0.007520 0.998925 -0.045733 10.999828 0.034827 0.045445 0.998360 -0.000004 0.000000 0.000000 0.000000 1.000000
0.999365 -0.009096 -0.034447 0.000003 0.007518 0.998929 -0.045662 10.999828 0.034825 0.045374 0.998363 -0.000004 0.000000 0.000000 0.000000 1.000000
0.999365 -0.009102 -0.034448 0.000003 0.007521 0.998924 -0.045761 10.999828 0.034827 0.045473 0.998358 -0.000004 0.000000 0.000000 0.000000 1.000000
0.999365 -0.009098 -0.034447 0.000003 0.007519 0.998927 -0.045690 10.999828 0.034826 0.045402 0.998362 -0.000004 0.000000 0.000000 0.000000 1.000000
0.999365 -0.009098 -0.034448 0.000003 0.007519 0.998927 -0.045689 10.999828 0.034827 0.045401 0.998362 -0.000004 0.000000 0.000000 0.000000 1.000000
0.999365 -0.009098 -0.034449 0.000003 0.007519 0.998927 -0.045688 10.999828 0.034828 0.045400 0.998362 -0.000004 0.000000 0.000000 0.000000 1.000000
0.999856 -0.009750 -0.013903 0.000003 0.009199 0.999192 -0.039128 10.999828 0.014273 0.038994 0.999138 -0.000004 0.000000 0.000000 0.000000 1.000000
0.999856 -0.009750 -0.013903 0.000003 0.009199 0.999192 -0.039128 10.999828 0.014273 0.038994 0.999138 -0.000004 0.000000 0.000000 0.000000 1.000000</float_array><technique_common><accessor source="#BatRig_Spine1-Matrix-animation-output-transform-array" count="18" stride="16"><param type="float4x4"/></accessor></technique_common></source><source id="BatRig_Spine1-Interpolations"><Name_array id="BatRig_Spine1-Interpolations-array" count="18">
 LINEAR LINEAR LINEAR LINEAR LINEAR LINEAR LINEAR LINEAR LINEAR LINEAR LINEAR
LINEAR LINEAR LINEAR LINEAR LINEAR LINEAR LINEAR</Name_array><technique_common><accessor source="#BatRig_Spine1-Interpolations-array" count="18"><param type="name"/></accessor></technique_common></source><sampler id="BatRig_Spine1-Matrix-animation-transform"><input semantic="INPUT" source="#BatRig_Spine1-Matrix-animation-input"/><input semantic="OUTPUT" source="#BatRig_Spine1-Matrix-animation-output-transform"/><input semantic="INTERPOLATION" source="#BatRig_Spine1-Interpolations"/></sampler><channel source="#BatRig_Spine1-Matrix-animation-transform" target="BatRig_Spine1/matrix"/></animation><animation><source id="BatRig_Spine1-visibility-animation-input"><float_array id="BatRig_Spine1-visibility-animation-input-array" count="18">

0.000000 0.041667 0.083333 0.125000 0.166667 0.208333 0.250000 0.291667 0.333333 0.375000 0.416667 0.458333 0.500000 0.541667 0.583333 0.625000
0.666667 0.708333</float_array><technique_common><accessor source="#BatRig_Spine1-visibility-animation-input-array" count="18"><param name="TIME" type="float"/></accessor></technique_common></source><source id="BatRig_Spine1-visibility-animation-output"><float_array id="BatRig_Spine1-visibility-animation-output-array" count="18">

1.000000 1.000000 1.000000 1.000000 1.000000 1.000000 1.000000 1.000000 1.000000 1.000000 1.000000 1.000000 1.000000 1.000000 1.000000 1.000000
1.000000 1.000000</float_array><technique_common><accessor source="#BatRig_Spine1-visibility-animation-output-array" count="18"><param type="float"/></accessor></technique_common></source><source id="BatRig_Spine1-visibility-animation-intan"><float_array id="BatRig_Spine1-visibility-animation-intan-array" count="18">

0.000000 0.000000 0.000000 0.000000 0.000000 0.000000 0.000000 0.000000 0.000000 0.000000 0.000000 0.000000 0.000000 0.000000 0.000000 0.000000
0.000000 0.000000</float_array><technique_common><accessor source="#BatRig_Spine1-visibility-animation-intan-array" count="18"><param type="float"/></accessor></technique_common></source><source id="BatRig_Spine1-visibility-animation-outtan"><float_array id="BatRig_Spine1-visibility-animation-outtan-array" count="18">

0.000000 0.000000 0.000000 0.000000 0.000000 0.000000 0.000000 0.000000 0.000000 0.000000 0.000000 0.000000 0.000000 0.000000 0.000000 0.000000
0.000000 0.000000</float_array><technique_common><accessor source="#BatRig_Spine1-visibility-animation-outtan-array" count="18"><param type="float"/></accessor></technique_common></source><source id="BatRig_Spine1-visibility-animation-interpolation"><Name_array id="BatRig_Spine1-visibility-animation-interpolation-array" count="18">
 STEP STEP STEP STEP STEP STEP STEP STEP STEP STEP STEP STEP STEP STEP STEP STEP STEP
BEZIER</Name_array><technique_common><accessor source="#BatRig_Spine1-visibility-animation-interpolation-array" count="18"><param type="name"/></accessor></technique_common></source><sampler id="BatRig_Spine1-visibility-animation"><input semantic="INPUT" source="#BatRig_Spine1-visibility-animation-input"/><input semantic="OUTPUT" source="#BatRig_Spine1-visibility-animation-output"/><input semantic="IN_TANGENT" source="#BatRig_Spine1-visibility-animation-intan"/><input semantic="OUT_TANGENT" source="#BatRig_Spine1-visibility-animation-outtan"/><input semantic="INTERPOLATION" source="#BatRig_Spine1-visibility-animation-interpolation"/></sampler><channel source="#BatRig_Spine1-visibility-animation" target="BatRig_Spine1/visibility"/></animation></animation>
    <animation id="BatRig_Spine2-anim" name="BatRig_Spine2"><animation><source id="BatRig_Spine2-Matrix-animation-input"><float_array id="BatRig_Spine2-Matrix-animation-input-array" count="18">

0.000000 0.041667 0.083333 0.125000 0.166667 0.208333 0.250000 0.291667 0.333333 0.375000 0.416667 0.458333 0.500000 0.541667 0.583333 0.625000
0.666667 0.708333</float_array><technique_common><accessor source="#BatRig_Spine2-Matrix-animation-input-array" count="18"><param name="TIME" type="float"/></accessor></technique_common></source><source id="BatRig_Spine2-Matrix-animation-output-transform"><float_array id="BatRig_Spine2-Matrix-animation-output-transform-array" count="288">

0.999861 -0.010271 -0.013113 0.000001 0.009751 0.999187 -0.039106 11.776699 0.013504 0.038973 0.999149 0.000003 0.000000 0.000000 0.000000 1.000000
0.999861 -0.010271 -0.013113 0.000001 0.009751 0.999187 -0.039106 11.776699 0.013504 0.038973 0.999149 0.000003 0.000000 0.000000 0.000000 1.000000
0.999373 -0.010712 -0.033734 0.000001 0.009176 0.998928 -0.045365 11.776699 0.034184 0.045027 0.998401 0.000003 0.000000 0.000000 0.000000 1.000000
0.999373 -0.010709 -0.033735 0.000001 0.009175 0.998931 -0.045317 11.776699 0.034184 0.044979 0.998403 0.000003 0.000000 0.000000 0.000000 1.000000
0.999373 -0.010718 -0.033733 0.000001 0.009179 0.998925 -0.045445 11.776699 0.034184 0.045107 0.998397 0.000003 0.000000 0.000000 0.000000 1.000000
0.999373 -0.010714 -0.033734 0.000001 0.009177 0.998927 -0.045397 11.776699 0.034184 0.045059 0.998399 0.000003 0.000000 0.000000 0.000000 1.000000
0.999373 -0.010711 -0.033734 0.000001 0.009176 0.998929 -0.045341 11.776699 0.034184 0.045003 0.998402 0.000003 0.000000 0.000000 0.000000 1.000000
0.999373 -0.010718 -0.033734 0.000001 0.009179 0.998925 -0.045447 11.776699 0.034185 0.045109 0.998397 0.000003 0.000000 0.000000 0.000000 1.000000
0.999373 -0.010726 -0.033734 0.000001 0.009183 0.998920 -0.045553 11.776699 0.034186 0.045215 0.998392 0.000003 0.000000 0.000000 0.000000 1.000000
0.999373 -0.010722 -0.033734 0.000001 0.009181 0.998922 -0.045498 11.776699 0.034185 0.045160 0.998395 0.000003 0.000000 0.000000 0.000000 1.000000
0.999373 -0.010718 -0.033733 0.000001 0.009179 0.998924 -0.045458 11.776699 0.034184 0.045120 0.998397 0.000003 0.000000 0.000000 0.000000 1.000000
0.999373 -0.010714 -0.033735 0.000001 0.009177 0.998927 -0.045386 11.776699 0.034185 0.045048 0.998400 0.000003 0.000000 0.000000 0.000000 1.000000
0.999373 -0.010720 -0.033734 0.000001 0.009180 0.998923 -0.045486 11.776699 0.034185 0.045148 0.998395 0.000003 0.000000 0.000000 0.000000 1.000000
0.999373 -0.010716 -0.033735 0.000001 0.009178 0.998926 -0.045415 11.776699 0.034185 0.045077 0.998398 0.000003 0.000000 0.000000 0.000000 1.000000
0.999373 -0.010716 -0.033734 0.000001 0.009178 0.998926 -0.045414 11.776699 0.034184 0.045076 0.998399 0.000003 0.000000 0.000000 0.000000 1.000000
0.999373 -0.010715 -0.033734 0.000001 0.009177 0.998926 -0.045413 11.776699 0.034184 0.045075 0.998399 0.000003 0.000000 0.000000 0.000000 1.000000
0.999861 -0.010273 -0.013113 0.000001 0.009753 0.999187 -0.039130 11.776699 0.013504 0.038997 0.999148 0.000003 0.000000 0.000000 0.000000 1.000000
0.999861 -0.010273 -0.013113 0.000001 0.009753 0.999187 -0.039130 11.776699 0.013504 0.038997 0.999148 0.000003 0.000000 0.000000 0.000000 1.000000</float_array><technique_common><accessor source="#BatRig_Spine2-Matrix-animation-output-transform-array" count="18" stride="16"><param type="float4x4"/></accessor></technique_common></source><source id="BatRig_Spine2-Interpolations"><Name_array id="BatRig_Spine2-Interpolations-array" count="18">
 LINEAR LINEAR LINEAR LINEAR LINEAR LINEAR LINEAR LINEAR LINEAR LINEAR LINEAR
LINEAR LINEAR LINEAR LINEAR LINEAR LINEAR LINEAR</Name_array><technique_common><accessor source="#BatRig_Spine2-Interpolations-array" count="18"><param type="name"/></accessor></technique_common></source><sampler id="BatRig_Spine2-Matrix-animation-transform"><input semantic="INPUT" source="#BatRig_Spine2-Matrix-animation-input"/><input semantic="OUTPUT" source="#BatRig_Spine2-Matrix-animation-output-transform"/><input semantic="INTERPOLATION" source="#BatRig_Spine2-Interpolations"/></sampler><channel source="#BatRig_Spine2-Matrix-animation-transform" target="BatRig_Spine2/matrix"/></animation><animation><source id="BatRig_Spine2-visibility-animation-input"><float_array id="BatRig_Spine2-visibility-animation-input-array" count="18">

0.000000 0.041667 0.083333 0.125000 0.166667 0.208333 0.250000 0.291667 0.333333 0.375000 0.416667 0.458333 0.500000 0.541667 0.583333 0.625000
0.666667 0.708333</float_array><technique_common><accessor source="#BatRig_Spine2-visibility-animation-input-array" count="18"><param name="TIME" type="float"/></accessor></technique_common></source><source id="BatRig_Spine2-visibility-animation-output"><float_array id="BatRig_Spine2-visibility-animation-output-array" count="18">

1.000000 1.000000 1.000000 1.000000 1.000000 1.000000 1.000000 1.000000 1.000000 1.000000 1.000000 1.000000 1.000000 1.000000 1.000000 1.000000
1.000000 1.000000</float_array><technique_common><accessor source="#BatRig_Spine2-visibility-animation-output-array" count="18"><param type="float"/></accessor></technique_common></source><source id="BatRig_Spine2-visibility-animation-intan"><float_array id="BatRig_Spine2-visibility-animation-intan-array" count="18">

0.000000 0.000000 0.000000 0.000000 0.000000 0.000000 0.000000 0.000000 0.000000 0.000000 0.000000 0.000000 0.000000 0.000000 0.000000 0.000000
0.000000 0.000000</float_array><technique_common><accessor source="#BatRig_Spine2-visibility-animation-intan-array" count="18"><param type="float"/></accessor></technique_common></source><source id="BatRig_Spine2-visibility-animation-outtan"><float_array id="BatRig_Spine2-visibility-animation-outtan-array" count="18">

0.000000 0.000000 0.000000 0.000000 0.000000 0.000000 0.000000 0.000000 0.000000 0.000000 0.000000 0.000000 0.000000 0.000000 0.000000 0.000000
0.000000 0.000000</float_array><technique_common><accessor source="#BatRig_Spine2-visibility-animation-outtan-array" count="18"><param type="float"/></accessor></technique_common></source><source id="BatRig_Spine2-visibility-animation-interpolation"><Name_array id="BatRig_Spine2-visibility-animation-interpolation-array" count="18">
 STEP STEP STEP STEP STEP STEP STEP STEP STEP STEP STEP STEP STEP STEP STEP STEP STEP
BEZIER</Name_array><technique_common><accessor source="#BatRig_Spine2-visibility-animation-interpolation-array" count="18"><param type="name"/></accessor></technique_common></source><sampler id="BatRig_Spine2-visibility-animation"><input semantic="INPUT" source="#BatRig_Spine2-visibility-animation-input"/><input semantic="OUTPUT" source="#BatRig_Spine2-visibility-animation-output"/><input semantic="IN_TANGENT" source="#BatRig_Spine2-visibility-animation-intan"/><input semantic="OUT_TANGENT" source="#BatRig_Spine2-visibility-animation-outtan"/><input semantic="INTERPOLATION" source="#BatRig_Spine2-visibility-animation-interpolation"/></sampler><channel source="#BatRig_Spine2-visibility-animation" target="BatRig_Spine2/visibility"/></animation></animation>
    <animation id="BatRig_Spine3-anim" name="BatRig_Spine3"><animation><source id="BatRig_Spine3-Matrix-animation-input"><float_array id="BatRig_Spine3-Matrix-animation-input-array" count="18">

0.000000 0.041667 0.083333 0.125000 0.166667 0.208333 0.250000 0.291667 0.333333 0.375000 0.416667 0.458333 0.500000 0.541667 0.583333 0.625000
0.666667 0.708333</float_array><technique_common><accessor source="#BatRig_Spine3-Matrix-animation-input-array" count="18"><param name="TIME" type="float"/></accessor></technique_common></source><source id="BatRig_Spine3-Matrix-animation-output-transform"><float_array id="BatRig_Spine3-Matrix-animation-output-transform-array" count="288">

0.999878 -0.009447 -0.012405 0.000002 0.008956 0.999198 -0.039021 13.030717 0.012764 0.038905 0.999161 -1.061704 0.000000 0.000000 0.000000 1.000000
0.999878 -0.009447 -0.012405 0.000002 0.008956 0.999198 -0.039021 13.030717 0.012764 0.038905 0.999161 -1.061704 0.000000 0.000000 0.000000 1.000000
0.999387 -0.011633 -0.033005 0.000002 0.010141 0.998934 -0.045024 13.030717 0.033494 0.044662 0.998441 -1.061704 0.000000 0.000000 0.000000 1.000000
0.999388 -0.011630 -0.033005 0.000002 0.010139 0.998937 -0.044976 13.030717 0.033493 0.044614 0.998443 -1.061704 0.000000 0.000000 0.000000 1.000000
0.999387 -0.011639 -0.033005 0.000002 0.010144 0.998931 -0.045104 13.030717 0.033495 0.044742 0.998437 -1.061704 0.000000 0.000000 0.000000 1.000000
0.999387 -0.011635 -0.033006 0.000002 0.010142 0.998933 -0.045056 13.030717 0.033495 0.044694 0.998439 -1.061704 0.000000 0.000000 0.000000 1.000000
0.999387 -0.011631 -0.033006 0.000002 0.010140 0.998935 -0.045001 13.030717 0.033494 0.044639 0.998442 -1.061704 0.000000 0.000000 0.000000 1.000000
0.999387 -0.011639 -0.033005 0.000002 0.010144 0.998931 -0.045106 13.030717 0.033495 0.044744 0.998437 -1.061704 0.000000 0.000000 0.000000 1.000000
0.999387 -0.011646 -0.033006 0.000002 0.010147 0.998926 -0.045213 13.030717 0.033497 0.044850 0.998432 -1.061704 0.000000 0.000000 0.000000 1.000000
0.999387 -0.011643 -0.033006 0.000002 0.010146 0.998928 -0.045158 13.030717 0.033496 0.044795 0.998434 -1.061704 0.000000 0.000000 0.000000 1.000000
0.999387 -0.011639 -0.033005 0.000002 0.010144 0.998930 -0.045116 13.030717 0.033495 0.044754 0.998436 -1.061704 0.000000 0.000000 0.000000 1.000000
0.999387 -0.011635 -0.033005 0.000002 0.010142 0.998933 -0.045046 13.030717 0.033494 0.044684 0.998440 -1.061704 0.000000 0.000000 0.000000 1.000000
0.999387 -0.011641 -0.033005 0.000002 0.010145 0.998929 -0.045145 13.030717 0.033495 0.044783 0.998435 -1.061704 0.000000 0.000000 0.000000 1.000000
0.999387 -0.011637 -0.033004 0.000002 0.010143 0.998932 -0.045074 13.030717 0.033493 0.044712 0.998438 -1.061704 0.000000 0.000000 0.000000 1.000000
0.999387 -0.011637 -0.033005 0.000002 0.010143 0.998932 -0.045073 13.030717 0.033494 0.044711 0.998438 -1.061704 0.000000 0.000000 0.000000 1.000000
0.999387 -0.011637 -0.033005 0.000002 0.010143 0.998932 -0.045072 13.030717 0.033494 0.044710 0.998438 -1.061704 0.000000 0.000000 0.000000 1.000000
0.999878 -0.009448 -0.012404 0.000002 0.008957 0.999197 -0.039045 13.030717 0.012763 0.038929 0.999160 -1.061704 0.000000 0.000000 0.000000 1.000000
