<?xml version="1.0" encoding="utf-8"?>
<COLLADA xmlns="http://www.collada.org/2005/11/COLLADASchema" version="1.4.1">
  <asset><contributor><author></author><authoring_tool>FBX COLLADA exporter</authoring_tool><comments></comments></contributor><created>2017-08-30T19:20:00Z</created><keywords></keywords><modified>2017-08-30T19:20:00Z</modified><revision></revision><subject></subject><title></title><unit meter="0.010000" name="centimeter"></unit><up_axis>Y_UP</up_axis></asset>
  <library_animations>
    <animation id="BatRig_Reference-anim" name="BatRig_Reference"><animation><source id="BatRig_Reference-Matrix-animation-input"><float_array id="BatRig_Reference-Matrix-animation-input-array" count="18">

0.000000 0.041667 0.083333 0.125000 0.166667 0.208333 0.250000 0.291667 0.333333 0.375000 0.416667 0.458333 0.500000 0.541667 0.583333 0.625000
0.666667 0.708333</float_array><technique_common><accessor source="#BatRig_Reference-Matrix-animation-input-array" count="18"><param name="TIME" type="float"/></accessor></technique_common></source><source id="BatRig_Reference-Matrix-animation-output-transform"><float_array id="BatRig_Reference-Matrix-animation-output-transform-array" count="288">

1.000000 0.000000 0.000000 3.218078 0.000000 1.000000 0.000000 0.000000 0.000000 0.000000 1.000000 -2.015164 0.000000 0.000000 0.000000 1.000000
1.000000 0.000000 0.000000 3.218078 0.000000 1.000000 0.000000 0.000000 0.000000 0.000000 1.000000 -2.015164 0.000000 0.000000 0.000000 1.000000
1.000000 0.000000 0.000000 2.699112 0.000000 1.000000 0.000000 0.000000 0.000000 0.000000 1.000000 -2.270814 0.000000 0.000000 0.000000 1.000000
1.000000 0.000000 0.000000 2.707795 0.000000 1.000000 0.000000 0.000000 0.000000 0.000000 1.000000 -2.411772 0.000000 0.000000 0.000000 1.000000
1.000000 0.000000 0.000000 2.681412 0.000000 1.000000 0.000000 0.000000 0.000000 0.000000 1.000000 -2.511964 0.000000 0.000000 0.000000 1.000000
1.000000 0.000000 0.000000 2.649614 0.000000 1.000000 0.000000 0.000000 0.000000 0.000000 1.000000 -2.568449 0.000000 0.000000 0.000000 1.000000
1.000000 0.000000 0.000000 2.636350 0.000000 1.000000 0.000000 0.000000 0.000000 0.000000 1.000000 -2.562836 0.000000 0.000000 0.000000 1.000000
1.000000 0.000000 0.000000 2.643938 0.000000 1.000000 0.000000 0.000000 0.000000 0.000000 1.000000 -2.502167 0.000000 0.000000 0.000000 1.000000
1.000000 0.000000 0.000000 2.660738 0.000000 1.000000 0.000000 0.000000 0.000000 0.000000 1.000000 -2.454217 0.000000 0.000000 0.000000 1.000000
1.000000 0.000000 0.000000 2.691342 0.000000 1.000000 0.000000 0.000000 0.000000 0.000000 1.000000 -2.426515 0.000000 0.000000 0.000000 1.000000
1.000000 0.000000 0.000000 2.742789 0.000000 1.000000 0.000000 0.000000 0.000000 0.000000 1.000000 -2.363568 0.000000 0.000000 0.000000 1.000000
1.000000 0.000000 0.000000 2.777649 0.000000 1.000000 0.000000 0.000000 0.000000 0.000000 1.000000 -7.515069 0.000000 0.000000 0.000000 1.000000
1.000000 0.000000 0.000000 2.794172 0.000000 1.000000 0.000000 0.000000 0.000000 0.000000 1.000000 -17.068838 0.000000 0.000000 0.000000 1.000000
1.000000 0.000000 0.000000 2.784989 0.000000 1.000000 0.000000 0.000000 0.000000 0.000000 1.000000 -23.190079 0.000000 0.000000 0.000000 1.000000
1.000000 0.000000 0.000000 2.718020 0.000000 1.000000 0.000000 0.000000 0.000000 0.000000 1.000000 -25.573755 0.000000 0.000000 0.000000 1.000000
1.000000 0.000000 0.000000 2.664759 0.000000 1.000000 0.000000 0.000000 0.000000 0.000000 1.000000 -25.494797 0.000000 0.000000 0.000000 1.000000
1.000000 0.000000 0.000000 2.606305 0.000000 1.000000 0.000000 0.000000 0.000000 0.000000 1.000000 -25.386005 0.000000 0.000000 0.000000 1.000000
1.000000 0.000000 0.000000 2.606305 0.000000 1.000000 0.000000 0.000000 0.000000 0.000000 1.000000 -25.386005 0.000000 0.000000 0.000000 1.000000</float_array><technique_common><accessor source="#BatRig_Reference-Matrix-animation-output-transform-array" count="18" stride="16"><param type="float4x4"/></accessor></technique_common></source><source id="BatRig_Reference-Interpolations"><Name_array id="BatRig_Reference-Interpolations-array" count="18">
 LINEAR LINEAR LINEAR LINEAR LINEAR LINEAR LINEAR LINEAR LINEAR LINEAR LINEAR
LINEAR LINEAR LINEAR LINEAR LINEAR LINEAR LINEAR</Name_array><technique_common><accessor source="#BatRig_Reference-Interpolations-array" count="18"><param type="name"/></accessor></technique_common></source><sampler id="BatRig_Reference-Matrix-animation-transform"><input semantic="INPUT" source="#BatRig_Reference-Matrix-animation-input"/><input semantic="OUTPUT" source="#BatRig_Reference-Matrix-animation-output-transform"/><input semantic="INTERPOLATION" source="#BatRig_Reference-Interpolations"/></sampler><channel source="#BatRig_Reference-Matrix-animation-transform" target="BatRig_Reference/matrix"/></animation><animation><source id="BatRig_Reference-visibility-animation-input"><float_array id="BatRig_Reference-visibility-animation-input-array" count="18">

0.000000 0.041667 0.083333 0.125000 0.166667 0.208333 0.250000 0.291667 0.333333 0.375000 0.416667 0.458333 0.500000 0.541667 0.583333 0.625000
0.666667 0.708333</float_array><technique_common><accessor source="#BatRig_Reference-visibility-animation-input-array" count="18"><param name="TIME" type="float"/></accessor></technique_common></source><source id="BatRig_Reference-visibility-animation-output"><float_array id="BatRig_Reference-visibility-animation-output-array" count="18">

1.000000 1.000000 1.000000 1.000000 1.000000 1.000000 1.000000 1.000000 1.000000 1.000000 1.000000 1.000000 1.000000 1.000000 1.000000 1.000000
1.000000 1.000000</float_array><technique_common><accessor source="#BatRig_Reference-visibility-animation-output-array" count="18"><param type="float"/></accessor></technique_common></source><source id="BatRig_Reference-visibility-animation-intan"><float_array id="BatRig_Reference-visibility-animation-intan-array" count="18">

0.000000 0.000000 0.000000 0.000000 0.000000 0.000000 0.000000 0.000000 0.000000 0.000000 0.000000 0.000000 0.000000 0.000000 0.000000 0.000000
0.000000 0.000000</float_array><technique_common><accessor source="#BatRig_Reference-visibility-animation-intan-array" count="18"><param type="float"/></accessor></technique_common></source><source id="BatRig_Reference-visibility-animation-outtan"><float_array id="BatRig_Reference-visibility-animation-outtan-array" count="18">

0.000000 0.000000 0.000000 0.000000 0.000000 0.000000 0.000000 0.000000 0.000000 0.000000 0.000000 0.000000 0.000000 0.000000 0.000000 0.000000
0.000000 0.000000</float_array><technique_common><accessor source="#BatRig_Reference-visibility-animation-outtan-array" count="18"><param type="float"/></accessor></technique_common></source><source id="BatRig_Reference-visibility-animation-interpolation"><Name_array id="BatRig_Reference-visibility-animation-interpolation-array" count="18">
 STEP STEP STEP STEP STEP STEP STEP STEP STEP STEP STEP STEP STEP STEP STEP STEP STEP
BEZIER</Name_array><technique_common><accessor source="#BatRig_Reference-visibility-animation-interpolation-array" count="18"><param type="name"/></accessor></technique_common></source><sampler id="BatRig_Reference-visibility-animation"><input semantic="INPUT" source="#BatRig_Reference-visibility-animation-input"/><input semantic="OUTPUT" source="#BatRig_Reference-visibility-animation-output"/><input semantic="IN_TANGENT" source="#BatRig_Reference-visibility-animation-intan"/><input semantic="OUT_TANGENT" source="#BatRig_Reference-visibility-animation-outtan"/><input semantic="INTERPOLATION" source="#BatRig_Reference-visibility-animation-interpolation"/></sampler><channel source="#BatRig_Reference-visibility-animation" target="BatRig_Reference/visibility"/></animation></animation>
    <animation id="BatRig_Hips-anim" name="BatRig_Hips"><animation><source id="BatRig_Hips-Matrix-animation-input"><float_array id="BatRig_Hips-Matrix-animation-input-array" count="18">

0.000000 0.041667 0.083333 0.125000 0.166667 0.208333 0.250000 0.291667 0.333333 0.375000 0.416667 0.458333 0.500000 0.541667 0.583333 0.625000
0.666667 0.708333</float_array><technique_common><accessor source="#BatRig_Hips-Matrix-animation-input-array" count="18"><param name="TIME" type="float"/></accessor></technique_common></source><source id="BatRig_Hips-Matrix-animation-output-transform"><float_array id="BatRig_Hips-Matrix-animation-output-transform-array" count="288">

0.426823 0.128740 0.895125 0.000000 -0.128312 0.988422 -0.080975 78.791931 -0.895186 -0.080293 0.438400 0.000000 0.000000 0.000000 0.000000 1.000000
0.426823 0.128740 0.895125 0.000000 -0.128312 0.988422 -0.080975 78.791931 -0.895186 -0.080293 0.438400 0.000000 0.000000 0.000000 0.000000 1.000000
0.054027 0.263855 0.963048 0.000000 -0.369054 0.901443 -0.226272 77.819489 -0.927836 -0.343192 0.146079 0.000000 0.000000 0.000000 0.000000 1.000000
-0.132270 0.270404 0.953618 0.000000 -0.354615 0.885486 -0.300271 77.755951 -0.925610 -0.377884 -0.021234 0.000000 0.000000 0.000000 0.000000 1.000000
-0.327561 0.267514 0.906168 0.000000 -0.294286 0.882485 -0.366901 77.720955 -0.897830 -0.386855 -0.210342 0.000000 0.000000 0.000000 0.000000 1.000000
-0.459751 0.264298 0.847806 0.000000 -0.236261 0.883876 -0.403663 77.707611 -0.856043 -0.385888 -0.343919 0.000000 0.000000 0.000000 0.000000 1.000000
-0.505547 0.263368 0.821620 0.000000 -0.200195 0.890478 -0.408621 77.718353 -0.839252 -0.371061 -0.397453 0.000000 0.000000 0.000000 0.000000 1.000000
-0.479735 0.263858 0.836800 0.000000 -0.186028 0.901443 -0.390890 77.747543 -0.857466 -0.343192 -0.383369 0.000000 0.000000 0.000000 0.000000 1.000000
-0.434204 0.263017 0.861562 0.000000 -0.179193 0.912092 -0.368752 77.840988 -0.882812 -0.314499 -0.348903 0.000000 0.000000 0.000000 0.000000 1.000000
-0.364707 0.259518 0.894225 0.000000 -0.176414 0.923720 -0.340028 78.042740 -0.914257 -0.281765 -0.291105 0.000000 0.000000 0.000000 0.000000 1.000000
-0.197372 0.241355 0.950154 0.000000 -0.161082 0.948062 -0.274284 78.510948 -0.967004 -0.207189 -0.148243 0.000000 0.000000 0.000000 0.000000 1.000000
-0.108642 0.226623 0.967904 0.000000 -0.148450 0.959051 -0.241212 78.839447 -0.982934 -0.169891 -0.070551 0.000000 0.000000 0.000000 0.000000 1.000000
-0.002958 0.204704 0.978820 0.000000 -0.129513 0.970502 -0.203356 79.144058 -0.991573 -0.127371 0.023641 0.000000 0.000000 0.000000 0.000000 1.000000
0.121793 0.172698 0.977416 0.000000 -0.101709 0.981734 -0.160788 79.318436 -0.987331 -0.079829 0.137133 0.000000 0.000000 0.000000 0.000000 1.000000
0.242115 0.135289 0.960769 0.000000 -0.069056 0.990122 -0.122020 79.400108 -0.967787 -0.036804 0.249066 0.000000 0.000000 0.000000 0.000000 1.000000
0.377254 0.084768 0.922222 0.000000 -0.024809 0.996370 -0.081434 79.429810 -0.925778 0.007842 0.377987 0.000000 0.000000 0.000000 0.000000 1.000000
0.494405 0.032329 0.868630 0.000000 0.021247 0.998560 -0.049258 79.446251 -0.868972 0.042809 0.493006 0.000000 0.000000 0.000000 0.000000 1.000000
0.494405 0.032329 0.868630 0.000000 0.021247 0.998560 -0.049258 79.446251 -0.868972 0.042809 0.493006 0.000000 0.000000 0.000000 0.000000 1.000000</float_array><technique_common><accessor source="#BatRig_Hips-Matrix-animation-output-transform-array" count="18" stride="16"><param type="float4x4"/></accessor></technique_common></source><source id="BatRig_Hips-Interpolations"><Name_array id="BatRig_Hips-Interpolations-array" count="18">
 LINEAR LINEAR LINEAR LINEAR LINEAR LINEAR LINEAR LINEAR LINEAR LINEAR LINEAR
LINEAR LINEAR LINEAR LINEAR LINEAR LINEAR LINEAR</Name_array><technique_common><accessor source="#BatRig_Hips-Interpolations-array" count="18"><param type="name"/></accessor></technique_common></source><sampler id="BatRig_Hips-Matrix-animation-transform"><input semantic="INPUT" source="#BatRig_Hips-Matrix-animation-input"/><input semantic="OUTPUT" source="#BatRig_Hips-Matrix-animation-output-transform"/><input semantic="INTERPOLATION" source="#BatRig_Hips-Interpolations"/></sampler><channel source="#BatRig_Hips-Matrix-animation-transform" target="BatRig_Hips/matrix"/></animation><animation><source id="BatRig_Hips-visibility-animation-input"><float_array id="BatRig_Hips-visibility-animation-input-array" count="18">

0.000000 0.041667 0.083333 0.125000 0.166667 0.208333 0.250000 0.291667 0.333333 0.375000 0.416667 0.458333 0.500000 0.541667 0.583333 0.625000
0.666667 0.708333</float_array><technique_common><accessor source="#BatRig_Hips-visibility-animation-input-array" count="18"><param name="TIME" type="float"/></accessor></technique_common></source><source id="BatRig_Hips-visibility-animation-output"><float_array id="BatRig_Hips-visibility-animation-output-array" count="18">

1.000000 1.000000 1.000000 1.000000 1.000000 1.000000 1.000000 1.000000 1.000000 1.000000 1.000000 1.000000 1.000000 1.000000 1.000000 1.000000
1.000000 1.000000</float_array><technique_common><accessor source="#BatRig_Hips-visibility-animation-output-array" count="18"><param type="float"/></accessor></technique_common></source><source id="BatRig_Hips-visibility-animation-intan"><float_array id="BatRig_Hips-visibility-animation-intan-array" count="18">

0.000000 0.000000 0.000000 0.000000 0.000000 0.000000 0.000000 0.000000 0.000000 0.000000 0.000000 0.000000 0.000000 0.000000 0.000000 0.000000
0.000000 0.000000</float_array><technique_common><accessor source="#BatRig_Hips-visibility-animation-intan-array" count="18"><param type="float"/></accessor></technique_common></source><source id="BatRig_Hips-visibility-animation-outtan"><float_array id="BatRig_Hips-visibility-animation-outtan-array" count="18">

0.000000 0.000000 0.000000 0.000000 0.000000 0.000000 0.000000 0.000000 0.000000 0.000000 0.000000 0.000000 0.000000 0.000000 0.000000 0.000000
0.000000 0.000000</float_array><technique_common><accessor source="#BatRig_Hips-visibility-animation-outtan-array" count="18"><param type="float"/></accessor></technique_common></source><source id="BatRig_Hips-visibility-animation-interpolation"><Name_array id="BatRig_Hips-visibility-animation-interpolation-array" count="18">
 STEP STEP STEP STEP STEP STEP STEP STEP STEP STEP STEP STEP STEP STEP STEP STEP STEP
BEZIER</Name_array><technique_common><accessor source="#BatRig_Hips-visibility-animation-interpolation-array" count="18"><param type="name"/></accessor></technique_common></source><sampler id="BatRig_Hips-visibility-animation"><input semantic="INPUT" source="#BatRig_Hips-visibility-animation-input"/><input semantic="OUTPUT" source="#BatRig_Hips-visibility-animation-output"/><input semantic="IN_TANGENT" source="#BatRig_Hips-visibility-animation-intan"/><input semantic="OUT_TANGENT" source="#BatRig_Hips-visibility-animation-outtan"/><input semantic="INTERPOLATION" source="#BatRig_Hips-visibility-animation-interpolation"/></sampler><channel source="#BatRig_Hips-visibility-animation" target="BatRig_Hips/visibility"/></animation></animation>
    <animation id="BatRig_Spine-anim" name="BatRig_Spine"><animation><source id="BatRig_Spine-Matrix-animation-input"><float_array id="BatRig_Spine-Matrix-animation-input-array" count="18">

0.000000 0.041667 0.083333 0.125000 0.166667 0.208333 0.250000 0.291667 0.333333 0.375000 0.416667 0.458333 0.500000 0.541667 0.583333 0.625000
0.666667 0.708333</float_array><technique_common><accessor source="#BatRig_Spine-Matrix-animation-input-array" count="18"><param name="TIME" type="float"/></accessor></technique_common></source><source id="BatRig_Spine-Matrix-animation-output-transform"><float_array id="BatRig_Spine-Matrix-animation-output-transform-array" count="288">

0.997926 0.058845 -0.026109 -0.000001 -0.057850 0.997627 0.037342 3.725677 0.028244 -0.035754 0.998961 0.000001 0.000000 0.000000 0.000000 1.000000
0.997926 0.058845 -0.026109 -0.000001 -0.057850 0.997627 0.037342 3.725677 0.028244 -0.035754 0.998961 0.000001 0.000000 0.000000 0.000000 1.000000
0.998121 0.054937 -0.027140 -0.000001 -0.053886 0.997821 0.038065 3.725677 0.029172 -0.036531 0.998907 0.000001 0.000000 0.000000 0.000000 1.000000
0.998121 0.054938 -0.027140 -0.000001 -0.053886 0.997821 0.038066 3.725677 0.029172 -0.036532 0.998907 0.000001 0.000000 0.000000 0.000000 1.000000
0.998121 0.054937 -0.027142 -0.000001 -0.053885 0.997821 0.038066 3.725677 0.029174 -0.036532 0.998907 0.000001 0.000000 0.000000 0.000000 1.000000
0.998121 0.054937 -0.027143 -0.000001 -0.053885 0.997821 0.038067 3.725677 0.029175 -0.036533 0.998906 0.000001 0.000000 0.000000 0.000000 1.000000
0.998121 0.054936 -0.027140 -0.000001 -0.053884 0.997821 0.038067 3.725677 0.029172 -0.036533 0.998907 0.000001 0.000000 0.000000 0.000000 1.000000
0.998121 0.054936 -0.027138 -0.000001 -0.053884 0.997821 0.038068 3.725677 0.029170 -0.036534 0.998907 0.000001 0.000000 0.000000 0.000000 1.000000
0.998107 0.055140 -0.027227 -0.000001 -0.054089 0.997815 0.037929 3.725677 0.029259 -0.036385 0.998909 0.000001 0.000000 0.000000 0.000000 1.000000
0.998071 0.055683 -0.027460 -0.000001 -0.054634 0.997799 0.037570 3.725677 0.029492 -0.035997 0.998917 0.000001 0.000000 0.000000 0.000000 1.000000
0.997983 0.056960 -0.028014 -0.000001 -0.055916 0.997759 0.036745 3.725677 0.030044 -0.035104 0.998932 0.000001 0.000000 0.000000 0.000000 1.000000
0.997917 0.057918 -0.028425 -0.000001 -0.056877 0.997726 0.036173 3.725677 0.030455 -0.034481 0.998941 0.000001 0.000000 0.000000 0.000000 1.000000
0.997855 0.058791 -0.028798 -0.000001 -0.057752 0.997694 0.035668 3.725677 0.030829 -0.033928 0.998949 0.000001 0.000000 0.000000 0.000000 1.000000
0.997823 0.059240 -0.028991 -0.000001 -0.058201 0.997675 0.035455 3.725677 0.031024 -0.033690 0.998951 0.000001 0.000000 0.000000 0.000000 1.000000
0.997811 0.059403 -0.029059 -0.000001 -0.058368 0.997672 0.035258 3.725677 0.031086 -0.033485 0.998956 0.000001 0.000000 0.000000 0.000000 1.000000
0.997811 0.059407 -0.029063 -0.000001 -0.058347 0.997645 0.036050 3.725677 0.031136 -0.034275 0.998927 0.000001 0.000000 0.000000 0.000000 1.000000
0.997811 0.059407 -0.029063 -0.000001 -0.058322 0.997617 0.036860 3.725677 0.031183 -0.035084 0.998898 0.000001 0.000000 0.000000 0.000000 1.000000
0.997811 0.059407 -0.029063 -0.000001 -0.058322 0.997617 0.036860 3.725677 0.031183 -0.035084 0.998898 0.000001 0.000000 0.000000 0.000000 1.000000</float_array><technique_common><accessor source="#BatRig_Spine-Matrix-animation-output-transform-array" count="18" stride="16"><param type="float4x4"/></accessor></technique_common></source><source id="BatRig_Spine-Interpolations"><Name_array id="BatRig_Spine-Interpolations-array" count="18">
 LINEAR LINEAR LINEAR LINEAR LINEAR LINEAR LINEAR LINEAR LINEAR LINEAR LINEAR
LINEAR LINEAR LINEAR LINEAR LINEAR LINEAR LINEAR</Name_array><technique_common><accessor source="#BatRig_Spine-Interpolations-array" count="18"><param type="name"/></accessor></technique_common></source><sampler id="BatRig_Spine-Matrix-animation-transform"><input semantic="INPUT" source="#BatRig_Spine-Matrix-animation-input"/><input semantic="OUTPUT" source="#BatRig_Spine-Matrix-animation-output-transform"/><input semantic="INTERPOLATION" source="#BatRig_Spine-Interpolations"/></sampler><channel source="#BatRig_Spine-Matrix-animation-transform" target="BatRig_Spine/matrix"/></animation><animation><source id="BatRig_Spine-visibility-animation-input"><float_array id="BatRig_Spine-visibility-animation-input-array" count="18">

0.000000 0.041667 0.083333 0.125000 0.166667 0.208333 0.250000 0.291667 0.333333 0.375000 0.416667 0.458333 0.500000 0.541667 0.583333 0.625000
0.666667 0.708333</float_array><technique_common><accessor source="#BatRig_Spine-visibility-animation-input-array" count="18"><param name="TIME" type="float"/></accessor></technique_common></source><source id="BatRig_Spine-visibility-animation-output"><float_array id="BatRig_Spine-visibility-animation-output-array" count="18">

1.000000 1.000000 1.000000 1.000000 1.000000 1.000000 1.000000 1.000000 1.000000 1.000000 1.000000 1.000000 1.000000 1.000000 1.000000 1.000000
1.000000 1.000000</float_array><technique_common><accessor source="#BatRig_Spine-visibility-animation-output-array" count="18"><param type="float"/></accessor></technique_common></source><source id="BatRig_Spine-visibility-animation-intan"><float_array id="BatRig_Spine-visibility-animation-intan-array" count="18">

0.000000 0.000000 0.000000 0.000000 0.000000 0.000000 0.000000 0.000000 0.000000 0.000000 0.000000 0.000000 0.000000 0.000000 0.000000 0.000000
0.000000 0.000000</float_array><technique_common><accessor source="#BatRig_Spine-visibility-animation-intan-array" count="18"><param type="float"/></accessor></technique_common></source><source id="BatRig_Spine-visibility-animation-outtan"><float_array id="BatRig_Spine-visibility-animation-outtan-array" count="18">

0.000000 0.000000 0.000000 0.000000 0.000000 0.000000 0.000000 0.000000 0.000000 0.000000 0.000000 0.000000 0.000000 0.000000 0.000000 0.000000
0.000000 0.000000</float_array><technique_common><accessor source="#BatRig_Spine-visibility-animation-outtan-array" count="18"><param type="float"/></accessor></technique_common></source><source id="BatRig_Spine-visibility-animation-interpolation"><Name_array id="BatRig_Spine-visibility-animation-interpolation-array" count="18">
 STEP STEP STEP STEP STEP STEP STEP STEP STEP STEP STEP STEP STEP STEP STEP STEP STEP
BEZIER</Name_array><technique_common><accessor source="#BatRig_Spine-visibility-animation-interpolation-array" count="18"><param type="name"/></accessor></technique_common></source><sampler id="BatRig_Spine-visibility-animation"><input semantic="INPUT" source="#BatRig_Spine-visibility-animation-input"/><input semantic="OUTPUT" source="#BatRig_Spine-visibility-animation-output"/><input semantic="IN_TANGENT" source="#BatRig_Spine-visibility-animation-intan"/><input semantic="OUT_TANGENT" source="#BatRig_Spine-visibility-animation-outtan"/><input semantic="INTERPOLATION" source="#BatRig_Spine-visibility-animation-interpolation"/></sampler><channel source="#BatRig_Spine-visibility-animation" target="BatRig_Spine/visibility"/></animation></animation>
    <animation id="BatRig_Spine1-anim" name="BatRig_Spine1"><animation><source id="BatRig_Spine1-Matrix-animation-input"><float_array id="BatRig_Spine1-Matrix-animation-input-array" count="18">

0.000000 0.041667 0.083333 0.125000 0.166667 0.208333 0.250000 0.291667 0.333333 0.375000 0.416667 0.458333 0.500000 0.541667 0.583333 0.625000
0.666667 0.708333</float_array><technique_common><accessor source="#BatRig_Spine1-Matrix-animation-input-array" count="18"><param name="TIME" type="float"/></accessor></technique_common></source><source id="BatRig_Spine1-Matrix-animation-output-transform"><float_array id="BatRig_Spine1-Matrix-animation-output-transform-array" count="288">

0.999607 -0.002467 0.027924 0.000002 0.005029 0.995742 -0.092043 10.999832 -0.027578 0.092147 0.995363 -0.000003 0.000000 0.000000 0.000000 1.000000
0.999607 -0.002467 0.027924 0.000002 0.005029 0.995742 -0.092043 10.999832 -0.027578 0.092147 0.995363 -0.000003 0.000000 0.000000 0.000000 1.000000
0.999691 -0.011160 0.022219 0.000002 0.013100 0.995929 -0.089182 10.999832 -0.021133 0.089445 0.995768 -0.000003 0.000000 0.000000 0.000000 1.000000
0.999691 -0.011161 0.022219 0.000002 0.013101 0.995929 -0.089182 10.999832 -0.021133 0.089445 0.995768 -0.000003 0.000000 0.000000 0.000000 1.000000
0.999691 -0.011160 0.022219 0.000002 0.013100 0.995929 -0.089182 10.999832 -0.021133 0.089445 0.995768 -0.000003 0.000000 0.000000 0.000000 1.000000
0.999691 -0.011161 0.022219 0.000002 0.013101 0.995929 -0.089182 10.999832 -0.021133 0.089445 0.995768 -0.000003 0.000000 0.000000 0.000000 1.000000
0.999691 -0.011160 0.022219 0.000002 0.013100 0.995929 -0.089182 10.999832 -0.021133 0.089445 0.995768 -0.000003 0.000000 0.000000 0.000000 1.000000
0.999691 -0.011160 0.022218 0.000002 0.013100 0.995929 -0.089182 10.999832 -0.021132 0.089445 0.995768 -0.000003 0.000000 0.000000 0.000000 1.000000
0.999719 -0.010613 0.021212 0.000002 0.012466 0.995933 -0.089236 10.999832 -0.020179 0.089475 0.995785 -0.000003 0.000000 0.000000 0.000000 1.000000
0.999786 -0.009149 0.018546 0.000002 0.010772 0.995940 -0.089372 10.999832 -0.017653 0.089553 0.995826 -0.000003 0.000000 0.000000 0.000000 1.000000
0.999909 -0.005664 0.012253 0.000002 0.006740 0.995949 -0.089663 10.999832 -0.011696 0.089737 0.995897 -0.000003 0.000000 0.000000 0.000000 1.000000
0.999967 -0.003015 0.007534 0.000002 0.003680 0.995949 -0.089849 10.999832 -0.007233 0.089874 0.995927 -0.000003 0.000000 0.000000 0.000000 1.000000
0.999995 -0.000592 0.003239 0.000002 0.000881 0.995942 -0.089997 10.999832 -0.003173 0.089999 0.995937 -0.000003 0.000000 0.000000 0.000000 1.000000
0.999999 0.000754 0.001027 0.000002 -0.000658 0.995936 -0.090063 10.999832 -0.001091 0.090062 0.995936 -0.000003 0.000000 0.000000 0.000000 1.000000
0.999999 0.001246 0.000226 0.000002 -0.001221 0.995933 -0.090086 10.999832 -0.000337 0.090086 0.995934 -0.000003 0.000000 0.000000 0.000000 1.000000
0.999999 0.001307 0.000205 0.000002 -0.001283 0.995933 -0.090086 10.999832 -0.000322 0.090086 0.995934 -0.000003 0.000000 0.000000 0.000000 1.000000
0.999999 0.001374 0.000202 0.000002 -0.001350 0.995933 -0.090086 10.999832 -0.000325 0.090086 0.995934 -0.000003 0.000000 0.000000 0.000000 1.000000
0.999999 0.001374 0.000202 0.000002 -0.001350 0.995933 -0.090086 10.999832 -0.000325 0.090086 0.995934 -0.000003 0.000000 0.000000 0.000000 1.000000</float_array><technique_common><accessor source="#BatRig_Spine1-Matrix-animation-output-transform-array" count="18" stride="16"><param type="float4x4"/></accessor></technique_common></source><source id="BatRig_Spine1-Interpolations"><Name_array id="BatRig_Spine1-Interpolations-array" count="18">
 LINEAR LINEAR LINEAR LINEAR LINEAR LINEAR LINEAR LINEAR LINEAR LINEAR LINEAR
LINEAR LINEAR LINEAR LINEAR LINEAR LINEAR LINEAR</Name_array><technique_common><accessor source="#BatRig_Spine1-Interpolations-array" count="18"><param type="name"/></accessor></technique_common></source><sampler id="BatRig_Spine1-Matrix-animation-transform"><input semantic="INPUT" source="#BatRig_Spine1-Matrix-animation-input"/><input semantic="OUTPUT" source="#BatRig_Spine1-Matrix-animation-output-transform"/><input semantic="INTERPOLATION" source="#BatRig_Spine1-Interpolations"/></sampler><channel source="#BatRig_Spine1-Matrix-animation-transform" target="BatRig_Spine1/matrix"/></animation><animation><source id="BatRig_Spine1-visibility-animation-input"><float_array id="BatRig_Spine1-visibility-animation-input-array" count="18">

0.000000 0.041667 0.083333 0.125000 0.166667 0.208333 0.250000 0.291667 0.333333 0.375000 0.416667 0.458333 0.500000 0.541667 0.583333 0.625000
0.666667 0.708333</float_array><technique_common><accessor source="#BatRig_Spine1-visibility-animation-input-array" count="18"><param name="TIME" type="float"/></accessor></technique_common></source><source id="BatRig_Spine1-visibility-animation-output"><float_array id="BatRig_Spine1-visibility-animation-output-array" count="18">

1.000000 1.000000 1.000000 1.000000 1.000000 1.000000 1.000000 1.000000 1.000000 1.000000 1.000000 1.000000 1.000000 1.000000 1.000000 1.000000
1.000000 1.000000</float_array><technique_common><accessor source="#BatRig_Spine1-visibility-animation-output-array" count="18"><param type="float"/></accessor></technique_common></source><source id="BatRig_Spine1-visibility-animation-intan"><float_array id="BatRig_Spine1-visibility-animation-intan-array" count="18">

0.000000 0.000000 0.000000 0.000000 0.000000 0.000000 0.000000 0.000000 0.000000 0.000000 0.000000 0.000000 0.000000 0.000000 0.000000 0.000000
0.000000 0.000000</float_array><technique_common><accessor source="#BatRig_Spine1-visibility-animation-intan-array" count="18"><param type="float"/></accessor></technique_common></source><source id="BatRig_Spine1-visibility-animation-outtan"><float_array id="BatRig_Spine1-visibility-animation-outtan-array" count="18">

0.000000 0.000000 0.000000 0.000000 0.000000 0.000000 0.000000 0.000000 0.000000 0.000000 0.000000 0.000000 0.000000 0.000000 0.000000 0.000000
0.000000 0.000000</float_array><technique_common><accessor source="#BatRig_Spine1-visibility-animation-outtan-array" count="18"><param type="float"/></accessor></technique_common></source><source id="BatRig_Spine1-visibility-animation-interpolation"><Name_array id="BatRig_Spine1-visibility-animation-interpolation-array" count="18">
 STEP STEP STEP STEP STEP STEP STEP STEP STEP STEP STEP STEP STEP STEP STEP STEP STEP
BEZIER</Name_array><technique_common><accessor source="#BatRig_Spine1-visibility-animation-interpolation-array" count="18"><param type="name"/></accessor></technique_common></source><sampler id="BatRig_Spine1-visibility-animation"><input semantic="INPUT" source="#BatRig_Spine1-visibility-animation-input"/><input semantic="OUTPUT" source="#BatRig_Spine1-visibility-animation-output"/><input semantic="IN_TANGENT" source="#BatRig_Spine1-visibility-animation-intan"/><input semantic="OUT_TANGENT" source="#BatRig_Spine1-visibility-animation-outtan"/><input semantic="INTERPOLATION" source="#BatRig_Spine1-visibility-animation-interpolation"/></sampler><channel source="#BatRig_Spine1-visibility-animation" target="BatRig_Spine1/visibility"/></animation></animation>
    <animation id="BatRig_Spine2-anim" name="BatRig_Spine2"><animation><source id="BatRig_Spine2-Matrix-animation-input"><float_array id="BatRig_Spine2-Matrix-animation-input-array" count="18">

0.000000 0.041667 0.083333 0.125000 0.166667 0.208333 0.250000 0.291667 0.333333 0.375000 0.416667 0.458333 0.500000 0.541667 0.583333 0.625000
0.666667 0.708333</float_array><technique_common><accessor source="#BatRig_Spine2-Matrix-animation-input-array" count="18"><param name="TIME" type="float"/></accessor></technique_common></source><source id="BatRig_Spine2-Matrix-animation-output-transform"><float_array id="BatRig_Spine2-Matrix-animation-output-transform-array" count="288">

0.999605 0.000039 0.028117 0.000000 0.002549 0.995755 -0.092006 11.776703 -0.028001 0.092041 0.995361 0.000004 0.000000 0.000000 0.000000 1.000000
0.999605 0.000039 0.028117 0.000000 0.002549 0.995755 -0.092006 11.776703 -0.028001 0.092041 0.995361 0.000004 0.000000 0.000000 0.000000 1.000000
0.999689 -0.009085 0.023203 -0.000000 0.011113 0.995984 -0.088837 11.776703 -0.022303 0.089067 0.995776 0.000004 0.000000 0.000000 0.000000 1.000000
0.999689 -0.009085 0.023203 0.000000 0.011113 0.995984 -0.088838 11.776703 -0.022303 0.089068 0.995776 0.000004 0.000000 0.000000 0.000000 1.000000
0.999690 -0.009085 0.023202 0.000000 0.011113 0.995984 -0.088838 11.776703 -0.022302 0.089068 0.995776 0.000004 0.000000 0.000000 0.000000 1.000000
0.999690 -0.009085 0.023202 -0.000000 0.011113 0.995984 -0.088838 11.776703 -0.022302 0.089068 0.995776 0.000004 0.000000 0.000000 0.000000 1.000000
0.999690 -0.009085 0.023202 0.000000 0.011113 0.995984 -0.088838 11.776703 -0.022302 0.089068 0.995776 0.000004 0.000000 0.000000 0.000000 1.000000
0.999690 -0.009084 0.023203 -0.000000 0.011112 0.995984 -0.088838 11.776703 -0.022303 0.089068 0.995776 0.000004 0.000000 0.000000 0.000000 1.000000
0.999717 -0.008632 0.022148 0.000000 0.010569 0.995984 -0.088906 11.776703 -0.021292 0.089115 0.995794 0.000004 0.000000 0.000000 0.000000 1.000000
0.999785 -0.007419 0.019353 0.000000 0.009115 0.995982 -0.089084 11.776703 -0.018614 0.089241 0.995836 0.000004 0.000000 0.000000 0.000000 1.000000
0.999908 -0.004526 0.012754 0.000000 0.005649 0.995973 -0.089470 11.776703 -0.012298 0.089534 0.995908 0.000004 0.000000 0.000000 0.000000 1.000000
0.999967 -0.002320 0.007810 0.000000 0.003012 0.995961 -0.089731 11.776703 -0.007570 0.089752 0.995935 0.000004 0.000000 0.000000 0.000000 1.000000
0.999994 -0.000299 0.003313 0.000000 0.000596 0.995946 -0.089947 11.776703 -0.003273 0.089948 0.995941 0.000004 0.000000 0.000000 0.000000 1.000000
0.999999 0.000838 0.000999 -0.000000 -0.000745 0.995937 -0.090050 11.776703 -0.001070 0.090049 0.995937 0.000004 0.000000 0.000000 0.000000 1.000000
0.999999 0.001256 0.000159 0.000000 -0.001237 0.995933 -0.090085 11.776703 -0.000272 0.090085 0.995934 0.000004 0.000000 0.000000 0.000000 1.000000
0.999999 0.001314 0.000138 0.000000 -0.001296 0.995933 -0.090086 11.776703 -0.000256 0.090086 0.995934 0.000004 0.000000 0.000000 0.000000 1.000000
0.999999 0.001381 0.000137 0.000000 -0.001363 0.995933 -0.090086 11.776703 -0.000261 0.090086 0.995934 0.000004 0.000000 0.000000 0.000000 1.000000
0.999999 0.001381 0.000137 0.000000 -0.001363 0.995933 -0.090086 11.776703 -0.000261 0.090086 0.995934 0.000004 0.000000 0.000000 0.000000 1.000000</float_array><technique_common><accessor source="#BatRig_Spine2-Matrix-animation-output-transform-array" count="18" stride="16"><param type="float4x4"/></accessor></technique_common></source><source id="BatRig_Spine2-Interpolations"><Name_array id="BatRig_Spine2-Interpolations-array" count="18">
 LINEAR LINEAR LINEAR LINEAR LINEAR LINEAR LINEAR LINEAR LINEAR LINEAR LINEAR
LINEAR LINEAR LINEAR LINEAR LINEAR LINEAR LINEAR</Name_array><technique_common><accessor source="#BatRig_Spine2-Interpolations-array" count="18"><param type="name"/></accessor></technique_common></source><sampler id="BatRig_Spine2-Matrix-animation-transform"><input semantic="INPUT" source="#BatRig_Spine2-Matrix-animation-input"/><input semantic="OUTPUT" source="#BatRig_Spine2-Matrix-animation-output-transform"/><input semantic="INTERPOLATION" source="#BatRig_Spine2-Interpolations"/></sampler><channel source="#BatRig_Spine2-Matrix-animation-transform" target="BatRig_Spine2/matrix"/></animation><animation><source id="BatRig_Spine2-visibility-animation-input"><float_array id="BatRig_Spine2-visibility-animation-input-array" count="18">

0.000000 0.041667 0.083333 0.125000 0.166667 0.208333 0.250000 0.291667 0.333333 0.375000 0.416667 0.458333 0.500000 0.541667 0.583333 0.625000
0.666667 0.708333</float_array><technique_common><accessor source="#BatRig_Spine2-visibility-animation-input-array" count="18"><param name="TIME" type="float"/></accessor></technique_common></source><source id="BatRig_Spine2-visibility-animation-output"><float_array id="BatRig_Spine2-visibility-animation-output-array" count="18">

1.000000 1.000000 1.000000 1.000000 1.000000 1.000000 1.000000 1.000000 1.000000 1.000000 1.000000 1.000000 1.000000 1.000000 1.000000 1.000000
1.000000 1.000000</float_array><technique_common><accessor source="#BatRig_Spine2-visibility-animation-output-array" count="18"><param type="float"/></accessor></technique_common></source><source id="BatRig_Spine2-visibility-animation-intan"><float_array id="BatRig_Spine2-visibility-animation-intan-array" count="18">

0.000000 0.000000 0.000000 0.000000 0.000000 0.000000 0.000000 0.000000 0.000000 0.000000 0.000000 0.000000 0.000000 0.000000 0.000000 0.000000
0.000000 0.000000</float_array><technique_common><accessor source="#BatRig_Spine2-visibility-animation-intan-array" count="18"><param type="float"/></accessor></technique_common></source><source id="BatRig_Spine2-visibility-animation-outtan"><float_array id="BatRig_Spine2-visibility-animation-outtan-array" count="18">

0.000000 0.000000 0.000000 0.000000 0.000000 0.000000 0.000000 0.000000 0.000000 0.000000 0.000000 0.000000 0.000000 0.000000 0.000000 0.000000
0.000000 0.000000</float_array><technique_common><accessor source="#BatRig_Spine2-visibility-animation-outtan-array" count="18"><param type="float"/></accessor></technique_common></source><source id="BatRig_Spine2-visibility-animation-interpolation"><Name_array id="BatRig_Spine2-visibility-animation-interpolation-array" count="18">
 STEP STEP STEP STEP STEP STEP STEP STEP STEP STEP STEP STEP STEP STEP STEP STEP STEP
BEZIER</Name_array><technique_common><accessor source="#BatRig_Spine2-visibility-animation-interpolation-array" count="18"><param type="name"/></accessor></technique_common></source><sampler id="BatRig_Spine2-visibility-animation"><input semantic="INPUT" source="#BatRig_Spine2-visibility-animation-input"/><input semantic="OUTPUT" source="#BatRig_Spine2-visibility-animation-output"/><input semantic="IN_TANGENT" source="#BatRig_Spine2-visibility-animation-intan"/><input semantic="OUT_TANGENT" source="#BatRig_Spine2-visibility-animation-outtan"/><input semantic="INTERPOLATION" source="#BatRig_Spine2-visibility-animation-interpolation"/></sampler><channel source="#BatRig_Spine2-visibility-animation" target="BatRig_Spine2/visibility"/></animation></animation>
    <animation id="BatRig_Spine3-anim" name="BatRig_Spine3"><animation><source id="BatRig_Spine3-Matrix-animation-input"><float_array id="BatRig_Spine3-Matrix-animation-input-array" count="18">

0.000000 0.041667 0.083333 0.125000 0.166667 0.208333 0.250000 0.291667 0.333333 0.375000 0.416667 0.458333 0.500000 0.541667 0.583333 0.625000
0.666667 0.708333</float_array><technique_common><accessor source="#BatRig_Spine3-Matrix-animation-input-array" count="18"><param name="TIME" type="float"/></accessor></technique_common></source><source id="BatRig_Spine3-Matrix-animation-output-transform"><float_array id="BatRig_Spine3-Matrix-animation-output-transform-array" count="288">

0.999602 0.002557 0.028087 0.000001 0.000037 0.995763 -0.091961 13.030716 -0.028203 0.091926 0.995366 -1.061704 0.000000 0.000000 0.000000 1.000000
0.999602 0.002557 0.028087 0.000001 0.000037 0.995763 -0.091961 13.030716 -0.028203 0.091926 0.995366 -1.061704 0.000000 0.000000 0.000000 1.000000
0.999688 -0.006912 0.023994 0.000001 0.009011 0.996036 -0.088498 13.030716 -0.023287 0.088687 0.995787 -1.061704 0.000000 0.000000 0.000000 1.000000
0.999688 -0.006912 0.023994 0.000001 0.009011 0.996036 -0.088498 13.030716 -0.023287 0.088687 0.995787 -1.061704 0.000000 0.000000 0.000000 1.000000
0.999688 -0.006912 0.023994 0.000001 0.009011 0.996035 -0.088499 13.030716 -0.023287 0.088688 0.995787 -1.061704 0.000000 0.000000 0.000000 1.000000
0.999688 -0.006912 0.023994 0.000001 0.009011 0.996035 -0.088499 13.030716 -0.023287 0.088688 0.995787 -1.061704 0.000000 0.000000 0.000000 1.000000
0.999688 -0.006912 0.023994 0.000001 0.009011 0.996035 -0.088499 13.030716 -0.023287 0.088688 0.995787 -1.061704 0.000000 0.000000 0.000000 1.000000
0.999688 -0.006912 0.023994 0.000001 0.009011 0.996035 -0.088499 13.030716 -0.023287 0.088688 0.995787 -1.061704 0.000000 0.000000 0.000000 1.000000
0.999716 -0.006558 0.022898 0.000001 0.008563 0.996032 -0.088581 13.030716 -0.022226 0.088752 0.995806 -1.061704 0.000000 0.000000 0.000000 1.000000
0.999784 -0.005608 0.019996 0.000001 0.007363 0.996023 -0.088794 13.030716 -0.019418 0.088922 0.995849 -1.061704 0.000000 0.000000 0.000000 1.000000
0.999908 -0.003334 0.013147 0.000001 0.004495 0.995997 -0.089271 13.030716 -0.012797 0.089322 0.995921 -1.061704 0.000000 0.000000 0.000000 1.000000
0.999967 -0.001594 0.008016 0.000001 0.002306 0.995975 -0.089605 13.030716 -0.007841 0.089621 0.995945 -1.061704 0.000000 0.000000 0.000000 1.000000
0.999994 0.000004 0.003349 0.000001 0.000297 0.995951 -0.089893 13.030716 -0.003336 0.089893 0.995946 -1.061704 0.000000 0.000000 0.000000 1.000000
0.999999 0.000924 0.000952 0.000001 -0.000835 0.995938 -0.090034 13.030716 -0.001031 0.090033 0.995938 -1.061704 0.000000 0.000000 0.000000 1.000000
0.999999 0.001263 0.000084 0.000001 -0.001250 0.995933 -0.090084 13.030716 -0.000197 0.090084 0.995934 -1.061704 0.000000 0.000000 0.000000 1.000000
0.999999 0.001318 0.000066 0.000001 -0.001307 0.995933 -0.090086 13.030716 -0.000184 0.090086 0.995934 -1.061704 0.000000 0.000000 0.000000 1.000000
0.999999 0.001386 0.000066 0.000001 -0.001374 0.995933 -0.090086 13.030716 -0.000191 0.090086 0.995934 -1.061704 0.000000 0.000000 0.000000 1.000000
