<?xml version="1.0" encoding="utf-8"?>
<COLLADA xmlns="http://www.collada.org/2005/11/COLLADASchema" version="1.4.1">
  <asset><contributor><author></author><authoring_tool>FBX COLLADA exporter</authoring_tool><comments></comments></contributor><created>2017-08-30T19:19:29Z</created><keywords></keywords><modified>2017-08-30T19:19:29Z</modified><revision></revision><subject></subject><title></title><unit meter="0.010000" name="centimeter"></unit><up_axis>Y_UP</up_axis></asset>
  <library_animations>
    <animation id="BatRig_Reference-anim" name="BatRig_Reference"><animation><source id="BatRig_Reference-Matrix-animation-input"><float_array id="BatRig_Reference-Matrix-animation-input-array" count="18">

0.000000 0.041667 0.083333 0.125000 0.166667 0.208333 0.250000 0.291667 0.333333 0.375000 0.416667 0.458333 0.500000 0.541667 0.583333 0.625000
0.666667 0.708333</float_array><technique_common><accessor source="#BatRig_Reference-Matrix-animation-input-array" count="18"><param name="TIME" type="float"/></accessor></technique_common></source><source id="BatRig_Reference-Matrix-animation-output-transform"><float_array id="BatRig_Reference-Matrix-animation-output-transform-array" count="288">

1.000000 0.000000 0.000000 2.579701 0.000000 1.000000 0.000000 0.000000 0.000000 0.000000 1.000000 373.942322 0.000000 0.000000 0.000000 1.000000
1.000000 0.000000 0.000000 2.579701 0.000000 1.000000 0.000000 0.000000 0.000000 0.000000 1.000000 373.942322 0.000000 0.000000 0.000000 1.000000
1.000000 0.000000 0.000000 2.407892 0.000000 1.000000 0.000000 0.000000 0.000000 0.000000 1.000000 366.767853 0.000000 0.000000 0.000000 1.000000
1.000000 0.000000 0.000000 2.231941 0.000000 1.000000 0.000000 0.000000 0.000000 0.000000 1.000000 359.599091 0.000000 0.000000 0.000000 1.000000
1.000000 0.000000 0.000000 2.295043 0.000000 1.000000 0.000000 0.000000 0.000000 0.000000 1.000000 359.894135 0.000000 0.000000 0.000000 1.000000
1.000000 0.000000 0.000000 2.458318 0.000000 1.000000 0.000000 0.000000 0.000000 0.000000 1.000000 360.525085 0.000000 0.000000 0.000000 1.000000
1.000000 0.000000 0.000000 2.627056 0.000000 1.000000 0.000000 0.000000 0.000000 0.000000 1.000000 361.156342 0.000000 0.000000 0.000000 1.000000
1.000000 0.000000 0.000000 2.706578 0.000000 1.000000 0.000000 0.000000 0.000000 0.000000 1.000000 361.452423 0.000000 0.000000 0.000000 1.000000
1.000000 0.000000 0.000000 2.731243 0.000000 1.000000 0.000000 0.000000 0.000000 0.000000 1.000000 357.169067 0.000000 0.000000 0.000000 1.000000
1.000000 0.000000 0.000000 2.770127 0.000000 1.000000 0.000000 0.000000 0.000000 0.000000 1.000000 349.654327 0.000000 0.000000 0.000000 1.000000
1.000000 0.000000 0.000000 2.576043 0.000000 1.000000 0.000000 0.000000 0.000000 0.000000 1.000000 337.151642 0.000000 0.000000 0.000000 1.000000
1.000000 0.000000 0.000000 2.576043 0.000000 1.000000 0.000000 0.000000 0.000000 0.000000 1.000000 337.151642 0.000000 0.000000 0.000000 1.000000
1.000000 0.000000 0.000000 2.576043 0.000000 1.000000 0.000000 0.000000 0.000000 0.000000 1.000000 337.151642 0.000000 0.000000 0.000000 1.000000
1.000000 0.000000 0.000000 2.576043 0.000000 1.000000 0.000000 0.000000 0.000000 0.000000 1.000000 337.151642 0.000000 0.000000 0.000000 1.000000
1.000000 0.000000 0.000000 2.576043 0.000000 1.000000 0.000000 0.000000 0.000000 0.000000 1.000000 337.151642 0.000000 0.000000 0.000000 1.000000
1.000000 0.000000 0.000000 2.576043 0.000000 1.000000 0.000000 0.000000 0.000000 0.000000 1.000000 337.151642 0.000000 0.000000 0.000000 1.000000
1.000000 0.000000 0.000000 2.576043 0.000000 1.000000 0.000000 0.000000 0.000000 0.000000 1.000000 337.151642 0.000000 0.000000 0.000000 1.000000
1.000000 0.000000 0.000000 2.576043 0.000000 1.000000 0.000000 0.000000 0.000000 0.000000 1.000000 337.151642 0.000000 0.000000 0.000000 1.000000</float_array><technique_common><accessor source="#BatRig_Reference-Matrix-animation-output-transform-array" count="18" stride="16"><param type="float4x4"/></accessor></technique_common></source><source id="BatRig_Reference-Interpolations"><Name_array id="BatRig_Reference-Interpolations-array" count="18">
 LINEAR LINEAR LINEAR LINEAR LINEAR LINEAR LINEAR LINEAR LINEAR LINEAR LINEAR
LINEAR LINEAR LINEAR LINEAR LINEAR LINEAR LINEAR</Name_array><technique_common><accessor source="#BatRig_Reference-Interpolations-array" count="18"><param type="name"/></accessor></technique_common></source><sampler id="BatRig_Reference-Matrix-animation-transform"><input semantic="INPUT" source="#BatRig_Reference-Matrix-animation-input"/><input semantic="OUTPUT" source="#BatRig_Reference-Matrix-animation-output-transform"/><input semantic="INTERPOLATION" source="#BatRig_Reference-Interpolations"/></sampler><channel source="#BatRig_Reference-Matrix-animation-transform" target="BatRig_Reference/matrix"/></animation><animation><source id="BatRig_Reference-visibility-animation-input"><float_array id="BatRig_Reference-visibility-animation-input-array" count="18">

0.000000 0.041667 0.083333 0.125000 0.166667 0.208333 0.250000 0.291667 0.333333 0.375000 0.416667 0.458333 0.500000 0.541667 0.583333 0.625000
0.666667 0.708333</float_array><technique_common><accessor source="#BatRig_Reference-visibility-animation-input-array" count="18"><param name="TIME" type="float"/></accessor></technique_common></source><source id="BatRig_Reference-visibility-animation-output"><float_array id="BatRig_Reference-visibility-animation-output-array" count="18">

1.000000 1.000000 1.000000 1.000000 1.000000 1.000000 1.000000 1.000000 1.000000 1.000000 1.000000 1.000000 1.000000 1.000000 1.000000 1.000000
1.000000 1.000000</float_array><technique_common><accessor source="#BatRig_Reference-visibility-animation-output-array" count="18"><param type="float"/></accessor></technique_common></source><source id="BatRig_Reference-visibility-animation-intan"><float_array id="BatRig_Reference-visibility-animation-intan-array" count="18">

0.000000 0.000000 0.000000 0.000000 0.000000 0.000000 0.000000 0.000000 0.000000 0.000000 0.000000 0.000000 0.000000 0.000000 0.000000 0.000000
0.000000 0.000000</float_array><technique_common><accessor source="#BatRig_Reference-visibility-animation-intan-array" count="18"><param type="float"/></accessor></technique_common></source><source id="BatRig_Reference-visibility-animation-outtan"><float_array id="BatRig_Reference-visibility-animation-outtan-array" count="18">

0.000000 0.000000 0.000000 0.000000 0.000000 0.000000 0.000000 0.000000 0.000000 0.000000 0.000000 0.000000 0.000000 0.000000 0.000000 0.000000
0.000000 0.000000</float_array><technique_common><accessor source="#BatRig_Reference-visibility-animation-outtan-array" count="18"><param type="float"/></accessor></technique_common></source><source id="BatRig_Reference-visibility-animation-interpolation"><Name_array id="BatRig_Reference-visibility-animation-interpolation-array" count="18">
 STEP STEP STEP STEP STEP STEP STEP STEP STEP STEP STEP STEP STEP STEP STEP STEP STEP
BEZIER</Name_array><technique_common><accessor source="#BatRig_Reference-visibility-animation-interpolation-array" count="18"><param type="name"/></accessor></technique_common></source><sampler id="BatRig_Reference-visibility-animation"><input semantic="INPUT" source="#BatRig_Reference-visibility-animation-input"/><input semantic="OUTPUT" source="#BatRig_Reference-visibility-animation-output"/><input semantic="IN_TANGENT" source="#BatRig_Reference-visibility-animation-intan"/><input semantic="OUT_TANGENT" source="#BatRig_Reference-visibility-animation-outtan"/><input semantic="INTERPOLATION" source="#BatRig_Reference-visibility-animation-interpolation"/></sampler><channel source="#BatRig_Reference-visibility-animation" target="BatRig_Reference/visibility"/></animation></animation>
    <animation id="BatRig_Hips-anim" name="BatRig_Hips"><animation><source id="BatRig_Hips-Matrix-animation-input"><float_array id="BatRig_Hips-Matrix-animation-input-array" count="18">

0.000000 0.041667 0.083333 0.125000 0.166667 0.208333 0.250000 0.291667 0.333333 0.375000 0.416667 0.458333 0.500000 0.541667 0.583333 0.625000
0.666667 0.708333</float_array><technique_common><accessor source="#BatRig_Hips-Matrix-animation-input-array" count="18"><param name="TIME" type="float"/></accessor></technique_common></source><source id="BatRig_Hips-Matrix-animation-output-transform"><float_array id="BatRig_Hips-Matrix-animation-output-transform-array" count="288">

0.569281 -0.006440 0.822118 0.000000 0.055359 0.998000 -0.030516 79.450974 -0.820277 0.062884 0.568499 0.000000 0.000000 0.000000 0.000000 1.000000
0.569281 -0.006440 0.822118 0.000000 0.055359 0.998000 -0.030516 79.450974 -0.820277 0.062884 0.568499 0.000000 0.000000 0.000000 0.000000 1.000000
0.552960 -0.036208 0.832421 0.000000 0.091541 0.995648 -0.017501 79.139023 -0.828164 0.085878 0.553868 0.000000 0.000000 0.000000 0.000000 1.000000
0.533798 -0.068125 0.842863 0.000000 0.131072 0.991369 -0.002881 78.824028 -0.835392 0.112014 0.538120 0.000000 0.000000 0.000000 0.000000 1.000000
0.528052 -0.077455 0.845672 0.000000 0.141860 0.989885 0.002083 78.995209 -0.837279 0.118867 0.533698 0.000000 0.000000 0.000000 0.000000 1.000000
0.523764 -0.084554 0.847657 0.000000 0.149236 0.988781 0.006419 79.373207 -0.838689 0.123139 0.530506 0.000000 0.000000 0.000000 0.000000 1.000000
0.521211 -0.088669 0.848809 0.000000 0.154918 0.987894 0.008071 79.750443 -0.839249 0.127289 0.528638 0.000000 0.000000 0.000000 0.000000 1.000000
0.520641 -0.089045 0.849119 0.000000 0.160620 0.987004 0.005020 79.919289 -0.838531 0.133772 0.528177 0.000000 0.000000 0.000000 0.000000 1.000000
0.526426 -0.075918 0.846825 0.000000 0.180459 0.983289 -0.024030 79.899330 -0.830849 0.165467 0.531329 0.000000 0.000000 0.000000 0.000000 1.000000
0.538444 -0.054704 0.840884 0.000000 0.180700 0.982173 -0.051813 79.884987 -0.823059 0.179846 0.538730 0.000000 0.000000 0.000000 0.000000 1.000000
0.555761 -0.028981 0.830837 0.000000 0.119397 0.991814 -0.045271 79.495232 -0.822723 0.124359 0.554672 0.000000 0.000000 0.000000 0.000000 1.000000
0.555761 -0.028981 0.830837 0.000000 0.119397 0.991814 -0.045271 79.495232 -0.822723 0.124359 0.554672 0.000000 0.000000 0.000000 0.000000 1.000000
0.555761 -0.028981 0.830837 0.000000 0.119397 0.991814 -0.045271 79.495232 -0.822723 0.124359 0.554672 0.000000 0.000000 0.000000 0.000000 1.000000
0.555761 -0.028981 0.830837 0.000000 0.119397 0.991814 -0.045271 79.495232 -0.822723 0.124359 0.554672 0.000000 0.000000 0.000000 0.000000 1.000000
0.555761 -0.028981 0.830837 0.000000 0.119397 0.991814 -0.045271 79.495232 -0.822723 0.124359 0.554672 0.000000 0.000000 0.000000 0.000000 1.000000
0.555761 -0.028981 0.830837 0.000000 0.119397 0.991814 -0.045271 79.495232 -0.822723 0.124359 0.554672 0.000000 0.000000 0.000000 0.000000 1.000000
0.555761 -0.028981 0.830837 0.000000 0.119397 0.991814 -0.045271 79.495232 -0.822723 0.124359 0.554672 0.000000 0.000000 0.000000 0.000000 1.000000
0.555761 -0.028981 0.830837 0.000000 0.119397 0.991814 -0.045271 79.495232 -0.822723 0.124359 0.554672 0.000000 0.000000 0.000000 0.000000 1.000000</float_array><technique_common><accessor source="#BatRig_Hips-Matrix-animation-output-transform-array" count="18" stride="16"><param type="float4x4"/></accessor></technique_common></source><source id="BatRig_Hips-Interpolations"><Name_array id="BatRig_Hips-Interpolations-array" count="18">
 LINEAR LINEAR LINEAR LINEAR LINEAR LINEAR LINEAR LINEAR LINEAR LINEAR LINEAR
LINEAR LINEAR LINEAR LINEAR LINEAR LINEAR LINEAR</Name_array><technique_common><accessor source="#BatRig_Hips-Interpolations-array" count="18"><param type="name"/></accessor></technique_common></source><sampler id="BatRig_Hips-Matrix-animation-transform"><input semantic="INPUT" source="#BatRig_Hips-Matrix-animation-input"/><input semantic="OUTPUT" source="#BatRig_Hips-Matrix-animation-output-transform"/><input semantic="INTERPOLATION" source="#BatRig_Hips-Interpolations"/></sampler><channel source="#BatRig_Hips-Matrix-animation-transform" target="BatRig_Hips/matrix"/></animation><animation><source id="BatRig_Hips-visibility-animation-input"><float_array id="BatRig_Hips-visibility-animation-input-array" count="18">

0.000000 0.041667 0.083333 0.125000 0.166667 0.208333 0.250000 0.291667 0.333333 0.375000 0.416667 0.458333 0.500000 0.541667 0.583333 0.625000
0.666667 0.708333</float_array><technique_common><accessor source="#BatRig_Hips-visibility-animation-input-array" count="18"><param name="TIME" type="float"/></accessor></technique_common></source><source id="BatRig_Hips-visibility-animation-output"><float_array id="BatRig_Hips-visibility-animation-output-array" count="18">

1.000000 1.000000 1.000000 1.000000 1.000000 1.000000 1.000000 1.000000 1.000000 1.000000 1.000000 1.000000 1.000000 1.000000 1.000000 1.000000
1.000000 1.000000</float_array><technique_common><accessor source="#BatRig_Hips-visibility-animation-output-array" count="18"><param type="float"/></accessor></technique_common></source><source id="BatRig_Hips-visibility-animation-intan"><float_array id="BatRig_Hips-visibility-animation-intan-array" count="18">

0.000000 0.000000 0.000000 0.000000 0.000000 0.000000 0.000000 0.000000 0.000000 0.000000 0.000000 0.000000 0.000000 0.000000 0.000000 0.000000
0.000000 0.000000</float_array><technique_common><accessor source="#BatRig_Hips-visibility-animation-intan-array" count="18"><param type="float"/></accessor></technique_common></source><source id="BatRig_Hips-visibility-animation-outtan"><float_array id="BatRig_Hips-visibility-animation-outtan-array" count="18">

0.000000 0.000000 0.000000 0.000000 0.000000 0.000000 0.000000 0.000000 0.000000 0.000000 0.000000 0.000000 0.000000 0.000000 0.000000 0.000000
0.000000 0.000000</float_array><technique_common><accessor source="#BatRig_Hips-visibility-animation-outtan-array" count="18"><param type="float"/></accessor></technique_common></source><source id="BatRig_Hips-visibility-animation-interpolation"><Name_array id="BatRig_Hips-visibility-animation-interpolation-array" count="18">
 STEP STEP STEP STEP STEP STEP STEP STEP STEP STEP STEP STEP STEP STEP STEP STEP STEP
BEZIER</Name_array><technique_common><accessor source="#BatRig_Hips-visibility-animation-interpolation-array" count="18"><param type="name"/></accessor></technique_common></source><sampler id="BatRig_Hips-visibility-animation"><input semantic="INPUT" source="#BatRig_Hips-visibility-animation-input"/><input semantic="OUTPUT" source="#BatRig_Hips-visibility-animation-output"/><input semantic="IN_TANGENT" source="#BatRig_Hips-visibility-animation-intan"/><input semantic="OUT_TANGENT" source="#BatRig_Hips-visibility-animation-outtan"/><input semantic="INTERPOLATION" source="#BatRig_Hips-visibility-animation-interpolation"/></sampler><channel source="#BatRig_Hips-visibility-animation" target="BatRig_Hips/visibility"/></animation></animation>
    <animation id="BatRig_Spine-anim" name="BatRig_Spine"><animation><source id="BatRig_Spine-Matrix-animation-input"><float_array id="BatRig_Spine-Matrix-animation-input-array" count="18">

0.000000 0.041667 0.083333 0.125000 0.166667 0.208333 0.250000 0.291667 0.333333 0.375000 0.416667 0.458333 0.500000 0.541667 0.583333 0.625000
0.666667 0.708333</float_array><technique_common><accessor source="#BatRig_Spine-Matrix-animation-input-array" count="18"><param name="TIME" type="float"/></accessor></technique_common></source><source id="BatRig_Spine-Matrix-animation-output-transform"><float_array id="BatRig_Spine-Matrix-animation-output-transform-array" count="288">

0.973367 0.225419 -0.041757 0.000006 -0.223118 0.973327 0.053419 3.725675 0.052685 -0.042679 0.997699 -0.000004 0.000000 0.000000 0.000000 1.000000
0.973367 0.225419 -0.041757 0.000006 -0.223118 0.973327 0.053419 3.725675 0.052685 -0.042679 0.997699 -0.000004 0.000000 0.000000 0.000000 1.000000
0.965805 0.252563 -0.058586 0.000006 -0.249112 0.966595 0.060306 3.725675 0.071860 -0.043649 0.996459 -0.000004 0.000000 0.000000 0.000000 1.000000
0.964596 0.254580 -0.068867 0.000006 -0.250455 0.966063 0.063205 3.725675 0.082620 -0.043719 0.995622 -0.000004 0.000000 0.000000 0.000000 1.000000
0.966248 0.248344 -0.068492 0.000006 -0.244163 0.967623 0.063962 3.725675 0.082159 -0.045080 0.995599 -0.000004 0.000000 0.000000 0.000000 1.000000
0.966755 0.246649 -0.067445 0.000006 -0.242516 0.968039 0.063932 3.725675 0.081058 -0.045450 0.995673 -0.000004 0.000000 0.000000 0.000000 1.000000
0.967004 0.245964 -0.066378 0.000006 -0.241893 0.968206 0.063760 3.725675 0.079950 -0.045600 0.995755 -0.000004 0.000000 0.000000 0.000000 1.000000
0.967083 0.245784 -0.065892 0.000006 -0.241743 0.968250 0.063663 3.725675 0.079447 -0.045639 0.995794 -0.000004 0.000000 0.000000 0.000000 1.000000
0.968084 0.240894 -0.069168 0.000006 -0.237872 0.970052 0.049149 3.725675 0.078936 -0.031127 0.996394 -0.000004 0.000000 0.000000 0.000000 1.000000
0.967941 0.240529 -0.072364 0.000006 -0.237437 0.970177 0.048789 3.725675 0.081941 -0.030043 0.996184 -0.000004 0.000000 0.000000 0.000000 1.000000
0.996780 0.072115 -0.035052 0.000006 -0.070773 0.996764 0.038121 3.725675 0.037688 -0.035518 0.998658 -0.000004 0.000000 0.000000 0.000000 1.000000
0.996780 0.072115 -0.035052 0.000006 -0.070773 0.996764 0.038121 3.725675 0.037688 -0.035518 0.998658 -0.000004 0.000000 0.000000 0.000000 1.000000
0.996780 0.072115 -0.035052 0.000006 -0.070773 0.996764 0.038121 3.725675 0.037688 -0.035518 0.998658 -0.000004 0.000000 0.000000 0.000000 1.000000
0.996780 0.072115 -0.035052 0.000006 -0.070773 0.996764 0.038121 3.725675 0.037688 -0.035518 0.998658 -0.000004 0.000000 0.000000 0.000000 1.000000
0.996780 0.072115 -0.035052 0.000006 -0.070773 0.996764 0.038121 3.725675 0.037688 -0.035518 0.998658 -0.000004 0.000000 0.000000 0.000000 1.000000
0.996780 0.072115 -0.035052 0.000006 -0.070773 0.996764 0.038121 3.725675 0.037688 -0.035518 0.998658 -0.000004 0.000000 0.000000 0.000000 1.000000
0.996780 0.072115 -0.035052 0.000006 -0.070773 0.996764 0.038121 3.725675 0.037688 -0.035518 0.998658 -0.000004 0.000000 0.000000 0.000000 1.000000
0.996780 0.072115 -0.035052 0.000006 -0.070773 0.996764 0.038121 3.725675 0.037688 -0.035518 0.998658 -0.000004 0.000000 0.000000 0.000000 1.000000</float_array><technique_common><accessor source="#BatRig_Spine-Matrix-animation-output-transform-array" count="18" stride="16"><param type="float4x4"/></accessor></technique_common></source><source id="BatRig_Spine-Interpolations"><Name_array id="BatRig_Spine-Interpolations-array" count="18">
 LINEAR LINEAR LINEAR LINEAR LINEAR LINEAR LINEAR LINEAR LINEAR LINEAR LINEAR
LINEAR LINEAR LINEAR LINEAR LINEAR LINEAR LINEAR</Name_array><technique_common><accessor source="#BatRig_Spine-Interpolations-array" count="18"><param type="name"/></accessor></technique_common></source><sampler id="BatRig_Spine-Matrix-animation-transform"><input semantic="INPUT" source="#BatRig_Spine-Matrix-animation-input"/><input semantic="OUTPUT" source="#BatRig_Spine-Matrix-animation-output-transform"/><input semantic="INTERPOLATION" source="#BatRig_Spine-Interpolations"/></sampler><channel source="#BatRig_Spine-Matrix-animation-transform" target="BatRig_Spine/matrix"/></animation><animation><source id="BatRig_Spine-visibility-animation-input"><float_array id="BatRig_Spine-visibility-animation-input-array" count="18">

0.000000 0.041667 0.083333 0.125000 0.166667 0.208333 0.250000 0.291667 0.333333 0.375000 0.416667 0.458333 0.500000 0.541667 0.583333 0.625000
0.666667 0.708333</float_array><technique_common><accessor source="#BatRig_Spine-visibility-animation-input-array" count="18"><param name="TIME" type="float"/></accessor></technique_common></source><source id="BatRig_Spine-visibility-animation-output"><float_array id="BatRig_Spine-visibility-animation-output-array" count="18">

1.000000 1.000000 1.000000 1.000000 1.000000 1.000000 1.000000 1.000000 1.000000 1.000000 1.000000 1.000000 1.000000 1.000000 1.000000 1.000000
1.000000 1.000000</float_array><technique_common><accessor source="#BatRig_Spine-visibility-animation-output-array" count="18"><param type="float"/></accessor></technique_common></source><source id="BatRig_Spine-visibility-animation-intan"><float_array id="BatRig_Spine-visibility-animation-intan-array" count="18">

0.000000 0.000000 0.000000 0.000000 0.000000 0.000000 0.000000 0.000000 0.000000 0.000000 0.000000 0.000000 0.000000 0.000000 0.000000 0.000000
0.000000 0.000000</float_array><technique_common><accessor source="#BatRig_Spine-visibility-animation-intan-array" count="18"><param type="float"/></accessor></technique_common></source><source id="BatRig_Spine-visibility-animation-outtan"><float_array id="BatRig_Spine-visibility-animation-outtan-array" count="18">

0.000000 0.000000 0.000000 0.000000 0.000000 0.000000 0.000000 0.000000 0.000000 0.000000 0.000000 0.000000 0.000000 0.000000 0.000000 0.000000
0.000000 0.000000</float_array><technique_common><accessor source="#BatRig_Spine-visibility-animation-outtan-array" count="18"><param type="float"/></accessor></technique_common></source><source id="BatRig_Spine-visibility-animation-interpolation"><Name_array id="BatRig_Spine-visibility-animation-interpolation-array" count="18">
 STEP STEP STEP STEP STEP STEP STEP STEP STEP STEP STEP STEP STEP STEP STEP STEP STEP
BEZIER</Name_array><technique_common><accessor source="#BatRig_Spine-visibility-animation-interpolation-array" count="18"><param type="name"/></accessor></technique_common></source><sampler id="BatRig_Spine-visibility-animation"><input semantic="INPUT" source="#BatRig_Spine-visibility-animation-input"/><input semantic="OUTPUT" source="#BatRig_Spine-visibility-animation-output"/><input semantic="IN_TANGENT" source="#BatRig_Spine-visibility-animation-intan"/><input semantic="OUT_TANGENT" source="#BatRig_Spine-visibility-animation-outtan"/><input semantic="INTERPOLATION" source="#BatRig_Spine-visibility-animation-interpolation"/></sampler><channel source="#BatRig_Spine-visibility-animation" target="BatRig_Spine/visibility"/></animation></animation>
    <animation id="BatRig_Spine1-anim" name="BatRig_Spine1"><animation><source id="BatRig_Spine1-Matrix-animation-input"><float_array id="BatRig_Spine1-Matrix-animation-input-array" count="18">

0.000000 0.041667 0.083333 0.125000 0.166667 0.208333 0.250000 0.291667 0.333333 0.375000 0.416667 0.458333 0.500000 0.541667 0.583333 0.625000
0.666667 0.708333</float_array><technique_common><accessor source="#BatRig_Spine1-Matrix-animation-input-array" count="18"><param name="TIME" type="float"/></accessor></technique_common></source><source id="BatRig_Spine1-Matrix-animation-output-transform"><float_array id="BatRig_Spine1-Matrix-animation-output-transform-array" count="288">

0.995981 0.088420 -0.014266 -0.000004 -0.089096 0.994388 -0.057042 10.999834 0.009142 0.058084 0.998270 0.000001 0.000000 0.000000 0.000000 1.000000
0.995981 0.088420 -0.014266 -0.000004 -0.089096 0.994388 -0.057042 10.999834 0.009142 0.058084 0.998270 0.000001 0.000000 0.000000 0.000000 1.000000
0.994154 0.102852 -0.032851 -0.000004 -0.104402 0.993298 -0.049594 10.999834 0.027530 0.052734 0.998229 0.000001 0.000000 0.000000 0.000000 1.000000
0.993608 0.103927 -0.044068 -0.000004 -0.106013 0.993207 -0.047971 10.999834 0.038783 0.052336 0.997876 0.000001 0.000000 0.000000 0.000000 1.000000
0.994350 0.099192 -0.037801 -0.000004 -0.098746 0.995021 0.013499 10.999834 0.038952 -0.009690 0.999194 0.000001 0.000000 0.000000 0.000000 1.000000
0.994907 0.097906 -0.023965 -0.000004 -0.097201 0.994842 0.029016 10.999834 0.026682 -0.026539 0.999292 0.000001 0.000000 0.000000 0.000000 1.000000
0.995195 0.097387 -0.010119 -0.000004 -0.096987 0.994688 0.034488 10.999834 0.013424 -0.033341 0.999354 0.000001 0.000000 0.000000 0.000000 1.000000
0.995253 0.097250 -0.003825 -0.000004 -0.097053 0.994640 0.035669 10.999834 0.007273 -0.035128 0.999356 0.000001 0.000000 0.000000 0.000000 1.000000
0.998086 0.059908 -0.015312 -0.000004 -0.061162 0.992900 -0.102020 10.999834 0.009091 0.102761 0.994665 0.000001 0.000000 0.000000 0.000000 1.000000
0.998008 0.057119 -0.026788 -0.000004 -0.059769 0.991949 -0.111645 10.999834 0.020195 0.113024 0.993387 0.000001 0.000000 0.000000 0.000000 1.000000
0.999980 0.005315 -0.003378 -0.000004 -0.005602 0.995773 -0.091675 10.999834 0.002877 0.091692 0.995783 0.000001 0.000000 0.000000 0.000000 1.000000
0.999980 0.005315 -0.003378 -0.000004 -0.005602 0.995773 -0.091675 10.999834 0.002877 0.091692 0.995783 0.000001 0.000000 0.000000 0.000000 1.000000
0.999980 0.005315 -0.003378 -0.000004 -0.005602 0.995773 -0.091675 10.999834 0.002877 0.091692 0.995783 0.000001 0.000000 0.000000 0.000000 1.000000
0.999980 0.005315 -0.003378 -0.000004 -0.005602 0.995773 -0.091675 10.999834 0.002877 0.091692 0.995783 0.000001 0.000000 0.000000 0.000000 1.000000
0.999980 0.005315 -0.003378 -0.000004 -0.005602 0.995773 -0.091675 10.999834 0.002877 0.091692 0.995783 0.000001 0.000000 0.000000 0.000000 1.000000
0.999980 0.005315 -0.003378 -0.000004 -0.005602 0.995773 -0.091675 10.999834 0.002877 0.091692 0.995783 0.000001 0.000000 0.000000 0.000000 1.000000
0.999980 0.005315 -0.003378 -0.000004 -0.005602 0.995773 -0.091675 10.999834 0.002877 0.091692 0.995783 0.000001 0.000000 0.000000 0.000000 1.000000
0.999980 0.005315 -0.003378 -0.000004 -0.005602 0.995773 -0.091675 10.999834 0.002877 0.091692 0.995783 0.000001 0.000000 0.000000 0.000000 1.000000</float_array><technique_common><accessor source="#BatRig_Spine1-Matrix-animation-output-transform-array" count="18" stride="16"><param type="float4x4"/></accessor></technique_common></source><source id="BatRig_Spine1-Interpolations"><Name_array id="BatRig_Spine1-Interpolations-array" count="18">
 LINEAR LINEAR LINEAR LINEAR LINEAR LINEAR LINEAR LINEAR LINEAR LINEAR LINEAR
LINEAR LINEAR LINEAR LINEAR LINEAR LINEAR LINEAR</Name_array><technique_common><accessor source="#BatRig_Spine1-Interpolations-array" count="18"><param type="name"/></accessor></technique_common></source><sampler id="BatRig_Spine1-Matrix-animation-transform"><input semantic="INPUT" source="#BatRig_Spine1-Matrix-animation-input"/><input semantic="OUTPUT" source="#BatRig_Spine1-Matrix-animation-output-transform"/><input semantic="INTERPOLATION" source="#BatRig_Spine1-Interpolations"/></sampler><channel source="#BatRig_Spine1-Matrix-animation-transform" target="BatRig_Spine1/matrix"/></animation><animation><source id="BatRig_Spine1-visibility-animation-input"><float_array id="BatRig_Spine1-visibility-animation-input-array" count="18">

0.000000 0.041667 0.083333 0.125000 0.166667 0.208333 0.250000 0.291667 0.333333 0.375000 0.416667 0.458333 0.500000 0.541667 0.583333 0.625000
0.666667 0.708333</float_array><technique_common><accessor source="#BatRig_Spine1-visibility-animation-input-array" count="18"><param name="TIME" type="float"/></accessor></technique_common></source><source id="BatRig_Spine1-visibility-animation-output"><float_array id="BatRig_Spine1-visibility-animation-output-array" count="18">

1.000000 1.000000 1.000000 1.000000 1.000000 1.000000 1.000000 1.000000 1.000000 1.000000 1.000000 1.000000 1.000000 1.000000 1.000000 1.000000
1.000000 1.000000</float_array><technique_common><accessor source="#BatRig_Spine1-visibility-animation-output-array" count="18"><param type="float"/></accessor></technique_common></source><source id="BatRig_Spine1-visibility-animation-intan"><float_array id="BatRig_Spine1-visibility-animation-intan-array" count="18">

0.000000 0.000000 0.000000 0.000000 0.000000 0.000000 0.000000 0.000000 0.000000 0.000000 0.000000 0.000000 0.000000 0.000000 0.000000 0.000000
0.000000 0.000000</float_array><technique_common><accessor source="#BatRig_Spine1-visibility-animation-intan-array" count="18"><param type="float"/></accessor></technique_common></source><source id="BatRig_Spine1-visibility-animation-outtan"><float_array id="BatRig_Spine1-visibility-animation-outtan-array" count="18">

0.000000 0.000000 0.000000 0.000000 0.000000 0.000000 0.000000 0.000000 0.000000 0.000000 0.000000 0.000000 0.000000 0.000000 0.000000 0.000000
0.000000 0.000000</float_array><technique_common><accessor source="#BatRig_Spine1-visibility-animation-outtan-array" count="18"><param type="float"/></accessor></technique_common></source><source id="BatRig_Spine1-visibility-animation-interpolation"><Name_array id="BatRig_Spine1-visibility-animation-interpolation-array" count="18">
 STEP STEP STEP STEP STEP STEP STEP STEP STEP STEP STEP STEP STEP STEP STEP STEP STEP
BEZIER</Name_array><technique_common><accessor source="#BatRig_Spine1-visibility-animation-interpolation-array" count="18"><param type="name"/></accessor></technique_common></source><sampler id="BatRig_Spine1-visibility-animation"><input semantic="INPUT" source="#BatRig_Spine1-visibility-animation-input"/><input semantic="OUTPUT" source="#BatRig_Spine1-visibility-animation-output"/><input semantic="IN_TANGENT" source="#BatRig_Spine1-visibility-animation-intan"/><input semantic="OUT_TANGENT" source="#BatRig_Spine1-visibility-animation-outtan"/><input semantic="INTERPOLATION" source="#BatRig_Spine1-visibility-animation-interpolation"/></sampler><channel source="#BatRig_Spine1-visibility-animation" target="BatRig_Spine1/visibility"/></animation></animation>
    <animation id="BatRig_Spine2-anim" name="BatRig_Spine2"><animation><source id="BatRig_Spine2-Matrix-animation-input"><float_array id="BatRig_Spine2-Matrix-animation-input-array" count="18">

0.000000 0.041667 0.083333 0.125000 0.166667 0.208333 0.250000 0.291667 0.333333 0.375000 0.416667 0.458333 0.500000 0.541667 0.583333 0.625000
0.666667 0.708333</float_array><technique_common><accessor source="#BatRig_Spine2-Matrix-animation-input-array" count="18"><param name="TIME" type="float"/></accessor></technique_common></source><source id="BatRig_Spine2-Matrix-animation-output-transform"><float_array id="BatRig_Spine2-Matrix-animation-output-transform-array" count="288">

0.995998 0.086722 -0.021631 -0.000007 -0.087827 0.994515 -0.056803 11.776693 0.016586 0.058475 0.998151 0.000010 0.000000 0.000000 0.000000 1.000000
0.995998 0.086722 -0.021631 -0.000007 -0.087827 0.994515 -0.056803 11.776693 0.016586 0.058475 0.998151 0.000010 0.000000 0.000000 0.000000 1.000000
0.994160 0.099530 -0.041715 -0.000007 -0.101542 0.993611 -0.049261 11.776693 0.036546 0.053209 0.997914 0.000010 0.000000 0.000000 0.000000 1.000000
0.993597 0.099669 -0.053217 -0.000007 -0.102223 0.993620 -0.047646 11.776693 0.048129 0.052781 0.997446 0.000010 0.000000 0.000000 0.000000 1.000000
0.994500 0.093267 -0.047652 -0.000007 -0.092625 0.995580 0.015506 11.776693 0.048888 -0.011007 0.998744 0.000010 0.000000 0.000000 0.000000 1.000000
0.995063 0.092320 -0.036411 -0.000007 -0.091182 0.995327 0.031779 11.776693 0.039175 -0.028302 0.998831 0.000010 0.000000 0.000000 0.000000 1.000000
0.995395 0.092478 -0.025251 -0.000007 -0.091492 0.995090 0.037752 11.776693 0.028618 -0.035268 0.998968 0.000010 0.000000 0.000000 0.000000 1.000000
0.995490 0.092693 -0.020189 -0.000007 -0.091854 0.995003 0.039128 11.776693 0.023715 -0.037097 0.999030 0.000010 0.000000 0.000000 0.000000 1.000000
0.998050 0.057641 -0.023945 -0.000007 -0.059768 0.993145 -0.100453 11.776693 0.017991 0.101688 0.994654 0.000010 0.000000 0.000000 0.000000 1.000000
0.998053 0.054530 -0.030274 -0.000007 -0.057562 0.992210 -0.110482 11.776693 0.024014 0.112010 0.993417 0.000010 0.000000 0.000000 0.000000 1.000000
0.999981 0.005008 -0.003610 -0.000007 -0.005318 0.995782 -0.091597 11.776693 0.003136 0.091614 0.995790 0.000010 0.000000 0.000000 0.000000 1.000000
0.999981 0.005008 -0.003610 -0.000007 -0.005318 0.995782 -0.091597 11.776693 0.003136 0.091614 0.995790 0.000010 0.000000 0.000000 0.000000 1.000000
0.999981 0.005008 -0.003610 -0.000007 -0.005318 0.995782 -0.091597 11.776693 0.003136 0.091614 0.995790 0.000010 0.000000 0.000000 0.000000 1.000000
0.999981 0.005008 -0.003610 -0.000007 -0.005318 0.995782 -0.091597 11.776693 0.003136 0.091614 0.995790 0.000010 0.000000 0.000000 0.000000 1.000000
0.999981 0.005008 -0.003610 -0.000007 -0.005318 0.995782 -0.091597 11.776693 0.003136 0.091614 0.995790 0.000010 0.000000 0.000000 0.000000 1.000000
0.999981 0.005008 -0.003610 -0.000007 -0.005318 0.995782 -0.091597 11.776693 0.003136 0.091614 0.995790 0.000010 0.000000 0.000000 0.000000 1.000000
0.999981 0.005008 -0.003610 -0.000007 -0.005318 0.995782 -0.091597 11.776693 0.003136 0.091614 0.995790 0.000010 0.000000 0.000000 0.000000 1.000000
0.999981 0.005008 -0.003610 -0.000007 -0.005318 0.995782 -0.091597 11.776693 0.003136 0.091614 0.995790 0.000010 0.000000 0.000000 0.000000 1.000000</float_array><technique_common><accessor source="#BatRig_Spine2-Matrix-animation-output-transform-array" count="18" stride="16"><param type="float4x4"/></accessor></technique_common></source><source id="BatRig_Spine2-Interpolations"><Name_array id="BatRig_Spine2-Interpolations-array" count="18">
 LINEAR LINEAR LINEAR LINEAR LINEAR LINEAR LINEAR LINEAR LINEAR LINEAR LINEAR
LINEAR LINEAR LINEAR LINEAR LINEAR LINEAR LINEAR</Name_array><technique_common><accessor source="#BatRig_Spine2-Interpolations-array" count="18"><param type="name"/></accessor></technique_common></source><sampler id="BatRig_Spine2-Matrix-animation-transform"><input semantic="INPUT" source="#BatRig_Spine2-Matrix-animation-input"/><input semantic="OUTPUT" source="#BatRig_Spine2-Matrix-animation-output-transform"/><input semantic="INTERPOLATION" source="#BatRig_Spine2-Interpolations"/></sampler><channel source="#BatRig_Spine2-Matrix-animation-transform" target="BatRig_Spine2/matrix"/></animation><animation><source id="BatRig_Spine2-visibility-animation-input"><float_array id="BatRig_Spine2-visibility-animation-input-array" count="18">

0.000000 0.041667 0.083333 0.125000 0.166667 0.208333 0.250000 0.291667 0.333333 0.375000 0.416667 0.458333 0.500000 0.541667 0.583333 0.625000
0.666667 0.708333</float_array><technique_common><accessor source="#BatRig_Spine2-visibility-animation-input-array" count="18"><param name="TIME" type="float"/></accessor></technique_common></source><source id="BatRig_Spine2-visibility-animation-output"><float_array id="BatRig_Spine2-visibility-animation-output-array" count="18">

1.000000 1.000000 1.000000 1.000000 1.000000 1.000000 1.000000 1.000000 1.000000 1.000000 1.000000 1.000000 1.000000 1.000000 1.000000 1.000000
1.000000 1.000000</float_array><technique_common><accessor source="#BatRig_Spine2-visibility-animation-output-array" count="18"><param type="float"/></accessor></technique_common></source><source id="BatRig_Spine2-visibility-animation-intan"><float_array id="BatRig_Spine2-visibility-animation-intan-array" count="18">

0.000000 0.000000 0.000000 0.000000 0.000000 0.000000 0.000000 0.000000 0.000000 0.000000 0.000000 0.000000 0.000000 0.000000 0.000000 0.000000
0.000000 0.000000</float_array><technique_common><accessor source="#BatRig_Spine2-visibility-animation-intan-array" count="18"><param type="float"/></accessor></technique_common></source><source id="BatRig_Spine2-visibility-animation-outtan"><float_array id="BatRig_Spine2-visibility-animation-outtan-array" count="18">

0.000000 0.000000 0.000000 0.000000 0.000000 0.000000 0.000000 0.000000 0.000000 0.000000 0.000000 0.000000 0.000000 0.000000 0.000000 0.000000
0.000000 0.000000</float_array><technique_common><accessor source="#BatRig_Spine2-visibility-animation-outtan-array" count="18"><param type="float"/></accessor></technique_common></source><source id="BatRig_Spine2-visibility-animation-interpolation"><Name_array id="BatRig_Spine2-visibility-animation-interpolation-array" count="18">
 STEP STEP STEP STEP STEP STEP STEP STEP STEP STEP STEP STEP STEP STEP STEP STEP STEP
BEZIER</Name_array><technique_common><accessor source="#BatRig_Spine2-visibility-animation-interpolation-array" count="18"><param type="name"/></accessor></technique_common></source><sampler id="BatRig_Spine2-visibility-animation"><input semantic="INPUT" source="#BatRig_Spine2-visibility-animation-input"/><input semantic="OUTPUT" source="#BatRig_Spine2-visibility-animation-output"/><input semantic="IN_TANGENT" source="#BatRig_Spine2-visibility-animation-intan"/><input semantic="OUT_TANGENT" source="#BatRig_Spine2-visibility-animation-outtan"/><input semantic="INTERPOLATION" source="#BatRig_Spine2-visibility-animation-interpolation"/></sampler><channel source="#BatRig_Spine2-visibility-animation" target="BatRig_Spine2/visibility"/></animation></animation>
    <animation id="BatRig_Spine3-anim" name="BatRig_Spine3"><animation><source id="BatRig_Spine3-Matrix-animation-input"><float_array id="BatRig_Spine3-Matrix-animation-input-array" count="18">

0.000000 0.041667 0.083333 0.125000 0.166667 0.208333 0.250000 0.291667 0.333333 0.375000 0.416667 0.458333 0.500000 0.541667 0.583333 0.625000
0.666667 0.708333</float_array><technique_common><accessor source="#BatRig_Spine3-Matrix-animation-input-array" count="18"><param name="TIME" type="float"/></accessor></technique_common></source><source id="BatRig_Spine3-Matrix-animation-output-transform"><float_array id="BatRig_Spine3-Matrix-animation-output-transform-array" count="288">

0.996552 0.080462 -0.020259 0.000004 -0.081505 0.995021 -0.057362 13.030713 0.015543 0.058815 0.998148 -1.061706 0.000000 0.000000 0.000000 1.000000
0.996552 0.080462 -0.020259 0.000004 -0.081505 0.995021 -0.057362 13.030713 0.015543 0.058815 0.998148 -1.061706 0.000000 0.000000 0.000000 1.000000
0.994535 0.093565 -0.046329 0.000004 -0.095833 0.994170 -0.049419 13.030713 0.041435 0.053589 0.997703 -1.061706 0.000000 0.000000 0.000000 1.000000
0.993586 0.094534 -0.062050 0.000004 -0.097546 0.994099 -0.047451 13.030713 0.057198 0.053199 0.996944 -1.061706 0.000000 0.000000 0.000000 1.000000
0.994345 0.088530 -0.058662 0.000004 -0.087678 0.996005 0.016945 13.030713 0.059928 -0.011706 0.998134 -1.061706 0.000000 0.000000 0.000000 1.000000
0.994920 0.086904 -0.050813 0.000004 -0.085251 0.995785 0.033842 13.030713 0.053540 -0.029338 0.998135 -1.061706 0.000000 0.000000 0.000000 1.000000
0.995383 0.086251 -0.042122 0.000004 -0.084569 0.995606 0.040203 13.030713 0.045404 -0.036455 0.998303 -1.061706 0.000000 0.000000 0.000000 1.000000
0.995630 0.086081 -0.036200 0.000004 -0.084563 0.995551 0.041569 13.030713 0.039617 -0.038326 0.998480 -1.061706 0.000000 0.000000 0.000000 1.000000
0.997910 0.054226 -0.035147 0.000004 -0.057470 0.993423 -0.099033 13.030713 0.029546 0.100846 0.994463 -1.061706 0.000000 0.000000 0.000000 1.000000
0.998075 0.051847 -0.034037 0.000004 -0.055290 0.992445 -0.109530 13.030713 0.028101 0.111201 0.993401 -1.061706 0.000000 0.000000 0.000000 1.000000
0.999979 0.004957 -0.004182 0.000004 -0.005319 0.995787 -0.091542 13.030713 0.003711 0.091562 0.995792 -1.061706 0.000000 0.000000 0.000000 1.000000
0.999979 0.004957 -0.004182 0.000004 -0.005319 0.995787 -0.091542 13.030713 0.003711 0.091562 0.995792 -1.061706 0.000000 0.000000 0.000000 1.000000
0.999979 0.004957 -0.004182 0.000004 -0.005319 0.995787 -0.091542 13.030713 0.003711 0.091562 0.995792 -1.061706 0.000000 0.000000 0.000000 1.000000
0.999979 0.004957 -0.004182 0.000004 -0.005319 0.995787 -0.091542 13.030713 0.003711 0.091562 0.995792 -1.061706 0.000000 0.000000 0.000000 1.000000
0.999979 0.004957 -0.004182 0.000004 -0.005319 0.995787 -0.091542 13.030713 0.003711 0.091562 0.995792 -1.061706 0.000000 0.000000 0.000000 1.000000
0.999979 0.004957 -0.004182 0.000004 -0.005319 0.995787 -0.091542 13.030713 0.003711 0.091562 0.995792 -1.061706 0.000000 0.000000 0.000000 1.000000
0.999979 0.004957 -0.004182 0.000004 -0.005319 0.995787 -0.091542 13.030713 0.003711 0.091562 0.995792 -1.061706 0.000000 0.000000 0.000000 1.000000
