<?xml version="1.0" encoding="utf-8"?>
<COLLADA xmlns="http://www.collada.org/2005/11/COLLADASchema" version="1.4.1">
  <asset><contributor><author></author><authoring_tool>FBX COLLADA exporter</authoring_tool><comments></comments></contributor><created>2017-08-30T19:20:30Z</created><keywords></keywords><modified>2017-08-30T19:20:30Z</modified><revision></revision><subject></subject><title></title><unit meter="0.010000" name="centimeter"></unit><up_axis>Y_UP</up_axis></asset>
  <library_animations>
    <animation id="BatRig_Reference-anim" name="BatRig_Reference"><animation><source id="BatRig_Reference-Matrix-animation-input"><float_array id="BatRig_Reference-Matrix-animation-input-array" count="18">

0.000000 0.041667 0.083333 0.125000 0.166667 0.208333 0.250000 0.291667 0.333333 0.375000 0.416667 0.458333 0.500000 0.541667 0.583333 0.625000
0.666667 0.708333</float_array><technique_common><accessor source="#BatRig_Reference-Matrix-animation-input-array" count="18"><param name="TIME" type="float"/></accessor></technique_common></source><source id="BatRig_Reference-Matrix-animation-output-transform"><float_array id="BatRig_Reference-Matrix-animation-output-transform-array" count="288">

1.000000 0.000000 0.000000 -3.356021 0.000000 1.000000 0.000000 0.000000 0.000000 0.000000 1.000000 328.584259 0.000000 0.000000 0.000000 1.000000
1.000000 0.000000 0.000000 -3.356021 0.000000 1.000000 0.000000 0.000000 0.000000 0.000000 1.000000 328.584259 0.000000 0.000000 0.000000 1.000000
1.000000 0.000000 0.000000 -9.207896 0.000000 1.000000 0.000000 0.000000 0.000000 0.000000 1.000000 321.408325 0.000000 0.000000 0.000000 1.000000
1.000000 0.000000 0.000000 -9.075842 0.000000 1.000000 0.000000 0.000000 0.000000 0.000000 1.000000 321.395569 0.000000 0.000000 0.000000 1.000000
1.000000 0.000000 0.000000 -8.870444 0.000000 1.000000 0.000000 0.000000 0.000000 0.000000 1.000000 321.421539 0.000000 0.000000 0.000000 1.000000
1.000000 0.000000 0.000000 -8.673770 0.000000 1.000000 0.000000 0.000000 0.000000 0.000000 1.000000 321.440430 0.000000 0.000000 0.000000 1.000000
1.000000 0.000000 0.000000 -8.559154 0.000000 1.000000 0.000000 0.000000 0.000000 0.000000 1.000000 321.413452 0.000000 0.000000 0.000000 1.000000
1.000000 0.000000 0.000000 -5.667928 0.000000 1.000000 0.000000 0.000000 0.000000 0.000000 1.000000 313.786377 0.000000 0.000000 0.000000 1.000000
1.000000 0.000000 0.000000 -1.728653 0.000000 1.000000 0.000000 0.000000 0.000000 0.000000 1.000000 303.168732 0.000000 0.000000 0.000000 1.000000
1.000000 0.000000 0.000000 1.038270 0.000000 1.000000 0.000000 0.000000 0.000000 0.000000 1.000000 295.747437 0.000000 0.000000 0.000000 1.000000
1.000000 0.000000 0.000000 2.397109 0.000000 1.000000 0.000000 0.000000 0.000000 0.000000 1.000000 291.932159 0.000000 0.000000 0.000000 1.000000
1.000000 0.000000 0.000000 2.397109 0.000000 1.000000 0.000000 0.000000 0.000000 0.000000 1.000000 291.932159 0.000000 0.000000 0.000000 1.000000
1.000000 0.000000 0.000000 2.397109 0.000000 1.000000 0.000000 0.000000 0.000000 0.000000 1.000000 291.932159 0.000000 0.000000 0.000000 1.000000
1.000000 0.000000 0.000000 2.397109 0.000000 1.000000 0.000000 0.000000 0.000000 0.000000 1.000000 291.932159 0.000000 0.000000 0.000000 1.000000
1.000000 0.000000 0.000000 2.397109 0.000000 1.000000 0.000000 0.000000 0.000000 0.000000 1.000000 291.932159 0.000000 0.000000 0.000000 1.000000
1.000000 0.000000 0.000000 2.397109 0.000000 1.000000 0.000000 0.000000 0.000000 0.000000 1.000000 291.932159 0.000000 0.000000 0.000000 1.000000
1.000000 0.000000 0.000000 2.397109 0.000000 1.000000 0.000000 0.000000 0.000000 0.000000 1.000000 291.932159 0.000000 0.000000 0.000000 1.000000
1.000000 0.000000 0.000000 2.397109 0.000000 1.000000 0.000000 0.000000 0.000000 0.000000 1.000000 291.932159 0.000000 0.000000 0.000000 1.000000</float_array><technique_common><accessor source="#BatRig_Reference-Matrix-animation-output-transform-array" count="18" stride="16"><param type="float4x4"/></accessor></technique_common></source><source id="BatRig_Reference-Interpolations"><Name_array id="BatRig_Reference-Interpolations-array" count="18">
 LINEAR LINEAR LINEAR LINEAR LINEAR LINEAR LINEAR LINEAR LINEAR LINEAR LINEAR
LINEAR LINEAR LINEAR LINEAR LINEAR LINEAR LINEAR</Name_array><technique_common><accessor source="#BatRig_Reference-Interpolations-array" count="18"><param type="name"/></accessor></technique_common></source><sampler id="BatRig_Reference-Matrix-animation-transform"><input semantic="INPUT" source="#BatRig_Reference-Matrix-animation-input"/><input semantic="OUTPUT" source="#BatRig_Reference-Matrix-animation-output-transform"/><input semantic="INTERPOLATION" source="#BatRig_Reference-Interpolations"/></sampler><channel source="#BatRig_Reference-Matrix-animation-transform" target="BatRig_Reference/matrix"/></animation><animation><source id="BatRig_Reference-visibility-animation-input"><float_array id="BatRig_Reference-visibility-animation-input-array" count="18">

0.000000 0.041667 0.083333 0.125000 0.166667 0.208333 0.250000 0.291667 0.333333 0.375000 0.416667 0.458333 0.500000 0.541667 0.583333 0.625000
0.666667 0.708333</float_array><technique_common><accessor source="#BatRig_Reference-visibility-animation-input-array" count="18"><param name="TIME" type="float"/></accessor></technique_common></source><source id="BatRig_Reference-visibility-animation-output"><float_array id="BatRig_Reference-visibility-animation-output-array" count="18">

1.000000 1.000000 1.000000 1.000000 1.000000 1.000000 1.000000 1.000000 1.000000 1.000000 1.000000 1.000000 1.000000 1.000000 1.000000 1.000000
1.000000 1.000000</float_array><technique_common><accessor source="#BatRig_Reference-visibility-animation-output-array" count="18"><param type="float"/></accessor></technique_common></source><source id="BatRig_Reference-visibility-animation-intan"><float_array id="BatRig_Reference-visibility-animation-intan-array" count="18">

0.000000 0.000000 0.000000 0.000000 0.000000 0.000000 0.000000 0.000000 0.000000 0.000000 0.000000 0.000000 0.000000 0.000000 0.000000 0.000000
0.000000 0.000000</float_array><technique_common><accessor source="#BatRig_Reference-visibility-animation-intan-array" count="18"><param type="float"/></accessor></technique_common></source><source id="BatRig_Reference-visibility-animation-outtan"><float_array id="BatRig_Reference-visibility-animation-outtan-array" count="18">

0.000000 0.000000 0.000000 0.000000 0.000000 0.000000 0.000000 0.000000 0.000000 0.000000 0.000000 0.000000 0.000000 0.000000 0.000000 0.000000
0.000000 0.000000</float_array><technique_common><accessor source="#BatRig_Reference-visibility-animation-outtan-array" count="18"><param type="float"/></accessor></technique_common></source><source id="BatRig_Reference-visibility-animation-interpolation"><Name_array id="BatRig_Reference-visibility-animation-interpolation-array" count="18">
 STEP STEP STEP STEP STEP STEP STEP STEP STEP STEP STEP STEP STEP STEP STEP STEP STEP
BEZIER</Name_array><technique_common><accessor source="#BatRig_Reference-visibility-animation-interpolation-array" count="18"><param type="name"/></accessor></technique_common></source><sampler id="BatRig_Reference-visibility-animation"><input semantic="INPUT" source="#BatRig_Reference-visibility-animation-input"/><input semantic="OUTPUT" source="#BatRig_Reference-visibility-animation-output"/><input semantic="IN_TANGENT" source="#BatRig_Reference-visibility-animation-intan"/><input semantic="OUT_TANGENT" source="#BatRig_Reference-visibility-animation-outtan"/><input semantic="INTERPOLATION" source="#BatRig_Reference-visibility-animation-interpolation"/></sampler><channel source="#BatRig_Reference-visibility-animation" target="BatRig_Reference/visibility"/></animation></animation>
    <animation id="BatRig_Hips-anim" name="BatRig_Hips"><animation><source id="BatRig_Hips-Matrix-animation-input"><float_array id="BatRig_Hips-Matrix-animation-input-array" count="18">

0.000000 0.041667 0.083333 0.125000 0.166667 0.208333 0.250000 0.291667 0.333333 0.375000 0.416667 0.458333 0.500000 0.541667 0.583333 0.625000
0.666667 0.708333</float_array><technique_common><accessor source="#BatRig_Hips-Matrix-animation-input-array" count="18"><param name="TIME" type="float"/></accessor></technique_common></source><source id="BatRig_Hips-Matrix-animation-output-transform"><float_array id="BatRig_Hips-Matrix-animation-output-transform-array" count="288">

0.607198 -0.055453 0.792613 0.000000 0.077381 0.996947 0.010470 78.846603 -0.790774 0.054976 0.609635 0.000000 0.000000 0.000000 0.000000 1.000000
0.607198 -0.055453 0.792613 0.000000 0.077381 0.996947 0.010470 78.846603 -0.790774 0.054976 0.609635 0.000000 0.000000 0.000000 0.000000 1.000000
0.641514 -0.061936 0.764607 0.000000 0.080355 0.996677 0.013315 78.227097 -0.762891 0.052898 0.644359 0.000000 0.000000 0.000000 0.000000 1.000000
0.643527 0.005400 0.765404 0.000000 0.046840 0.997823 -0.046421 78.204926 -0.763989 0.065725 0.641873 0.000000 0.000000 0.000000 0.000000 1.000000
0.634325 0.110424 0.765139 0.000000 -0.004663 0.990274 -0.139050 78.161591 -0.773052 0.084635 0.628671 0.000000 0.000000 0.000000 0.000000 1.000000
0.616833 0.212453 0.757879 0.000000 -0.053269 0.971943 -0.229105 78.118698 -0.785289 0.100948 0.610844 0.000000 0.000000 0.000000 0.000000 1.000000
0.601422 0.272265 0.751108 0.000000 -0.080606 0.956022 -0.282001 78.127388 -0.794855 0.109058 0.596919 0.000000 0.000000 0.000000 0.000000 1.000000
0.591901 0.244896 0.767906 0.000000 -0.064910 0.964113 -0.257436 78.476791 -0.803393 0.102532 0.586555 0.000000 0.000000 0.000000 0.000000 1.000000
0.587377 0.155645 0.794206 0.000000 -0.020912 0.983924 -0.177359 78.945709 -0.809043 0.087568 0.581189 0.000000 0.000000 0.000000 0.000000 1.000000
0.581791 0.099091 0.807279 0.000000 0.006285 0.991973 -0.126291 79.248390 -0.813314 0.078549 0.576498 0.000000 0.000000 0.000000 0.000000 1.000000
0.575051 0.037387 0.817263 0.000000 0.035204 0.996899 -0.070375 79.409264 -0.817360 0.069240 0.571952 0.000000 0.000000 0.000000 0.000000 1.000000
0.575051 0.037387 0.817263 0.000000 0.035204 0.996899 -0.070375 79.409264 -0.817360 0.069240 0.571952 0.000000 0.000000 0.000000 0.000000 1.000000
0.575051 0.037387 0.817263 0.000000 0.035204 0.996899 -0.070375 79.409264 -0.817360 0.069240 0.571952 0.000000 0.000000 0.000000 0.000000 1.000000
0.575051 0.037387 0.817263 0.000000 0.035204 0.996899 -0.070375 79.409264 -0.817360 0.069240 0.571952 0.000000 0.000000 0.000000 0.000000 1.000000
0.575051 0.037387 0.817263 0.000000 0.035204 0.996899 -0.070375 79.409264 -0.817360 0.069240 0.571952 0.000000 0.000000 0.000000 0.000000 1.000000
0.575051 0.037387 0.817263 0.000000 0.035204 0.996899 -0.070375 79.409264 -0.817360 0.069240 0.571952 0.000000 0.000000 0.000000 0.000000 1.000000
0.575051 0.037387 0.817263 0.000000 0.035204 0.996899 -0.070375 79.409264 -0.817360 0.069240 0.571952 0.000000 0.000000 0.000000 0.000000 1.000000
0.575051 0.037387 0.817263 0.000000 0.035204 0.996899 -0.070375 79.409264 -0.817360 0.069240 0.571952 0.000000 0.000000 0.000000 0.000000 1.000000</float_array><technique_common><accessor source="#BatRig_Hips-Matrix-animation-output-transform-array" count="18" stride="16"><param type="float4x4"/></accessor></technique_common></source><source id="BatRig_Hips-Interpolations"><Name_array id="BatRig_Hips-Interpolations-array" count="18">
 LINEAR LINEAR LINEAR LINEAR LINEAR LINEAR LINEAR LINEAR LINEAR LINEAR LINEAR
LINEAR LINEAR LINEAR LINEAR LINEAR LINEAR LINEAR</Name_array><technique_common><accessor source="#BatRig_Hips-Interpolations-array" count="18"><param type="name"/></accessor></technique_common></source><sampler id="BatRig_Hips-Matrix-animation-transform"><input semantic="INPUT" source="#BatRig_Hips-Matrix-animation-input"/><input semantic="OUTPUT" source="#BatRig_Hips-Matrix-animation-output-transform"/><input semantic="INTERPOLATION" source="#BatRig_Hips-Interpolations"/></sampler><channel source="#BatRig_Hips-Matrix-animation-transform" target="BatRig_Hips/matrix"/></animation><animation><source id="BatRig_Hips-visibility-animation-input"><float_array id="BatRig_Hips-visibility-animation-input-array" count="18">

0.000000 0.041667 0.083333 0.125000 0.166667 0.208333 0.250000 0.291667 0.333333 0.375000 0.416667 0.458333 0.500000 0.541667 0.583333 0.625000
0.666667 0.708333</float_array><technique_common><accessor source="#BatRig_Hips-visibility-animation-input-array" count="18"><param name="TIME" type="float"/></accessor></technique_common></source><source id="BatRig_Hips-visibility-animation-output"><float_array id="BatRig_Hips-visibility-animation-output-array" count="18">

1.000000 1.000000 1.000000 1.000000 1.000000 1.000000 1.000000 1.000000 1.000000 1.000000 1.000000 1.000000 1.000000 1.000000 1.000000 1.000000
1.000000 1.000000</float_array><technique_common><accessor source="#BatRig_Hips-visibility-animation-output-array" count="18"><param type="float"/></accessor></technique_common></source><source id="BatRig_Hips-visibility-animation-intan"><float_array id="BatRig_Hips-visibility-animation-intan-array" count="18">

0.000000 0.000000 0.000000 0.000000 0.000000 0.000000 0.000000 0.000000 0.000000 0.000000 0.000000 0.000000 0.000000 0.000000 0.000000 0.000000
0.000000 0.000000</float_array><technique_common><accessor source="#BatRig_Hips-visibility-animation-intan-array" count="18"><param type="float"/></accessor></technique_common></source><source id="BatRig_Hips-visibility-animation-outtan"><float_array id="BatRig_Hips-visibility-animation-outtan-array" count="18">

0.000000 0.000000 0.000000 0.000000 0.000000 0.000000 0.000000 0.000000 0.000000 0.000000 0.000000 0.000000 0.000000 0.000000 0.000000 0.000000
0.000000 0.000000</float_array><technique_common><accessor source="#BatRig_Hips-visibility-animation-outtan-array" count="18"><param type="float"/></accessor></technique_common></source><source id="BatRig_Hips-visibility-animation-interpolation"><Name_array id="BatRig_Hips-visibility-animation-interpolation-array" count="18">
 STEP STEP STEP STEP STEP STEP STEP STEP STEP STEP STEP STEP STEP STEP STEP STEP STEP
BEZIER</Name_array><technique_common><accessor source="#BatRig_Hips-visibility-animation-interpolation-array" count="18"><param type="name"/></accessor></technique_common></source><sampler id="BatRig_Hips-visibility-animation"><input semantic="INPUT" source="#BatRig_Hips-visibility-animation-input"/><input semantic="OUTPUT" source="#BatRig_Hips-visibility-animation-output"/><input semantic="IN_TANGENT" source="#BatRig_Hips-visibility-animation-intan"/><input semantic="OUT_TANGENT" source="#BatRig_Hips-visibility-animation-outtan"/><input semantic="INTERPOLATION" source="#BatRig_Hips-visibility-animation-interpolation"/></sampler><channel source="#BatRig_Hips-visibility-animation" target="BatRig_Hips/visibility"/></animation></animation>
    <animation id="BatRig_Spine-anim" name="BatRig_Spine"><animation><source id="BatRig_Spine-Matrix-animation-input"><float_array id="BatRig_Spine-Matrix-animation-input-array" count="18">

0.000000 0.041667 0.083333 0.125000 0.166667 0.208333 0.250000 0.291667 0.333333 0.375000 0.416667 0.458333 0.500000 0.541667 0.583333 0.625000
0.666667 0.708333</float_array><technique_common><accessor source="#BatRig_Spine-Matrix-animation-input-array" count="18"><param name="TIME" type="float"/></accessor></technique_common></source><source id="BatRig_Spine-Matrix-animation-output-transform"><float_array id="BatRig_Spine-Matrix-animation-output-transform-array" count="288">

0.995408 0.081363 -0.050424 0.000006 -0.078837 0.995622 0.050213 3.725675 0.054289 -0.046007 0.997465 -0.000004 0.000000 0.000000 0.000000 1.000000
0.995408 0.081363 -0.050424 0.000006 -0.078837 0.995622 0.050213 3.725675 0.054289 -0.046007 0.997465 -0.000004 0.000000 0.000000 0.000000 1.000000
0.993960 0.082999 -0.071791 0.000006 -0.079312 0.995452 0.052772 3.725675 0.075844 -0.046759 0.996023 -0.000004 0.000000 0.000000 0.000000 1.000000
0.994401 0.077544 -0.071795 0.000006 -0.074693 0.996339 0.041587 3.725675 0.074757 -0.035992 0.996552 -0.000004 0.000000 0.000000 0.000000 1.000000
0.994529 0.076063 -0.071604 0.000006 -0.073443 0.996555 0.038537 3.725675 0.074289 -0.033067 0.996688 -0.000004 0.000000 0.000000 0.000000 1.000000
0.994612 0.075465 -0.071075 0.000006 -0.072955 0.996638 0.037273 3.725675 0.073649 -0.031887 0.996774 -0.000004 0.000000 0.000000 0.000000 1.000000
0.994698 0.075308 -0.070036 0.000006 -0.072860 0.996660 0.036874 3.725675 0.072579 -0.031576 0.996863 -0.000004 0.000000 0.000000 0.000000 1.000000
0.996324 0.061965 -0.059144 0.000006 -0.059728 0.997457 0.038876 3.725675 0.061403 -0.035201 0.997492 -0.000004 0.000000 0.000000 0.000000 1.000000
0.997136 0.060969 -0.044754 0.000006 -0.059276 0.997509 0.038233 3.725675 0.046974 -0.035471 0.998266 -0.000004 0.000000 0.000000 0.000000 1.000000
0.997610 0.059645 -0.034876 0.000006 -0.058316 0.997576 0.037956 3.725675 0.037055 -0.035831 0.998671 -0.000004 0.000000 0.000000 0.000000 1.000000
0.997782 0.059452 -0.029950 0.000006 -0.058308 0.997586 0.037713 3.725675 0.032120 -0.035883 0.998840 -0.000004 0.000000 0.000000 0.000000 1.000000
0.997782 0.059452 -0.029950 0.000006 -0.058308 0.997586 0.037713 3.725675 0.032120 -0.035883 0.998840 -0.000004 0.000000 0.000000 0.000000 1.000000
0.997782 0.059452 -0.029950 0.000006 -0.058308 0.997586 0.037713 3.725675 0.032120 -0.035883 0.998840 -0.000004 0.000000 0.000000 0.000000 1.000000
0.997782 0.059452 -0.029950 0.000006 -0.058308 0.997586 0.037713 3.725675 0.032120 -0.035883 0.998840 -0.000004 0.000000 0.000000 0.000000 1.000000
0.997782 0.059452 -0.029950 0.000006 -0.058308 0.997586 0.037713 3.725675 0.032120 -0.035883 0.998840 -0.000004 0.000000 0.000000 0.000000 1.000000
0.997782 0.059452 -0.029950 0.000006 -0.058308 0.997586 0.037713 3.725675 0.032120 -0.035883 0.998840 -0.000004 0.000000 0.000000 0.000000 1.000000
0.997782 0.059452 -0.029950 0.000006 -0.058308 0.997586 0.037713 3.725675 0.032120 -0.035883 0.998840 -0.000004 0.000000 0.000000 0.000000 1.000000
0.997782 0.059452 -0.029950 0.000006 -0.058308 0.997586 0.037713 3.725675 0.032120 -0.035883 0.998840 -0.000004 0.000000 0.000000 0.000000 1.000000</float_array><technique_common><accessor source="#BatRig_Spine-Matrix-animation-output-transform-array" count="18" stride="16"><param type="float4x4"/></accessor></technique_common></source><source id="BatRig_Spine-Interpolations"><Name_array id="BatRig_Spine-Interpolations-array" count="18">
 LINEAR LINEAR LINEAR LINEAR LINEAR LINEAR LINEAR LINEAR LINEAR LINEAR LINEAR
LINEAR LINEAR LINEAR LINEAR LINEAR LINEAR LINEAR</Name_array><technique_common><accessor source="#BatRig_Spine-Interpolations-array" count="18"><param type="name"/></accessor></technique_common></source><sampler id="BatRig_Spine-Matrix-animation-transform"><input semantic="INPUT" source="#BatRig_Spine-Matrix-animation-input"/><input semantic="OUTPUT" source="#BatRig_Spine-Matrix-animation-output-transform"/><input semantic="INTERPOLATION" source="#BatRig_Spine-Interpolations"/></sampler><channel source="#BatRig_Spine-Matrix-animation-transform" target="BatRig_Spine/matrix"/></animation><animation><source id="BatRig_Spine-visibility-animation-input"><float_array id="BatRig_Spine-visibility-animation-input-array" count="18">

0.000000 0.041667 0.083333 0.125000 0.166667 0.208333 0.250000 0.291667 0.333333 0.375000 0.416667 0.458333 0.500000 0.541667 0.583333 0.625000
0.666667 0.708333</float_array><technique_common><accessor source="#BatRig_Spine-visibility-animation-input-array" count="18"><param name="TIME" type="float"/></accessor></technique_common></source><source id="BatRig_Spine-visibility-animation-output"><float_array id="BatRig_Spine-visibility-animation-output-array" count="18">

1.000000 1.000000 1.000000 1.000000 1.000000 1.000000 1.000000 1.000000 1.000000 1.000000 1.000000 1.000000 1.000000 1.000000 1.000000 1.000000
1.000000 1.000000</float_array><technique_common><accessor source="#BatRig_Spine-visibility-animation-output-array" count="18"><param type="float"/></accessor></technique_common></source><source id="BatRig_Spine-visibility-animation-intan"><float_array id="BatRig_Spine-visibility-animation-intan-array" count="18">

0.000000 0.000000 0.000000 0.000000 0.000000 0.000000 0.000000 0.000000 0.000000 0.000000 0.000000 0.000000 0.000000 0.000000 0.000000 0.000000
0.000000 0.000000</float_array><technique_common><accessor source="#BatRig_Spine-visibility-animation-intan-array" count="18"><param type="float"/></accessor></technique_common></source><source id="BatRig_Spine-visibility-animation-outtan"><float_array id="BatRig_Spine-visibility-animation-outtan-array" count="18">

0.000000 0.000000 0.000000 0.000000 0.000000 0.000000 0.000000 0.000000 0.000000 0.000000 0.000000 0.000000 0.000000 0.000000 0.000000 0.000000
0.000000 0.000000</float_array><technique_common><accessor source="#BatRig_Spine-visibility-animation-outtan-array" count="18"><param type="float"/></accessor></technique_common></source><source id="BatRig_Spine-visibility-animation-interpolation"><Name_array id="BatRig_Spine-visibility-animation-interpolation-array" count="18">
 STEP STEP STEP STEP STEP STEP STEP STEP STEP STEP STEP STEP STEP STEP STEP STEP STEP
BEZIER</Name_array><technique_common><accessor source="#BatRig_Spine-visibility-animation-interpolation-array" count="18"><param type="name"/></accessor></technique_common></source><sampler id="BatRig_Spine-visibility-animation"><input semantic="INPUT" source="#BatRig_Spine-visibility-animation-input"/><input semantic="OUTPUT" source="#BatRig_Spine-visibility-animation-output"/><input semantic="IN_TANGENT" source="#BatRig_Spine-visibility-animation-intan"/><input semantic="OUT_TANGENT" source="#BatRig_Spine-visibility-animation-outtan"/><input semantic="INTERPOLATION" source="#BatRig_Spine-visibility-animation-interpolation"/></sampler><channel source="#BatRig_Spine-visibility-animation" target="BatRig_Spine/visibility"/></animation></animation>
    <animation id="BatRig_Spine1-anim" name="BatRig_Spine1"><animation><source id="BatRig_Spine1-Matrix-animation-input"><float_array id="BatRig_Spine1-Matrix-animation-input-array" count="18">

0.000000 0.041667 0.083333 0.125000 0.166667 0.208333 0.250000 0.291667 0.333333 0.375000 0.416667 0.458333 0.500000 0.541667 0.583333 0.625000
0.666667 0.708333</float_array><technique_common><accessor source="#BatRig_Spine1-Matrix-animation-input-array" count="18"><param name="TIME" type="float"/></accessor></technique_common></source><source id="BatRig_Spine1-Matrix-animation-output-transform"><float_array id="BatRig_Spine1-Matrix-animation-output-transform-array" count="288">

0.990200 -0.035433 -0.135083 -0.000004 0.038165 0.999115 0.017685 10.999834 0.134337 -0.022667 0.990676 0.000001 0.000000 0.000000 0.000000 1.000000
0.990200 -0.035433 -0.135083 -0.000004 0.038165 0.999115 0.017685 10.999834 0.134337 -0.022667 0.990676 0.000001 0.000000 0.000000 0.000000 1.000000
0.962703 -0.038183 -0.267853 -0.000004 0.045104 0.998787 0.019730 10.999834 0.266775 -0.031075 0.963258 0.000001 0.000000 0.000000 0.000000 1.000000
0.961068 -0.071056 -0.267018 -0.000004 0.049012 0.994884 -0.088340 10.999834 0.271929 0.071814 0.959634 0.000001 0.000000 0.000000 0.000000 1.000000
0.961102 -0.079966 -0.264363 -0.000004 0.050224 0.991812 -0.117417 10.999834 0.271588 0.099572 0.957249 0.000001 0.000000 0.000000 0.000000 1.000000
0.962641 -0.083561 -0.257563 -0.000004 0.051498 0.990330 -0.128820 10.999834 0.265837 0.110743 0.957636 0.000001 0.000000 0.000000 0.000000 1.000000
0.965980 -0.084506 -0.244420 -0.000004 0.053405 0.989917 -0.131192 10.999834 0.253042 0.113676 0.960754 0.000001 0.000000 0.000000 0.000000 1.000000
0.984270 -0.012384 -0.176235 -0.000004 -0.004422 0.995501 -0.094649 10.999834 0.176614 0.093940 0.979787 0.000001 0.000000 0.000000 0.000000 1.000000
0.995879 -0.006999 -0.090421 -0.000004 -0.001419 0.995693 -0.092696 10.999834 0.090680 0.092442 0.991580 0.000001 0.000000 0.000000 0.000000 1.000000
0.999472 0.000167 -0.032496 -0.000004 -0.003105 0.995902 -0.090391 10.999834 0.032348 0.090444 0.995376 0.000001 0.000000 0.000000 0.000000 1.000000
0.999988 0.001210 -0.004660 -0.000004 -0.001625 0.995927 -0.090147 10.999834 0.004532 0.090153 0.995918 0.000001 0.000000 0.000000 0.000000 1.000000
0.999988 0.001210 -0.004660 -0.000004 -0.001625 0.995927 -0.090147 10.999834 0.004532 0.090153 0.995918 0.000001 0.000000 0.000000 0.000000 1.000000
0.999988 0.001210 -0.004660 -0.000004 -0.001625 0.995927 -0.090147 10.999834 0.004532 0.090153 0.995918 0.000001 0.000000 0.000000 0.000000 1.000000
0.999988 0.001210 -0.004660 -0.000004 -0.001625 0.995927 -0.090147 10.999834 0.004532 0.090153 0.995918 0.000001 0.000000 0.000000 0.000000 1.000000
0.999988 0.001210 -0.004660 -0.000004 -0.001625 0.995927 -0.090147 10.999834 0.004532 0.090153 0.995918 0.000001 0.000000 0.000000 0.000000 1.000000
0.999988 0.001210 -0.004660 -0.000004 -0.001625 0.995927 -0.090147 10.999834 0.004532 0.090153 0.995918 0.000001 0.000000 0.000000 0.000000 1.000000
0.999988 0.001210 -0.004660 -0.000004 -0.001625 0.995927 -0.090147 10.999834 0.004532 0.090153 0.995918 0.000001 0.000000 0.000000 0.000000 1.000000
0.999988 0.001210 -0.004660 -0.000004 -0.001625 0.995927 -0.090147 10.999834 0.004532 0.090153 0.995918 0.000001 0.000000 0.000000 0.000000 1.000000</float_array><technique_common><accessor source="#BatRig_Spine1-Matrix-animation-output-transform-array" count="18" stride="16"><param type="float4x4"/></accessor></technique_common></source><source id="BatRig_Spine1-Interpolations"><Name_array id="BatRig_Spine1-Interpolations-array" count="18">
 LINEAR LINEAR LINEAR LINEAR LINEAR LINEAR LINEAR LINEAR LINEAR LINEAR LINEAR
LINEAR LINEAR LINEAR LINEAR LINEAR LINEAR LINEAR</Name_array><technique_common><accessor source="#BatRig_Spine1-Interpolations-array" count="18"><param type="name"/></accessor></technique_common></source><sampler id="BatRig_Spine1-Matrix-animation-transform"><input semantic="INPUT" source="#BatRig_Spine1-Matrix-animation-input"/><input semantic="OUTPUT" source="#BatRig_Spine1-Matrix-animation-output-transform"/><input semantic="INTERPOLATION" source="#BatRig_Spine1-Interpolations"/></sampler><channel source="#BatRig_Spine1-Matrix-animation-transform" target="BatRig_Spine1/matrix"/></animation><animation><source id="BatRig_Spine1-visibility-animation-input"><float_array id="BatRig_Spine1-visibility-animation-input-array" count="18">

0.000000 0.041667 0.083333 0.125000 0.166667 0.208333 0.250000 0.291667 0.333333 0.375000 0.416667 0.458333 0.500000 0.541667 0.583333 0.625000
0.666667 0.708333</float_array><technique_common><accessor source="#BatRig_Spine1-visibility-animation-input-array" count="18"><param name="TIME" type="float"/></accessor></technique_common></source><source id="BatRig_Spine1-visibility-animation-output"><float_array id="BatRig_Spine1-visibility-animation-output-array" count="18">

1.000000 1.000000 1.000000 1.000000 1.000000 1.000000 1.000000 1.000000 1.000000 1.000000 1.000000 1.000000 1.000000 1.000000 1.000000 1.000000
1.000000 1.000000</float_array><technique_common><accessor source="#BatRig_Spine1-visibility-animation-output-array" count="18"><param type="float"/></accessor></technique_common></source><source id="BatRig_Spine1-visibility-animation-intan"><float_array id="BatRig_Spine1-visibility-animation-intan-array" count="18">

0.000000 0.000000 0.000000 0.000000 0.000000 0.000000 0.000000 0.000000 0.000000 0.000000 0.000000 0.000000 0.000000 0.000000 0.000000 0.000000
0.000000 0.000000</float_array><technique_common><accessor source="#BatRig_Spine1-visibility-animation-intan-array" count="18"><param type="float"/></accessor></technique_common></source><source id="BatRig_Spine1-visibility-animation-outtan"><float_array id="BatRig_Spine1-visibility-animation-outtan-array" count="18">

0.000000 0.000000 0.000000 0.000000 0.000000 0.000000 0.000000 0.000000 0.000000 0.000000 0.000000 0.000000 0.000000 0.000000 0.000000 0.000000
0.000000 0.000000</float_array><technique_common><accessor source="#BatRig_Spine1-visibility-animation-outtan-array" count="18"><param type="float"/></accessor></technique_common></source><source id="BatRig_Spine1-visibility-animation-interpolation"><Name_array id="BatRig_Spine1-visibility-animation-interpolation-array" count="18">
 STEP STEP STEP STEP STEP STEP STEP STEP STEP STEP STEP STEP STEP STEP STEP STEP STEP
BEZIER</Name_array><technique_common><accessor source="#BatRig_Spine1-visibility-animation-interpolation-array" count="18"><param type="name"/></accessor></technique_common></source><sampler id="BatRig_Spine1-visibility-animation"><input semantic="INPUT" source="#BatRig_Spine1-visibility-animation-input"/><input semantic="OUTPUT" source="#BatRig_Spine1-visibility-animation-output"/><input semantic="IN_TANGENT" source="#BatRig_Spine1-visibility-animation-intan"/><input semantic="OUT_TANGENT" source="#BatRig_Spine1-visibility-animation-outtan"/><input semantic="INTERPOLATION" source="#BatRig_Spine1-visibility-animation-interpolation"/></sampler><channel source="#BatRig_Spine1-visibility-animation" target="BatRig_Spine1/visibility"/></animation></animation>
    <animation id="BatRig_Spine2-anim" name="BatRig_Spine2"><animation><source id="BatRig_Spine2-Matrix-animation-input"><float_array id="BatRig_Spine2-Matrix-animation-input-array" count="18">

0.000000 0.041667 0.083333 0.125000 0.166667 0.208333 0.250000 0.291667 0.333333 0.375000 0.416667 0.458333 0.500000 0.541667 0.583333 0.625000
0.666667 0.708333</float_array><technique_common><accessor source="#BatRig_Spine2-Matrix-animation-input-array" count="18"><param name="TIME" type="float"/></accessor></technique_common></source><source id="BatRig_Spine2-Matrix-animation-output-transform"><float_array id="BatRig_Spine2-Matrix-animation-output-transform-array" count="288">

0.988848 -0.083381 -0.123396 -0.000007 0.086465 0.996057 0.019841 11.776693 0.121255 -0.030289 0.992159 0.000010 0.000000 0.000000 0.000000 1.000000
0.988848 -0.083381 -0.123396 -0.000007 0.086465 0.996057 0.019841 11.776693 0.121255 -0.030289 0.992159 0.000010 0.000000 0.000000 0.000000 1.000000
0.963086 -0.099279 -0.250217 -0.000007 0.106396 0.994210 0.015044 11.776693 0.247275 -0.041111 0.968073 0.000010 0.000000 0.000000 0.000000 1.000000
0.962689 -0.104984 -0.249415 -0.000007 0.084474 0.992208 -0.091587 11.776693 0.257087 0.067101 0.964056 0.000010 0.000000 0.000000 0.000000 1.000000
0.962960 -0.106415 -0.247757 -0.000007 0.078416 0.989638 -0.120281 11.776693 0.257990 0.096398 0.961326 0.000010 0.000000 0.000000 0.000000 1.000000
0.963981 -0.106710 -0.243625 -0.000007 0.076159 0.988377 -0.131569 11.776693 0.254833 0.108276 0.960904 0.000010 0.000000 0.000000 0.000000 1.000000
0.966008 -0.106229 -0.235676 -0.000007 0.075963 0.988066 -0.133997 11.776693 0.247098 0.111540 0.962549 0.000010 0.000000 0.000000 0.000000 1.000000
0.983816 -0.027223 -0.177104 -0.000007 0.010256 0.995326 -0.096024 11.776693 0.178890 0.092653 0.979497 0.000010 0.000000 0.000000 0.000000 1.000000
0.995643 -0.014752 -0.092069 -0.000007 0.006145 0.995640 -0.093073 11.776693 0.093041 0.092102 0.991393 0.000010 0.000000 0.000000 0.000000 1.000000
0.999421 -0.002640 -0.033934 -0.000007 -0.000440 0.995902 -0.090436 11.776693 0.034034 0.090399 0.995324 0.000010 0.000000 0.000000 0.000000 1.000000
0.999987 0.000793 -0.004984 -0.000007 -0.001239 0.995928 -0.090147 11.776693 0.004892 0.090152 0.995916 0.000010 0.000000 0.000000 0.000000 1.000000
0.999987 0.000793 -0.004984 -0.000007 -0.001239 0.995928 -0.090147 11.776693 0.004892 0.090152 0.995916 0.000010 0.000000 0.000000 0.000000 1.000000
0.999987 0.000793 -0.004984 -0.000007 -0.001239 0.995928 -0.090147 11.776693 0.004892 0.090152 0.995916 0.000010 0.000000 0.000000 0.000000 1.000000
0.999987 0.000793 -0.004984 -0.000007 -0.001239 0.995928 -0.090147 11.776693 0.004892 0.090152 0.995916 0.000010 0.000000 0.000000 0.000000 1.000000
0.999987 0.000793 -0.004984 -0.000007 -0.001239 0.995928 -0.090147 11.776693 0.004892 0.090152 0.995916 0.000010 0.000000 0.000000 0.000000 1.000000
0.999987 0.000793 -0.004984 -0.000007 -0.001239 0.995928 -0.090147 11.776693 0.004892 0.090152 0.995916 0.000010 0.000000 0.000000 0.000000 1.000000
0.999987 0.000793 -0.004984 -0.000007 -0.001239 0.995928 -0.090147 11.776693 0.004892 0.090152 0.995916 0.000010 0.000000 0.000000 0.000000 1.000000
0.999987 0.000793 -0.004984 -0.000007 -0.001239 0.995928 -0.090147 11.776693 0.004892 0.090152 0.995916 0.000010 0.000000 0.000000 0.000000 1.000000</float_array><technique_common><accessor source="#BatRig_Spine2-Matrix-animation-output-transform-array" count="18" stride="16"><param type="float4x4"/></accessor></technique_common></source><source id="BatRig_Spine2-Interpolations"><Name_array id="BatRig_Spine2-Interpolations-array" count="18">
 LINEAR LINEAR LINEAR LINEAR LINEAR LINEAR LINEAR LINEAR LINEAR LINEAR LINEAR
LINEAR LINEAR LINEAR LINEAR LINEAR LINEAR LINEAR</Name_array><technique_common><accessor source="#BatRig_Spine2-Interpolations-array" count="18"><param type="name"/></accessor></technique_common></source><sampler id="BatRig_Spine2-Matrix-animation-transform"><input semantic="INPUT" source="#BatRig_Spine2-Matrix-animation-input"/><input semantic="OUTPUT" source="#BatRig_Spine2-Matrix-animation-output-transform"/><input semantic="INTERPOLATION" source="#BatRig_Spine2-Interpolations"/></sampler><channel source="#BatRig_Spine2-Matrix-animation-transform" target="BatRig_Spine2/matrix"/></animation><animation><source id="BatRig_Spine2-visibility-animation-input"><float_array id="BatRig_Spine2-visibility-animation-input-array" count="18">

0.000000 0.041667 0.083333 0.125000 0.166667 0.208333 0.250000 0.291667 0.333333 0.375000 0.416667 0.458333 0.500000 0.541667 0.583333 0.625000
0.666667 0.708333</float_array><technique_common><accessor source="#BatRig_Spine2-visibility-animation-input-array" count="18"><param name="TIME" type="float"/></accessor></technique_common></source><source id="BatRig_Spine2-visibility-animation-output"><float_array id="BatRig_Spine2-visibility-animation-output-array" count="18">

1.000000 1.000000 1.000000 1.000000 1.000000 1.000000 1.000000 1.000000 1.000000 1.000000 1.000000 1.000000 1.000000 1.000000 1.000000 1.000000
1.000000 1.000000</float_array><technique_common><accessor source="#BatRig_Spine2-visibility-animation-output-array" count="18"><param type="float"/></accessor></technique_common></source><source id="BatRig_Spine2-visibility-animation-intan"><float_array id="BatRig_Spine2-visibility-animation-intan-array" count="18">

0.000000 0.000000 0.000000 0.000000 0.000000 0.000000 0.000000 0.000000 0.000000 0.000000 0.000000 0.000000 0.000000 0.000000 0.000000 0.000000
0.000000 0.000000</float_array><technique_common><accessor source="#BatRig_Spine2-visibility-animation-intan-array" count="18"><param type="float"/></accessor></technique_common></source><source id="BatRig_Spine2-visibility-animation-outtan"><float_array id="BatRig_Spine2-visibility-animation-outtan-array" count="18">

0.000000 0.000000 0.000000 0.000000 0.000000 0.000000 0.000000 0.000000 0.000000 0.000000 0.000000 0.000000 0.000000 0.000000 0.000000 0.000000
0.000000 0.000000</float_array><technique_common><accessor source="#BatRig_Spine2-visibility-animation-outtan-array" count="18"><param type="float"/></accessor></technique_common></source><source id="BatRig_Spine2-visibility-animation-interpolation"><Name_array id="BatRig_Spine2-visibility-animation-interpolation-array" count="18">
 STEP STEP STEP STEP STEP STEP STEP STEP STEP STEP STEP STEP STEP STEP STEP STEP STEP
BEZIER</Name_array><technique_common><accessor source="#BatRig_Spine2-visibility-animation-interpolation-array" count="18"><param type="name"/></accessor></technique_common></source><sampler id="BatRig_Spine2-visibility-animation"><input semantic="INPUT" source="#BatRig_Spine2-visibility-animation-input"/><input semantic="OUTPUT" source="#BatRig_Spine2-visibility-animation-output"/><input semantic="IN_TANGENT" source="#BatRig_Spine2-visibility-animation-intan"/><input semantic="OUT_TANGENT" source="#BatRig_Spine2-visibility-animation-outtan"/><input semantic="INTERPOLATION" source="#BatRig_Spine2-visibility-animation-interpolation"/></sampler><channel source="#BatRig_Spine2-visibility-animation" target="BatRig_Spine2/visibility"/></animation></animation>
    <animation id="BatRig_Spine3-anim" name="BatRig_Spine3"><animation><source id="BatRig_Spine3-Matrix-animation-input"><float_array id="BatRig_Spine3-Matrix-animation-input-array" count="18">

0.000000 0.041667 0.083333 0.125000 0.166667 0.208333 0.250000 0.291667 0.333333 0.375000 0.416667 0.458333 0.500000 0.541667 0.583333 0.625000
0.666667 0.708333</float_array><technique_common><accessor source="#BatRig_Spine3-Matrix-animation-input-array" count="18"><param name="TIME" type="float"/></accessor></technique_common></source><source id="BatRig_Spine3-Matrix-animation-output-transform"><float_array id="BatRig_Spine3-Matrix-animation-output-transform-array" count="288">

0.982942 -0.146274 -0.111487 0.000004 0.148642 0.988803 0.013190 13.030713 0.108309 -0.029537 0.993678 -1.061706 0.000000 0.000000 0.000000 1.000000
0.982942 -0.146274 -0.111487 0.000004 0.148642 0.988803 0.013190 13.030713 0.108309 -0.029537 0.993678 -1.061706 0.000000 0.000000 0.000000 1.000000
0.962267 -0.157264 -0.222059 0.000004 0.161850 0.986812 0.002489 13.030713 0.218739 -0.038335 0.975030 -1.061706 0.000000 0.000000 0.000000 1.000000
0.965092 -0.135858 -0.223920 0.000004 0.116828 0.988481 -0.096212 13.030713 0.234412 0.066693 0.969847 -1.061706 0.000000 0.000000 0.000000 1.000000
0.965716 -0.130038 -0.224684 0.000004 0.104305 0.986925 -0.122877 13.030713 0.237725 0.095229 0.966653 -1.061706 0.000000 0.000000 0.000000 1.000000
0.965963 -0.127686 -0.224969 0.000004 0.099225 0.986054 -0.133609 13.030713 0.238892 0.106739 0.965162 -1.061706 0.000000 0.000000 0.000000 1.000000
0.966033 -0.127068 -0.225019 0.000004 0.097891 0.985802 -0.136424 13.030713 0.239159 0.109763 0.964756 -1.061706 0.000000 0.000000 0.000000 1.000000
0.985198 -0.019335 -0.170328 0.000004 0.003059 0.995444 -0.095303 13.030713 0.171395 0.093371 0.980768 -1.061706 0.000000 0.000000 0.000000 1.000000
0.995837 -0.011230 -0.090453 0.000004 0.002805 0.995686 -0.092740 13.030713 0.091104 0.092100 0.991573 -1.061706 0.000000 0.000000 0.000000 1.000000
0.999417 -0.000479 -0.034145 0.000004 -0.002610 0.995906 -0.090356 13.030713 0.034048 0.090392 0.995324 -1.061706 0.000000 0.000000 0.000000 1.000000
0.999986 0.001099 -0.005160 0.000004 -0.001560 0.995928 -0.090136 13.030713 0.005040 0.090143 0.995916 -1.061706 0.000000 0.000000 0.000000 1.000000
0.999986 0.001099 -0.005160 0.000004 -0.001560 0.995928 -0.090136 13.030713 0.005040 0.090143 0.995916 -1.061706 0.000000 0.000000 0.000000 1.000000
0.999986 0.001099 -0.005160 0.000004 -0.001560 0.995928 -0.090136 13.030713 0.005040 0.090143 0.995916 -1.061706 0.000000 0.000000 0.000000 1.000000
0.999986 0.001099 -0.005160 0.000004 -0.001560 0.995928 -0.090136 13.030713 0.005040 0.090143 0.995916 -1.061706 0.000000 0.000000 0.000000 1.000000
0.999986 0.001099 -0.005160 0.000004 -0.001560 0.995928 -0.090136 13.030713 0.005040 0.090143 0.995916 -1.061706 0.000000 0.000000 0.000000 1.000000
0.999986 0.001099 -0.005160 0.000004 -0.001560 0.995928 -0.090136 13.030713 0.005040 0.090143 0.995916 -1.061706 0.000000 0.000000 0.000000 1.000000
0.999986 0.001099 -0.005160 0.000004 -0.001560 0.995928 -0.090136 13.030713 0.005040 0.090143 0.995916 -1.061706 0.000000 0.000000 0.000000 1.000000
