<?xml version="1.0" encoding="utf-8"?>
<COLLADA xmlns="http://www.collada.org/2005/11/COLLADASchema" version="1.4.1">
  <asset><contributor><author></author><authoring_tool>FBX COLLADA exporter</authoring_tool><comments></comments></contributor><created>2017-08-30T19:21:03Z</created><keywords></keywords><modified>2017-08-30T19:21:03Z</modified><revision></revision><subject></subject><title></title><unit meter="0.010000" name="centimeter"></unit><up_axis>Y_UP</up_axis></asset>
  <library_animations>
    <animation id="BatRig_Reference-anim" name="BatRig_Reference"><animation><source id="BatRig_Reference-Matrix-animation-input"><float_array id="BatRig_Reference-Matrix-animation-input-array" count="18">

0.000000 0.041667 0.083333 0.125000 0.166667 0.208333 0.250000 0.291667 0.333333 0.375000 0.416667 0.458333 0.500000 0.541667 0.583333 0.625000
0.666667 0.708333</float_array><technique_common><accessor source="#BatRig_Reference-Matrix-animation-input-array" count="18"><param name="TIME" type="float"/></accessor></technique_common></source><source id="BatRig_Reference-Matrix-animation-output-transform"><float_array id="BatRig_Reference-Matrix-animation-output-transform-array" count="288">

1.000000 0.000000 0.000000 2.488409 0.000000 1.000000 0.000000 0.000000 0.000000 0.000000 1.000000 -2.481043 0.000000 0.000000 0.000000 1.000000
1.000000 0.000000 0.000000 2.488409 0.000000 1.000000 0.000000 0.000000 0.000000 0.000000 1.000000 -2.481043 0.000000 0.000000 0.000000 1.000000
1.000000 0.000000 0.000000 1.420925 0.000000 1.000000 0.000000 0.000000 0.000000 0.000000 1.000000 -15.970469 0.000000 0.000000 0.000000 1.000000
1.000000 0.000000 0.000000 1.899362 0.000000 1.000000 0.000000 0.000000 0.000000 0.000000 1.000000 -13.944706 0.000000 0.000000 0.000000 1.000000
1.000000 0.000000 0.000000 2.361840 0.000000 1.000000 0.000000 0.000000 0.000000 0.000000 1.000000 -12.521095 0.000000 0.000000 0.000000 1.000000
1.000000 0.000000 0.000000 2.371197 0.000000 1.000000 0.000000 0.000000 0.000000 0.000000 1.000000 -18.840427 0.000000 0.000000 0.000000 1.000000
1.000000 0.000000 0.000000 2.361900 0.000000 1.000000 0.000000 0.000000 0.000000 0.000000 1.000000 -25.203852 0.000000 0.000000 0.000000 1.000000
1.000000 0.000000 0.000000 3.336077 0.000000 1.000000 0.000000 0.000000 0.000000 0.000000 1.000000 -11.920141 0.000000 0.000000 0.000000 1.000000
1.000000 0.000000 0.000000 4.746456 0.000000 1.000000 0.000000 0.000000 0.000000 0.000000 1.000000 20.287186 0.000000 0.000000 0.000000 1.000000
1.000000 0.000000 0.000000 4.623465 0.000000 1.000000 0.000000 7.714512 0.000000 0.000000 1.000000 42.172840 0.000000 0.000000 0.000000 1.000000
1.000000 0.000000 0.000000 4.516499 0.000000 1.000000 0.000000 25.937519 0.000000 0.000000 1.000000 64.220177 0.000000 0.000000 0.000000 1.000000
1.000000 0.000000 0.000000 4.640425 0.000000 1.000000 0.000000 72.507774 0.000000 0.000000 1.000000 89.799019 0.000000 0.000000 0.000000 1.000000
1.000000 0.000000 0.000000 4.793661 0.000000 1.000000 0.000000 115.456734 0.000000 0.000000 1.000000 111.036873 0.000000 0.000000 0.000000 1.000000
1.000000 0.000000 0.000000 4.821291 0.000000 1.000000 0.000000 157.881302 0.000000 0.000000 1.000000 122.972496 0.000000 0.000000 0.000000 1.000000
1.000000 0.000000 0.000000 4.831683 0.000000 1.000000 0.000000 175.851730 0.000000 0.000000 1.000000 131.976822 0.000000 0.000000 0.000000 1.000000
1.000000 0.000000 0.000000 4.833717 0.000000 1.000000 0.000000 173.400192 0.000000 0.000000 1.000000 139.806656 0.000000 0.000000 0.000000 1.000000
1.000000 0.000000 0.000000 4.833717 0.000000 1.000000 0.000000 173.400192 0.000000 0.000000 1.000000 139.806656 0.000000 0.000000 0.000000 1.000000
1.000000 0.000000 0.000000 4.833717 0.000000 1.000000 0.000000 173.400192 0.000000 0.000000 1.000000 139.806656 0.000000 0.000000 0.000000 1.000000</float_array><technique_common><accessor source="#BatRig_Reference-Matrix-animation-output-transform-array" count="18" stride="16"><param type="float4x4"/></accessor></technique_common></source><source id="BatRig_Reference-Interpolations"><Name_array id="BatRig_Reference-Interpolations-array" count="18">
 LINEAR LINEAR LINEAR LINEAR LINEAR LINEAR LINEAR LINEAR LINEAR LINEAR LINEAR
LINEAR LINEAR LINEAR LINEAR LINEAR LINEAR LINEAR</Name_array><technique_common><accessor source="#BatRig_Reference-Interpolations-array" count="18"><param type="name"/></accessor></technique_common></source><sampler id="BatRig_Reference-Matrix-animation-transform"><input semantic="INPUT" source="#BatRig_Reference-Matrix-animation-input"/><input semantic="OUTPUT" source="#BatRig_Reference-Matrix-animation-output-transform"/><input semantic="INTERPOLATION" source="#BatRig_Reference-Interpolations"/></sampler><channel source="#BatRig_Reference-Matrix-animation-transform" target="BatRig_Reference/matrix"/></animation><animation><source id="BatRig_Reference-visibility-animation-input"><float_array id="BatRig_Reference-visibility-animation-input-array" count="18">

0.000000 0.041667 0.083333 0.125000 0.166667 0.208333 0.250000 0.291667 0.333333 0.375000 0.416667 0.458333 0.500000 0.541667 0.583333 0.625000
0.666667 0.708333</float_array><technique_common><accessor source="#BatRig_Reference-visibility-animation-input-array" count="18"><param name="TIME" type="float"/></accessor></technique_common></source><source id="BatRig_Reference-visibility-animation-output"><float_array id="BatRig_Reference-visibility-animation-output-array" count="18">

1.000000 1.000000 1.000000 1.000000 1.000000 1.000000 1.000000 1.000000 1.000000 1.000000 1.000000 1.000000 1.000000 1.000000 1.000000 1.000000
1.000000 1.000000</float_array><technique_common><accessor source="#BatRig_Reference-visibility-animation-output-array" count="18"><param type="float"/></accessor></technique_common></source><source id="BatRig_Reference-visibility-animation-intan"><float_array id="BatRig_Reference-visibility-animation-intan-array" count="18">

0.000000 0.000000 0.000000 0.000000 0.000000 0.000000 0.000000 0.000000 0.000000 0.000000 0.000000 0.000000 0.000000 0.000000 0.000000 0.000000
0.000000 0.000000</float_array><technique_common><accessor source="#BatRig_Reference-visibility-animation-intan-array" count="18"><param type="float"/></accessor></technique_common></source><source id="BatRig_Reference-visibility-animation-outtan"><float_array id="BatRig_Reference-visibility-animation-outtan-array" count="18">

0.000000 0.000000 0.000000 0.000000 0.000000 0.000000 0.000000 0.000000 0.000000 0.000000 0.000000 0.000000 0.000000 0.000000 0.000000 0.000000
0.000000 0.000000</float_array><technique_common><accessor source="#BatRig_Reference-visibility-animation-outtan-array" count="18"><param type="float"/></accessor></technique_common></source><source id="BatRig_Reference-visibility-animation-interpolation"><Name_array id="BatRig_Reference-visibility-animation-interpolation-array" count="18">
 STEP STEP STEP STEP STEP STEP STEP STEP STEP STEP STEP STEP STEP STEP STEP STEP STEP
BEZIER</Name_array><technique_common><accessor source="#BatRig_Reference-visibility-animation-interpolation-array" count="18"><param type="name"/></accessor></technique_common></source><sampler id="BatRig_Reference-visibility-animation"><input semantic="INPUT" source="#BatRig_Reference-visibility-animation-input"/><input semantic="OUTPUT" source="#BatRig_Reference-visibility-animation-output"/><input semantic="IN_TANGENT" source="#BatRig_Reference-visibility-animation-intan"/><input semantic="OUT_TANGENT" source="#BatRig_Reference-visibility-animation-outtan"/><input semantic="INTERPOLATION" source="#BatRig_Reference-visibility-animation-interpolation"/></sampler><channel source="#BatRig_Reference-visibility-animation" target="BatRig_Reference/visibility"/></animation></animation>
    <animation id="BatRig_Hips-anim" name="BatRig_Hips"><animation><source id="BatRig_Hips-Matrix-animation-input"><float_array id="BatRig_Hips-Matrix-animation-input-array" count="18">

0.000000 0.041667 0.083333 0.125000 0.166667 0.208333 0.250000 0.291667 0.333333 0.375000 0.416667 0.458333 0.500000 0.541667 0.583333 0.625000
0.666667 0.708333</float_array><technique_common><accessor source="#BatRig_Hips-Matrix-animation-input-array" count="18"><param name="TIME" type="float"/></accessor></technique_common></source><source id="BatRig_Hips-Matrix-animation-output-transform"><float_array id="BatRig_Hips-Matrix-animation-output-transform-array" count="288">

0.856476 0.013369 0.516014 0.000000 0.080250 0.984061 -0.158694 79.263924 -0.509911 0.177328 0.841752 0.000000 0.000000 0.000000 0.000000 1.000000
0.856476 0.013369 0.516014 0.000000 0.080250 0.984061 -0.158694 79.263924 -0.509911 0.177328 0.841752 0.000000 0.000000 0.000000 0.000000 1.000000
0.990448 -0.003938 0.137832 0.000000 0.047594 0.947924 -0.314921 77.323929 -0.129414 0.318473 0.939056 0.000000 0.000000 0.000000 0.000000 1.000000
0.986892 0.039332 0.156515 0.000000 0.035608 0.892871 -0.448902 72.441299 -0.157404 0.448591 0.879767 0.000000 0.000000 0.000000 0.000000 1.000000
0.957360 0.109471 0.267354 0.000000 0.055889 0.837765 -0.543163 66.968025 -0.283441 0.534944 0.795924 0.000000 0.000000 0.000000 0.000000 1.000000
0.954272 0.112040 0.277150 0.000000 0.064410 0.828273 -0.556611 62.075508 -0.291918 0.549009 0.783182 0.000000 0.000000 0.000000 0.000000 1.000000
0.957360 0.109471 0.267354 0.000000 0.055889 0.837765 -0.543162 59.429256 -0.283441 0.534944 0.795925 0.000000 0.000000 0.000000 0.000000 1.000000
0.956171 0.161206 0.244436 0.000000 -0.004905 0.843502 -0.537104 65.517029 -0.292767 0.512364 0.807323 0.000000 0.000000 0.000000 0.000000 1.000000
0.954707 0.198435 0.221716 0.000000 -0.051173 0.843544 -0.534617 82.573814 -0.293114 0.499057 0.815492 0.000000 0.000000 0.000000 0.000000 1.000000
0.966036 0.136029 0.219707 0.000000 0.005940 0.838317 -0.545151 87.722702 -0.258341 0.527941 0.809036 0.000000 0.000000 0.000000 0.000000 1.000000
0.971531 0.080690 0.222747 0.000000 0.063936 0.816025 -0.574470 91.910248 -0.228121 0.572357 0.787635 0.000000 0.000000 0.000000 0.000000 1.000000
0.965917 0.146082 0.213694 0.000000 0.024909 0.769255 -0.638456 97.892952 -0.257652 0.622018 0.739398 0.000000 0.000000 0.000000 0.000000 1.000000
0.953829 0.228675 0.194724 0.000000 -0.024940 0.706389 -0.707384 101.971779 -0.299312 0.669867 0.679478 0.000000 0.000000 0.000000 0.000000 1.000000
0.951693 0.244940 0.185160 0.000000 -0.029276 0.672667 -0.739366 78.089249 -0.305651 0.698229 0.647344 0.000000 0.000000 0.000000 0.000000 1.000000
0.951591 0.252449 0.175340 0.000000 -0.026412 0.635508 -0.771642 71.341400 -0.306230 0.729657 0.611412 0.000000 0.000000 0.000000 0.000000 1.000000
0.952230 0.255184 0.167749 0.000000 -0.022031 0.605279 -0.795708 79.328049 -0.304587 0.754001 0.581987 0.000000 0.000000 0.000000 0.000000 1.000000
0.952230 0.255184 0.167749 0.000000 -0.022031 0.605279 -0.795708 79.328049 -0.304587 0.754001 0.581987 0.000000 0.000000 0.000000 0.000000 1.000000
0.952230 0.255184 0.167749 0.000000 -0.022031 0.605279 -0.795708 79.328049 -0.304587 0.754001 0.581987 0.000000 0.000000 0.000000 0.000000 1.000000</float_array><technique_common><accessor source="#BatRig_Hips-Matrix-animation-output-transform-array" count="18" stride="16"><param type="float4x4"/></accessor></technique_common></source><source id="BatRig_Hips-Interpolations"><Name_array id="BatRig_Hips-Interpolations-array" count="18">
 LINEAR LINEAR LINEAR LINEAR LINEAR LINEAR LINEAR LINEAR LINEAR LINEAR LINEAR
LINEAR LINEAR LINEAR LINEAR LINEAR LINEAR LINEAR</Name_array><technique_common><accessor source="#BatRig_Hips-Interpolations-array" count="18"><param type="name"/></accessor></technique_common></source><sampler id="BatRig_Hips-Matrix-animation-transform"><input semantic="INPUT" source="#BatRig_Hips-Matrix-animation-input"/><input semantic="OUTPUT" source="#BatRig_Hips-Matrix-animation-output-transform"/><input semantic="INTERPOLATION" source="#BatRig_Hips-Interpolations"/></sampler><channel source="#BatRig_Hips-Matrix-animation-transform" target="BatRig_Hips/matrix"/></animation><animation><source id="BatRig_Hips-visibility-animation-input"><float_array id="BatRig_Hips-visibility-animation-input-array" count="18">

0.000000 0.041667 0.083333 0.125000 0.166667 0.208333 0.250000 0.291667 0.333333 0.375000 0.416667 0.458333 0.500000 0.541667 0.583333 0.625000
0.666667 0.708333</float_array><technique_common><accessor source="#BatRig_Hips-visibility-animation-input-array" count="18"><param name="TIME" type="float"/></accessor></technique_common></source><source id="BatRig_Hips-visibility-animation-output"><float_array id="BatRig_Hips-visibility-animation-output-array" count="18">

1.000000 1.000000 1.000000 1.000000 1.000000 1.000000 1.000000 1.000000 1.000000 1.000000 1.000000 1.000000 1.000000 1.000000 1.000000 1.000000
1.000000 1.000000</float_array><technique_common><accessor source="#BatRig_Hips-visibility-animation-output-array" count="18"><param type="float"/></accessor></technique_common></source><source id="BatRig_Hips-visibility-animation-intan"><float_array id="BatRig_Hips-visibility-animation-intan-array" count="18">

0.000000 0.000000 0.000000 0.000000 0.000000 0.000000 0.000000 0.000000 0.000000 0.000000 0.000000 0.000000 0.000000 0.000000 0.000000 0.000000
0.000000 0.000000</float_array><technique_common><accessor source="#BatRig_Hips-visibility-animation-intan-array" count="18"><param type="float"/></accessor></technique_common></source><source id="BatRig_Hips-visibility-animation-outtan"><float_array id="BatRig_Hips-visibility-animation-outtan-array" count="18">

0.000000 0.000000 0.000000 0.000000 0.000000 0.000000 0.000000 0.000000 0.000000 0.000000 0.000000 0.000000 0.000000 0.000000 0.000000 0.000000
0.000000 0.000000</float_array><technique_common><accessor source="#BatRig_Hips-visibility-animation-outtan-array" count="18"><param type="float"/></accessor></technique_common></source><source id="BatRig_Hips-visibility-animation-interpolation"><Name_array id="BatRig_Hips-visibility-animation-interpolation-array" count="18">
 STEP STEP STEP STEP STEP STEP STEP STEP STEP STEP STEP STEP STEP STEP STEP STEP STEP
BEZIER</Name_array><technique_common><accessor source="#BatRig_Hips-visibility-animation-interpolation-array" count="18"><param type="name"/></accessor></technique_common></source><sampler id="BatRig_Hips-visibility-animation"><input semantic="INPUT" source="#BatRig_Hips-visibility-animation-input"/><input semantic="OUTPUT" source="#BatRig_Hips-visibility-animation-output"/><input semantic="IN_TANGENT" source="#BatRig_Hips-visibility-animation-intan"/><input semantic="OUT_TANGENT" source="#BatRig_Hips-visibility-animation-outtan"/><input semantic="INTERPOLATION" source="#BatRig_Hips-visibility-animation-interpolation"/></sampler><channel source="#BatRig_Hips-visibility-animation" target="BatRig_Hips/visibility"/></animation></animation>
    <animation id="BatRig_Spine-anim" name="BatRig_Spine"><animation><source id="BatRig_Spine-Matrix-animation-input"><float_array id="BatRig_Spine-Matrix-animation-input-array" count="18">

0.000000 0.041667 0.083333 0.125000 0.166667 0.208333 0.250000 0.291667 0.333333 0.375000 0.416667 0.458333 0.500000 0.541667 0.583333 0.625000
0.666667 0.708333</float_array><technique_common><accessor source="#BatRig_Spine-Matrix-animation-input-array" count="18"><param name="TIME" type="float"/></accessor></technique_common></source><source id="BatRig_Spine-Matrix-animation-output-transform"><float_array id="BatRig_Spine-Matrix-animation-output-transform-array" count="288">

0.997814 0.059185 -0.029391 -0.000001 -0.058053 0.997591 0.037968 3.725677 0.031567 -0.036179 0.998847 0.000001 0.000000 0.000000 0.000000 1.000000
0.997814 0.059185 -0.029391 -0.000001 -0.058053 0.997591 0.037968 3.725677 0.031567 -0.036179 0.998847 0.000001 0.000000 0.000000 0.000000 1.000000
0.997869 0.055608 -0.034129 -0.000001 -0.054441 0.997930 0.034230 3.725677 0.035962 -0.032299 0.998831 0.000001 0.000000 0.000000 0.000000 1.000000
0.997943 0.054978 -0.032986 -0.000001 -0.053715 0.997832 0.038022 3.725677 0.035005 -0.036172 0.998732 0.000001 0.000000 0.000000 0.000000 1.000000
0.997988 0.054700 -0.032070 -0.000001 -0.053407 0.997776 0.039872 3.725677 0.034180 -0.038079 0.998690 0.000001 0.000000 0.000000 0.000000 1.000000
0.997919 0.056465 -0.031130 -0.000001 -0.055227 0.997701 0.039282 3.725677 0.033276 -0.037481 0.998743 0.000001 0.000000 0.000000 0.000000 1.000000
0.997988 0.054700 -0.032069 -0.000001 -0.053407 0.997777 0.039870 3.725677 0.034179 -0.038077 0.998690 0.000001 0.000000 0.000000 0.000000 1.000000
0.999113 0.013382 -0.039928 -0.000001 -0.011643 0.998987 0.043472 3.725677 0.040469 -0.042969 0.998256 0.000001 0.000000 0.000000 0.000000 1.000000
0.997893 -0.043828 -0.047832 -0.000001 0.046018 0.997895 0.045690 3.725677 0.045729 -0.047795 0.997810 0.000001 0.000000 0.000000 0.000000 1.000000
0.997878 -0.045375 -0.046702 -0.000001 0.047285 0.998054 0.040639 3.725677 0.044767 -0.042761 0.998082 0.000001 0.000000 0.000000 0.000000 1.000000
0.997938 -0.045852 -0.044920 -0.000001 0.047346 0.998341 0.032770 3.725677 0.043343 -0.034829 0.998453 0.000001 0.000000 0.000000 0.000000 1.000000
0.997955 -0.046741 -0.043612 -0.000001 0.047946 0.998485 0.027004 3.725677 0.042284 -0.029040 0.998684 0.000001 0.000000 0.000000 0.000000 1.000000
0.997966 -0.047419 -0.042601 -0.000001 0.048411 0.998572 0.022569 3.725677 0.041470 -0.024585 0.998837 0.000001 0.000000 0.000000 0.000000 1.000000
0.997974 -0.047891 -0.041895 -0.000001 0.048740 0.998622 0.019476 3.725677 0.040905 -0.021479 0.998932 0.000001 0.000000 0.000000 0.000000 1.000000
0.997979 -0.048310 -0.041270 -0.000001 0.049035 0.998657 0.016732 3.725677 0.040406 -0.018722 0.999008 0.000001 0.000000 0.000000 0.000000 1.000000
0.997983 -0.048609 -0.040821 -0.000001 0.049247 0.998677 0.014770 3.725677 0.040049 -0.016751 0.999057 0.000001 0.000000 0.000000 0.000000 1.000000
0.997983 -0.048609 -0.040821 -0.000001 0.049247 0.998677 0.014770 3.725677 0.040049 -0.016751 0.999057 0.000001 0.000000 0.000000 0.000000 1.000000
0.997983 -0.048609 -0.040821 -0.000001 0.049247 0.998677 0.014770 3.725677 0.040049 -0.016751 0.999057 0.000001 0.000000 0.000000 0.000000 1.000000</float_array><technique_common><accessor source="#BatRig_Spine-Matrix-animation-output-transform-array" count="18" stride="16"><param type="float4x4"/></accessor></technique_common></source><source id="BatRig_Spine-Interpolations"><Name_array id="BatRig_Spine-Interpolations-array" count="18">
 LINEAR LINEAR LINEAR LINEAR LINEAR LINEAR LINEAR LINEAR LINEAR LINEAR LINEAR
LINEAR LINEAR LINEAR LINEAR LINEAR LINEAR LINEAR</Name_array><technique_common><accessor source="#BatRig_Spine-Interpolations-array" count="18"><param type="name"/></accessor></technique_common></source><sampler id="BatRig_Spine-Matrix-animation-transform"><input semantic="INPUT" source="#BatRig_Spine-Matrix-animation-input"/><input semantic="OUTPUT" source="#BatRig_Spine-Matrix-animation-output-transform"/><input semantic="INTERPOLATION" source="#BatRig_Spine-Interpolations"/></sampler><channel source="#BatRig_Spine-Matrix-animation-transform" target="BatRig_Spine/matrix"/></animation><animation><source id="BatRig_Spine-visibility-animation-input"><float_array id="BatRig_Spine-visibility-animation-input-array" count="18">

0.000000 0.041667 0.083333 0.125000 0.166667 0.208333 0.250000 0.291667 0.333333 0.375000 0.416667 0.458333 0.500000 0.541667 0.583333 0.625000
0.666667 0.708333</float_array><technique_common><accessor source="#BatRig_Spine-visibility-animation-input-array" count="18"><param name="TIME" type="float"/></accessor></technique_common></source><source id="BatRig_Spine-visibility-animation-output"><float_array id="BatRig_Spine-visibility-animation-output-array" count="18">

1.000000 1.000000 1.000000 1.000000 1.000000 1.000000 1.000000 1.000000 1.000000 1.000000 1.000000 1.000000 1.000000 1.000000 1.000000 1.000000
1.000000 1.000000</float_array><technique_common><accessor source="#BatRig_Spine-visibility-animation-output-array" count="18"><param type="float"/></accessor></technique_common></source><source id="BatRig_Spine-visibility-animation-intan"><float_array id="BatRig_Spine-visibility-animation-intan-array" count="18">

0.000000 0.000000 0.000000 0.000000 0.000000 0.000000 0.000000 0.000000 0.000000 0.000000 0.000000 0.000000 0.000000 0.000000 0.000000 0.000000
0.000000 0.000000</float_array><technique_common><accessor source="#BatRig_Spine-visibility-animation-intan-array" count="18"><param type="float"/></accessor></technique_common></source><source id="BatRig_Spine-visibility-animation-outtan"><float_array id="BatRig_Spine-visibility-animation-outtan-array" count="18">

0.000000 0.000000 0.000000 0.000000 0.000000 0.000000 0.000000 0.000000 0.000000 0.000000 0.000000 0.000000 0.000000 0.000000 0.000000 0.000000
0.000000 0.000000</float_array><technique_common><accessor source="#BatRig_Spine-visibility-animation-outtan-array" count="18"><param type="float"/></accessor></technique_common></source><source id="BatRig_Spine-visibility-animation-interpolation"><Name_array id="BatRig_Spine-visibility-animation-interpolation-array" count="18">
 STEP STEP STEP STEP STEP STEP STEP STEP STEP STEP STEP STEP STEP STEP STEP STEP STEP
BEZIER</Name_array><technique_common><accessor source="#BatRig_Spine-visibility-animation-interpolation-array" count="18"><param type="name"/></accessor></technique_common></source><sampler id="BatRig_Spine-visibility-animation"><input semantic="INPUT" source="#BatRig_Spine-visibility-animation-input"/><input semantic="OUTPUT" source="#BatRig_Spine-visibility-animation-output"/><input semantic="IN_TANGENT" source="#BatRig_Spine-visibility-animation-intan"/><input semantic="OUT_TANGENT" source="#BatRig_Spine-visibility-animation-outtan"/><input semantic="INTERPOLATION" source="#BatRig_Spine-visibility-animation-interpolation"/></sampler><channel source="#BatRig_Spine-visibility-animation" target="BatRig_Spine/visibility"/></animation></animation>
    <animation id="BatRig_Spine1-anim" name="BatRig_Spine1"><animation><source id="BatRig_Spine1-Matrix-animation-input"><float_array id="BatRig_Spine1-Matrix-animation-input-array" count="18">

0.000000 0.041667 0.083333 0.125000 0.166667 0.208333 0.250000 0.291667 0.333333 0.375000 0.416667 0.458333 0.500000 0.541667 0.583333 0.625000
0.666667 0.708333</float_array><technique_common><accessor source="#BatRig_Spine1-Matrix-animation-input-array" count="18"><param name="TIME" type="float"/></accessor></technique_common></source><source id="BatRig_Spine1-Matrix-animation-output-transform"><float_array id="BatRig_Spine1-Matrix-animation-output-transform-array" count="288">

0.999997 0.001435 -0.001916 0.000002 -0.001612 0.995385 -0.095946 10.999832 0.001769 0.095949 0.995385 -0.000003 0.000000 0.000000 0.000000 1.000000
0.999997 0.001435 -0.001916 0.000002 -0.001612 0.995385 -0.095946 10.999832 0.001769 0.095949 0.995385 -0.000003 0.000000 0.000000 0.000000 1.000000
0.999384 -0.007464 -0.034296 0.000002 0.001765 0.986578 -0.163278 10.999832 0.035054 0.163117 0.985984 -0.000003 0.000000 0.000000 0.000000 1.000000
0.998727 -0.038752 -0.032275 0.000002 0.034685 0.992380 -0.118232 10.999832 0.036611 0.116962 0.992461 -0.000003 0.000000 0.000000 0.000000 1.000000
0.997825 -0.058870 -0.029660 0.000002 0.056025 0.994454 -0.089008 10.999832 0.034735 0.087153 0.995589 -0.000003 0.000000 0.000000 0.000000 1.000000
0.997900 -0.058869 -0.027019 0.000002 0.056226 0.994362 -0.089903 10.999832 0.032159 0.088195 0.995584 -0.000003 0.000000 0.000000 0.000000 1.000000
0.997825 -0.058870 -0.029660 0.000002 0.056025 0.994454 -0.089008 10.999832 0.034735 0.087153 0.995589 -0.000003 0.000000 0.000000 0.000000 1.000000
0.997555 -0.054951 -0.043187 0.000002 0.053230 0.997779 -0.040043 10.999832 0.045292 0.037646 0.998264 -0.000003 0.000000 0.000000 0.000000 1.000000
0.997412 -0.048972 -0.052649 0.000002 0.050652 0.998233 0.031070 10.999832 0.051034 -0.033656 0.998130 -0.000003 0.000000 0.000000 0.000000 1.000000
0.997561 -0.053954 -0.044282 0.000002 0.053309 0.998456 -0.015624 10.999832 0.045057 0.013225 0.998897 -0.000003 0.000000 0.000000 0.000000 1.000000
0.997633 -0.061427 -0.030914 0.000002 0.058463 0.994311 -0.089040 10.999832 0.036208 0.087022 0.995548 -0.000003 0.000000 0.000000 0.000000 1.000000
0.997614 -0.065864 -0.020678 0.000002 0.062271 0.987862 -0.142303 10.999832 0.029800 0.140676 0.989607 -0.000003 0.000000 0.000000 0.000000 1.000000
0.997543 -0.068910 -0.012621 0.000002 0.065447 0.980929 -0.183015 10.999832 0.024992 0.181739 0.983029 -0.000003 0.000000 0.000000 0.000000 1.000000
0.997449 -0.071043 -0.007009 0.000002 0.067966 0.975079 -0.211193 10.999832 0.021838 0.210178 0.977419 -0.000003 0.000000 0.000000 0.000000 1.000000
0.997339 -0.072873 -0.002002 0.000002 0.070343 0.969198 -0.236025 10.999832 0.019140 0.235256 0.971745 -0.000003 0.000000 0.000000 0.000000 1.000000
0.997246 -0.074153 0.001593 0.000002 0.072130 0.964595 -0.253682 10.999832 0.017275 0.253098 0.967286 -0.000003 0.000000 0.000000 0.000000 1.000000
0.997246 -0.074153 0.001593 0.000002 0.072130 0.964595 -0.253682 10.999832 0.017275 0.253098 0.967286 -0.000003 0.000000 0.000000 0.000000 1.000000
0.997246 -0.074153 0.001593 0.000002 0.072130 0.964595 -0.253682 10.999832 0.017275 0.253098 0.967286 -0.000003 0.000000 0.000000 0.000000 1.000000</float_array><technique_common><accessor source="#BatRig_Spine1-Matrix-animation-output-transform-array" count="18" stride="16"><param type="float4x4"/></accessor></technique_common></source><source id="BatRig_Spine1-Interpolations"><Name_array id="BatRig_Spine1-Interpolations-array" count="18">
 LINEAR LINEAR LINEAR LINEAR LINEAR LINEAR LINEAR LINEAR LINEAR LINEAR LINEAR
LINEAR LINEAR LINEAR LINEAR LINEAR LINEAR LINEAR</Name_array><technique_common><accessor source="#BatRig_Spine1-Interpolations-array" count="18"><param type="name"/></accessor></technique_common></source><sampler id="BatRig_Spine1-Matrix-animation-transform"><input semantic="INPUT" source="#BatRig_Spine1-Matrix-animation-input"/><input semantic="OUTPUT" source="#BatRig_Spine1-Matrix-animation-output-transform"/><input semantic="INTERPOLATION" source="#BatRig_Spine1-Interpolations"/></sampler><channel source="#BatRig_Spine1-Matrix-animation-transform" target="BatRig_Spine1/matrix"/></animation><animation><source id="BatRig_Spine1-visibility-animation-input"><float_array id="BatRig_Spine1-visibility-animation-input-array" count="18">

0.000000 0.041667 0.083333 0.125000 0.166667 0.208333 0.250000 0.291667 0.333333 0.375000 0.416667 0.458333 0.500000 0.541667 0.583333 0.625000
0.666667 0.708333</float_array><technique_common><accessor source="#BatRig_Spine1-visibility-animation-input-array" count="18"><param name="TIME" type="float"/></accessor></technique_common></source><source id="BatRig_Spine1-visibility-animation-output"><float_array id="BatRig_Spine1-visibility-animation-output-array" count="18">

1.000000 1.000000 1.000000 1.000000 1.000000 1.000000 1.000000 1.000000 1.000000 1.000000 1.000000 1.000000 1.000000 1.000000 1.000000 1.000000
1.000000 1.000000</float_array><technique_common><accessor source="#BatRig_Spine1-visibility-animation-output-array" count="18"><param type="float"/></accessor></technique_common></source><source id="BatRig_Spine1-visibility-animation-intan"><float_array id="BatRig_Spine1-visibility-animation-intan-array" count="18">

0.000000 0.000000 0.000000 0.000000 0.000000 0.000000 0.000000 0.000000 0.000000 0.000000 0.000000 0.000000 0.000000 0.000000 0.000000 0.000000
0.000000 0.000000</float_array><technique_common><accessor source="#BatRig_Spine1-visibility-animation-intan-array" count="18"><param type="float"/></accessor></technique_common></source><source id="BatRig_Spine1-visibility-animation-outtan"><float_array id="BatRig_Spine1-visibility-animation-outtan-array" count="18">

0.000000 0.000000 0.000000 0.000000 0.000000 0.000000 0.000000 0.000000 0.000000 0.000000 0.000000 0.000000 0.000000 0.000000 0.000000 0.000000
0.000000 0.000000</float_array><technique_common><accessor source="#BatRig_Spine1-visibility-animation-outtan-array" count="18"><param type="float"/></accessor></technique_common></source><source id="BatRig_Spine1-visibility-animation-interpolation"><Name_array id="BatRig_Spine1-visibility-animation-interpolation-array" count="18">
 STEP STEP STEP STEP STEP STEP STEP STEP STEP STEP STEP STEP STEP STEP STEP STEP STEP
BEZIER</Name_array><technique_common><accessor source="#BatRig_Spine1-visibility-animation-interpolation-array" count="18"><param type="name"/></accessor></technique_common></source><sampler id="BatRig_Spine1-visibility-animation"><input semantic="INPUT" source="#BatRig_Spine1-visibility-animation-input"/><input semantic="OUTPUT" source="#BatRig_Spine1-visibility-animation-output"/><input semantic="IN_TANGENT" source="#BatRig_Spine1-visibility-animation-intan"/><input semantic="OUT_TANGENT" source="#BatRig_Spine1-visibility-animation-outtan"/><input semantic="INTERPOLATION" source="#BatRig_Spine1-visibility-animation-interpolation"/></sampler><channel source="#BatRig_Spine1-visibility-animation" target="BatRig_Spine1/visibility"/></animation></animation>
    <animation id="BatRig_Spine2-anim" name="BatRig_Spine2"><animation><source id="BatRig_Spine2-Matrix-animation-input"><float_array id="BatRig_Spine2-Matrix-animation-input-array" count="18">

0.000000 0.041667 0.083333 0.125000 0.166667 0.208333 0.250000 0.291667 0.333333 0.375000 0.416667 0.458333 0.500000 0.541667 0.583333 0.625000
0.666667 0.708333</float_array><technique_common><accessor source="#BatRig_Spine2-Matrix-animation-input-array" count="18"><param name="TIME" type="float"/></accessor></technique_common></source><source id="BatRig_Spine2-Matrix-animation-output-transform"><float_array id="BatRig_Spine2-Matrix-animation-output-transform-array" count="288">

0.999998 0.001076 -0.001902 0.000000 -0.001254 0.995386 -0.095946 11.776703 0.001790 0.095948 0.995385 0.000004 0.000000 0.000000 0.000000 1.000000
0.999998 0.001076 -0.001902 0.000000 -0.001254 0.995386 -0.095946 11.776703 0.001790 0.095948 0.995385 0.000004 0.000000 0.000000 0.000000 1.000000
0.999385 -0.013071 -0.032539 -0.000000 0.007588 0.986554 -0.163257 11.776703 0.034235 0.162910 0.986047 0.000004 0.000000 0.000000 0.000000 1.000000
0.998697 -0.042573 -0.028147 -0.000000 0.038990 0.992309 -0.117483 11.776703 0.032932 0.116232 0.992676 0.000004 0.000000 0.000000 0.000000 1.000000
0.997829 -0.061315 -0.024050 0.000000 0.058989 0.994395 -0.087744 11.776703 0.029295 0.086135 0.995853 0.000004 0.000000 0.000000 0.000000 1.000000
0.997891 -0.061132 -0.021806 0.000000 0.058964 0.994278 -0.089077 11.776703 0.027127 0.087603 0.995786 0.000004 0.000000 0.000000 0.000000 1.000000
0.997829 -0.061315 -0.024050 0.000000 0.058989 0.994395 -0.087745 11.776703 0.029295 0.086136 0.995853 0.000004 0.000000 0.000000 0.000000 1.000000
0.997617 -0.059906 -0.034242 0.000000 0.058615 0.997575 -0.037537 11.776703 0.036408 0.035440 0.998708 0.000004 0.000000 0.000000 0.000000 1.000000
0.997562 -0.056981 -0.040295 -0.000000 0.058347 0.997732 0.033571 11.776703 0.038291 -0.035840 0.998624 0.000004 0.000000 0.000000 0.000000 1.000000
0.997617 -0.059799 -0.034422 -0.000000 0.059363 0.998144 -0.013556 11.776703 0.035169 0.011480 0.999315 0.000004 0.000000 0.000000 0.000000 1.000000
0.997637 -0.063976 -0.025066 0.000000 0.061554 0.994242 -0.087717 11.776703 0.030533 0.085967 0.995830 0.000004 0.000000 0.000000 0.000000 1.000000
0.997637 -0.066312 -0.017977 0.000000 0.063115 0.987918 -0.141544 11.776703 0.027146 0.140075 0.989769 0.000004 0.000000 0.000000 0.000000 1.000000
0.997618 -0.067852 -0.012425 0.000000 0.064450 0.981053 -0.182703 11.776703 0.024586 0.181467 0.983090 0.000004 0.000000 0.000000 0.000000 1.000000
0.997585 -0.068931 -0.008556 0.000000 0.065576 0.975238 -0.211210 11.776703 0.022903 0.210139 0.977403 0.000004 0.000000 0.000000 0.000000 1.000000
0.997545 -0.069846 -0.005108 0.000000 0.066664 0.969380 -0.236343 11.776703 0.021459 0.235422 0.971656 0.000004 0.000000 0.000000 0.000000 1.000000
0.997510 -0.070479 -0.002635 0.000000 0.067496 0.964789 -0.254219 11.776703 0.020459 0.253408 0.967143 0.000004 0.000000 0.000000 0.000000 1.000000
0.997510 -0.070479 -0.002635 0.000000 0.067496 0.964789 -0.254219 11.776703 0.020459 0.253408 0.967143 0.000004 0.000000 0.000000 0.000000 1.000000
0.997510 -0.070479 -0.002635 0.000000 0.067496 0.964789 -0.254219 11.776703 0.020459 0.253408 0.967143 0.000004 0.000000 0.000000 0.000000 1.000000</float_array><technique_common><accessor source="#BatRig_Spine2-Matrix-animation-output-transform-array" count="18" stride="16"><param type="float4x4"/></accessor></technique_common></source><source id="BatRig_Spine2-Interpolations"><Name_array id="BatRig_Spine2-Interpolations-array" count="18">
 LINEAR LINEAR LINEAR LINEAR LINEAR LINEAR LINEAR LINEAR LINEAR LINEAR LINEAR
LINEAR LINEAR LINEAR LINEAR LINEAR LINEAR LINEAR</Name_array><technique_common><accessor source="#BatRig_Spine2-Interpolations-array" count="18"><param type="name"/></accessor></technique_common></source><sampler id="BatRig_Spine2-Matrix-animation-transform"><input semantic="INPUT" source="#BatRig_Spine2-Matrix-animation-input"/><input semantic="OUTPUT" source="#BatRig_Spine2-Matrix-animation-output-transform"/><input semantic="INTERPOLATION" source="#BatRig_Spine2-Interpolations"/></sampler><channel source="#BatRig_Spine2-Matrix-animation-transform" target="BatRig_Spine2/matrix"/></animation><animation><source id="BatRig_Spine2-visibility-animation-input"><float_array id="BatRig_Spine2-visibility-animation-input-array" count="18">

0.000000 0.041667 0.083333 0.125000 0.166667 0.208333 0.250000 0.291667 0.333333 0.375000 0.416667 0.458333 0.500000 0.541667 0.583333 0.625000
0.666667 0.708333</float_array><technique_common><accessor source="#BatRig_Spine2-visibility-animation-input-array" count="18"><param name="TIME" type="float"/></accessor></technique_common></source><source id="BatRig_Spine2-visibility-animation-output"><float_array id="BatRig_Spine2-visibility-animation-output-array" count="18">

1.000000 1.000000 1.000000 1.000000 1.000000 1.000000 1.000000 1.000000 1.000000 1.000000 1.000000 1.000000 1.000000 1.000000 1.000000 1.000000
1.000000 1.000000</float_array><technique_common><accessor source="#BatRig_Spine2-visibility-animation-output-array" count="18"><param type="float"/></accessor></technique_common></source><source id="BatRig_Spine2-visibility-animation-intan"><float_array id="BatRig_Spine2-visibility-animation-intan-array" count="18">

0.000000 0.000000 0.000000 0.000000 0.000000 0.000000 0.000000 0.000000 0.000000 0.000000 0.000000 0.000000 0.000000 0.000000 0.000000 0.000000
0.000000 0.000000</float_array><technique_common><accessor source="#BatRig_Spine2-visibility-animation-intan-array" count="18"><param type="float"/></accessor></technique_common></source><source id="BatRig_Spine2-visibility-animation-outtan"><float_array id="BatRig_Spine2-visibility-animation-outtan-array" count="18">

0.000000 0.000000 0.000000 0.000000 0.000000 0.000000 0.000000 0.000000 0.000000 0.000000 0.000000 0.000000 0.000000 0.000000 0.000000 0.000000
0.000000 0.000000</float_array><technique_common><accessor source="#BatRig_Spine2-visibility-animation-outtan-array" count="18"><param type="float"/></accessor></technique_common></source><source id="BatRig_Spine2-visibility-animation-interpolation"><Name_array id="BatRig_Spine2-visibility-animation-interpolation-array" count="18">
 STEP STEP STEP STEP STEP STEP STEP STEP STEP STEP STEP STEP STEP STEP STEP STEP STEP
BEZIER</Name_array><technique_common><accessor source="#BatRig_Spine2-visibility-animation-interpolation-array" count="18"><param type="name"/></accessor></technique_common></source><sampler id="BatRig_Spine2-visibility-animation"><input semantic="INPUT" source="#BatRig_Spine2-visibility-animation-input"/><input semantic="OUTPUT" source="#BatRig_Spine2-visibility-animation-output"/><input semantic="IN_TANGENT" source="#BatRig_Spine2-visibility-animation-intan"/><input semantic="OUT_TANGENT" source="#BatRig_Spine2-visibility-animation-outtan"/><input semantic="INTERPOLATION" source="#BatRig_Spine2-visibility-animation-interpolation"/></sampler><channel source="#BatRig_Spine2-visibility-animation" target="BatRig_Spine2/visibility"/></animation></animation>
    <animation id="BatRig_Spine3-anim" name="BatRig_Spine3"><animation><source id="BatRig_Spine3-Matrix-animation-input"><float_array id="BatRig_Spine3-Matrix-animation-input-array" count="18">

0.000000 0.041667 0.083333 0.125000 0.166667 0.208333 0.250000 0.291667 0.333333 0.375000 0.416667 0.458333 0.500000 0.541667 0.583333 0.625000
0.666667 0.708333</float_array><technique_common><accessor source="#BatRig_Spine3-Matrix-animation-input-array" count="18"><param name="TIME" type="float"/></accessor></technique_common></source><source id="BatRig_Spine3-Matrix-animation-output-transform"><float_array id="BatRig_Spine3-Matrix-animation-output-transform-array" count="288">

0.999998 0.000735 -0.001828 0.000001 -0.000907 0.995387 -0.095940 13.030716 0.001749 0.095942 0.995385 -1.061704 0.000000 0.000000 0.000000 1.000000
0.999998 0.000735 -0.001828 0.000001 -0.000907 0.995387 -0.095940 13.030716 0.001749 0.095942 0.995385 -1.061704 0.000000 0.000000 0.000000 1.000000
0.999386 -0.018322 -0.029857 0.000001 0.013209 0.986498 -0.163242 13.030716 0.032445 0.162747 0.986134 -1.061704 0.000000 0.000000 0.000000 1.000000
0.998669 -0.045926 -0.023466 0.000001 0.042887 0.992234 -0.116758 13.030716 0.028646 0.115596 0.992883 -1.061704 0.000000 0.000000 0.000000 1.000000
0.997833 -0.063232 -0.018173 0.000001 0.061437 0.994358 -0.086471 13.030716 0.023538 0.085167 0.996089 -1.061704 0.000000 0.000000 0.000000 1.000000
0.997857 -0.063231 -0.016825 0.000001 0.061513 0.994204 -0.088168 13.030716 0.022302 0.086944 0.995964 -1.061704 0.000000 0.000000 0.000000 1.000000
0.997833 -0.063232 -0.018173 0.000001 0.061437 0.994358 -0.086471 13.030716 0.023538 0.085167 0.996089 -1.061704 0.000000 0.000000 0.000000 1.000000
0.997715 -0.063208 -0.023869 0.000001 0.062345 0.997429 -0.035321 13.030716 0.026040 0.033752 0.999091 -1.061704 0.000000 0.000000 0.000000 1.000000
0.997642 -0.063168 -0.026853 0.000001 0.064106 0.997306 0.035648 13.030716 0.024529 -0.037285 0.999004 -1.061704 0.000000 0.000000 0.000000 1.000000
0.997646 -0.064310 -0.023796 0.000001 0.064045 0.997878 -0.011750 13.030716 0.024501 0.010198 0.999648 -1.061704 0.000000 0.000000 0.000000 1.000000
0.997642 -0.065973 -0.018941 0.000001 0.064106 0.994198 -0.086371 13.030716 0.024529 0.084953 0.996083 -1.061704 0.000000 0.000000 0.000000 1.000000
0.997648 -0.066820 -0.015299 0.000001 0.064019 0.988003 -0.140540 13.030716 0.024506 0.139230 0.989957 -1.061704 0.000000 0.000000 0.000000 1.000000
0.997652 -0.067338 -0.012459 0.000001 0.063956 0.981222 -0.181971 13.030716 0.024479 0.180747 0.983225 -1.061704 0.000000 0.000000 0.000000 1.000000
0.997651 -0.067702 -0.010481 0.000001 0.063983 0.975460 -0.210677 13.030716 0.024487 0.209511 0.977500 -1.061704 0.000000 0.000000 0.000000 1.000000
0.997647 -0.068003 -0.008719 0.000001 0.064032 0.969644 -0.235988 13.030716 0.024502 0.234874 0.971717 -1.061704 0.000000 0.000000 0.000000 1.000000
0.997643 -0.068208 -0.007456 0.000001 0.064083 0.965080 -0.253996 13.030716 0.024520 0.252920 0.967176 -1.061704 0.000000 0.000000 0.000000 1.000000
0.997643 -0.068208 -0.007456 0.000001 0.064083 0.965080 -0.253996 13.030716 0.024520 0.252920 0.967176 -1.061704 0.000000 0.000000 0.000000 1.000000
