<?xml version="1.0" encoding="utf-8"?>
<COLLADA xmlns="http://www.collada.org/2005/11/COLLADASchema" version="1.4.1">
  <asset><contributor><author></author><authoring_tool>FBX COLLADA exporter</authoring_tool><comments></comments></contributor><created>2017-08-30T19:24:14Z</created><keywords></keywords><modified>2017-08-30T19:24:14Z</modified><revision></revision><subject></subject><title></title><unit meter="0.010000" name="centimeter"></unit><up_axis>Y_UP</up_axis></asset>
  <library_animations>
    <animation id="BatRig_Reference-anim" name="BatRig_Reference"><animation><source id="BatRig_Reference-Matrix-animation-input"><float_array id="BatRig_Reference-Matrix-animation-input-array" count="27">

0.000000 0.041667 0.083333 0.125000 0.166667 0.208333 0.250000 0.291667 0.333333 0.375000 0.416667 0.458333 0.500000 0.541667 0.583333 0.625000
0.666667 0.708333 0.750000 0.791667 0.833333 0.875000 0.916667 0.958333 1.000000 1.041667 1.083333</float_array><technique_common><accessor source="#BatRig_Reference-Matrix-animation-input-array" count="27"><param name="TIME" type="float"/></accessor></technique_common></source><source id="BatRig_Reference-Matrix-animation-output-transform"><float_array id="BatRig_Reference-Matrix-animation-output-transform-array" count="432">

1.000000 0.000000 0.000000 2.621916 0.000000 1.000000 0.000000 0.000000 0.000000 0.000000 1.000000 163.473358 0.000000 0.000000 0.000000 1.000000
1.000000 0.000000 0.000000 2.621916 0.000000 1.000000 0.000000 0.000000 0.000000 0.000000 1.000000 163.473358 0.000000 0.000000 0.000000 1.000000
1.000000 0.000000 0.000000 2.549717 0.000000 1.000000 0.000000 0.000000 0.000000 0.000000 1.000000 176.510605 0.000000 0.000000 0.000000 1.000000
1.000000 0.000000 0.000000 0.037730 0.000000 1.000000 0.000000 0.000000 0.000000 0.000000 1.000000 192.855255 0.000000 0.000000 0.000000 1.000000
1.000000 0.000000 0.000000 -2.425257 0.000000 1.000000 0.000000 0.000000 0.000000 0.000000 1.000000 210.734680 0.000000 0.000000 0.000000 1.000000
1.000000 0.000000 0.000000 -1.148860 0.000000 1.000000 0.000000 0.000000 0.000000 0.000000 1.000000 236.546051 0.000000 0.000000 0.000000 1.000000
1.000000 0.000000 0.000000 -0.361565 0.000000 1.000000 0.000000 0.000000 0.000000 0.000000 1.000000 247.112350 0.000000 0.000000 0.000000 1.000000
1.000000 0.000000 0.000000 -0.361565 0.000000 1.000000 0.000000 0.000000 0.000000 0.000000 1.000000 247.112350 0.000000 0.000000 0.000000 1.000000
1.000000 0.000000 0.000000 -0.791806 0.000000 1.000000 0.000000 0.000000 0.000000 0.000000 1.000000 248.786484 0.000000 0.000000 0.000000 1.000000
1.000000 0.000000 0.000000 -1.694824 0.000000 1.000000 0.000000 0.000000 0.000000 0.000000 1.000000 252.058838 0.000000 0.000000 0.000000 1.000000
1.000000 0.000000 0.000000 -2.546416 0.000000 1.000000 0.000000 0.000000 0.000000 0.000000 1.000000 255.663696 0.000000 0.000000 0.000000 1.000000
1.000000 0.000000 0.000000 -2.838188 0.000000 1.000000 0.000000 0.000000 0.000000 0.000000 1.000000 257.483246 0.000000 0.000000 0.000000 1.000000
1.000000 0.000000 0.000000 -2.785228 0.000000 1.000000 0.000000 0.000000 0.000000 0.000000 1.000000 257.496429 0.000000 0.000000 0.000000 1.000000
1.000000 0.000000 0.000000 -2.778626 0.000000 1.000000 0.000000 0.000000 0.000000 0.000000 1.000000 257.353851 0.000000 0.000000 0.000000 1.000000
1.000000 0.000000 0.000000 -2.797337 0.000000 1.000000 0.000000 0.000000 0.000000 0.000000 1.000000 257.172821 0.000000 0.000000 0.000000 1.000000
1.000000 0.000000 0.000000 -2.822514 0.000000 1.000000 0.000000 0.000000 0.000000 0.000000 1.000000 257.079529 0.000000 0.000000 0.000000 1.000000
1.000000 0.000000 0.000000 -2.838188 0.000000 1.000000 0.000000 0.000000 0.000000 0.000000 1.000000 257.483246 0.000000 0.000000 0.000000 1.000000
1.000000 0.000000 0.000000 -2.648498 0.000000 1.000000 0.000000 0.000000 0.000000 0.000000 1.000000 258.881866 0.000000 0.000000 0.000000 1.000000
1.000000 0.000000 0.000000 -1.881596 0.000000 1.000000 0.000000 0.000000 0.000000 0.000000 1.000000 260.108063 0.000000 0.000000 0.000000 1.000000
1.000000 0.000000 0.000000 -0.423253 0.000000 1.000000 0.000000 0.000000 0.000000 0.000000 1.000000 261.130768 0.000000 0.000000 0.000000 1.000000
1.000000 0.000000 0.000000 0.674828 0.000000 1.000000 0.000000 0.000000 0.000000 0.000000 1.000000 262.256226 0.000000 0.000000 0.000000 1.000000
1.000000 0.000000 0.000000 1.474762 0.000000 1.000000 0.000000 0.000000 0.000000 0.000000 1.000000 264.609741 0.000000 0.000000 0.000000 1.000000
1.000000 0.000000 0.000000 2.118505 0.000000 1.000000 0.000000 0.000000 0.000000 0.000000 1.000000 267.345734 0.000000 0.000000 0.000000 1.000000
1.000000 0.000000 0.000000 2.377893 0.000000 1.000000 0.000000 0.000000 0.000000 0.000000 1.000000 268.312592 0.000000 0.000000 0.000000 1.000000
1.000000 0.000000 0.000000 2.523608 0.000000 1.000000 0.000000 0.000000 0.000000 0.000000 1.000000 268.647308 0.000000 0.000000 0.000000 1.000000
1.000000 0.000000 0.000000 2.591993 0.000000 1.000000 0.000000 0.000000 0.000000 0.000000 1.000000 268.681702 0.000000 0.000000 0.000000 1.000000
1.000000 0.000000 0.000000 2.596926 0.000000 1.000000 0.000000 0.000000 0.000000 0.000000 1.000000 263.255188 0.000000 0.000000 0.000000 1.000000</float_array><technique_common><accessor source="#BatRig_Reference-Matrix-animation-output-transform-array" count="27" stride="16"><param type="float4x4"/></accessor></technique_common></source><source id="BatRig_Reference-Interpolations"><Name_array id="BatRig_Reference-Interpolations-array" count="27">
 LINEAR LINEAR LINEAR LINEAR LINEAR LINEAR LINEAR LINEAR LINEAR LINEAR LINEAR
LINEAR LINEAR LINEAR LINEAR LINEAR LINEAR LINEAR LINEAR LINEAR LINEAR LINEAR LINEAR
LINEAR LINEAR LINEAR LINEAR</Name_array><technique_common><accessor source="#BatRig_Reference-Interpolations-array" count="27"><param type="name"/></accessor></technique_common></source><sampler id="BatRig_Reference-Matrix-animation-transform"><input semantic="INPUT" source="#BatRig_Reference-Matrix-animation-input"/><input semantic="OUTPUT" source="#BatRig_Reference-Matrix-animation-output-transform"/><input semantic="INTERPOLATION" source="#BatRig_Reference-Interpolations"/></sampler><channel source="#BatRig_Reference-Matrix-animation-transform" target="BatRig_Reference/matrix"/></animation><animation><source id="BatRig_Reference-visibility-animation-input"><float_array id="BatRig_Reference-visibility-animation-input-array" count="27">

0.000000 0.041667 0.083333 0.125000 0.166667 0.208333 0.250000 0.291667 0.333333 0.375000 0.416667 0.458333 0.500000 0.541667 0.583333 0.625000
0.666667 0.708333 0.750000 0.791667 0.833333 0.875000 0.916667 0.958333 1.000000 1.041667 1.083333</float_array><technique_common><accessor source="#BatRig_Reference-visibility-animation-input-array" count="27"><param name="TIME" type="float"/></accessor></technique_common></source><source id="BatRig_Reference-visibility-animation-output"><float_array id="BatRig_Reference-visibility-animation-output-array" count="27">

1.000000 1.000000 1.000000 1.000000 1.000000 1.000000 1.000000 1.000000 1.000000 1.000000 1.000000 1.000000 1.000000 1.000000 1.000000 1.000000
1.000000 1.000000 1.000000 1.000000 1.000000 1.000000 1.000000 1.000000 1.000000 1.000000 1.000000</float_array><technique_common><accessor source="#BatRig_Reference-visibility-animation-output-array" count="27"><param type="float"/></accessor></technique_common></source><source id="BatRig_Reference-visibility-animation-intan"><float_array id="BatRig_Reference-visibility-animation-intan-array" count="27">

0.000000 0.000000 0.000000 0.000000 0.000000 0.000000 0.000000 0.000000 0.000000 0.000000 0.000000 0.000000 0.000000 0.000000 0.000000 0.000000
0.000000 0.000000 0.000000 0.000000 0.000000 0.000000 0.000000 0.000000 0.000000 0.000000 0.000000</float_array><technique_common><accessor source="#BatRig_Reference-visibility-animation-intan-array" count="27"><param type="float"/></accessor></technique_common></source><source id="BatRig_Reference-visibility-animation-outtan"><float_array id="BatRig_Reference-visibility-animation-outtan-array" count="27">

0.000000 0.000000 0.000000 0.000000 0.000000 0.000000 0.000000 0.000000 0.000000 0.000000 0.000000 0.000000 0.000000 0.000000 0.000000 0.000000
0.000000 0.000000 0.000000 0.000000 0.000000 0.000000 0.000000 0.000000 0.000000 0.000000 0.000000</float_array><technique_common><accessor source="#BatRig_Reference-visibility-animation-outtan-array" count="27"><param type="float"/></accessor></technique_common></source><source id="BatRig_Reference-visibility-animation-interpolation"><Name_array id="BatRig_Reference-visibility-animation-interpolation-array" count="27">
 STEP STEP STEP STEP STEP STEP STEP STEP STEP STEP STEP STEP STEP STEP STEP STEP STEP
STEP STEP STEP STEP STEP STEP STEP STEP STEP BEZIER</Name_array><technique_common><accessor source="#BatRig_Reference-visibility-animation-interpolation-array" count="27"><param type="name"/></accessor></technique_common></source><sampler id="BatRig_Reference-visibility-animation"><input semantic="INPUT" source="#BatRig_Reference-visibility-animation-input"/><input semantic="OUTPUT" source="#BatRig_Reference-visibility-animation-output"/><input semantic="IN_TANGENT" source="#BatRig_Reference-visibility-animation-intan"/><input semantic="OUT_TANGENT" source="#BatRig_Reference-visibility-animation-outtan"/><input semantic="INTERPOLATION" source="#BatRig_Reference-visibility-animation-interpolation"/></sampler><channel source="#BatRig_Reference-visibility-animation" target="BatRig_Reference/visibility"/></animation></animation>
    <animation id="BatRig_Hips-anim" name="BatRig_Hips"><animation><source id="BatRig_Hips-Matrix-animation-input"><float_array id="BatRig_Hips-Matrix-animation-input-array" count="27">

0.000000 0.041667 0.083333 0.125000 0.166667 0.208333 0.250000 0.291667 0.333333 0.375000 0.416667 0.458333 0.500000 0.541667 0.583333 0.625000
0.666667 0.708333 0.750000 0.791667 0.833333 0.875000 0.916667 0.958333 1.000000 1.041667 1.083333</float_array><technique_common><accessor source="#BatRig_Hips-Matrix-animation-input-array" count="27"><param name="TIME" type="float"/></accessor></technique_common></source><source id="BatRig_Hips-Matrix-animation-output-transform"><float_array id="BatRig_Hips-Matrix-animation-output-transform-array" count="432">

0.658046 -0.000313 0.752978 0.000000 0.048412 0.997948 -0.041894 79.716805 -0.751420 0.064021 0.656711 0.000000 0.000000 0.000000 0.000000 1.000000
0.658046 -0.000313 0.752978 0.000000 0.048412 0.997948 -0.041894 79.716805 -0.751420 0.064021 0.656711 0.000000 0.000000 0.000000 0.000000 1.000000
0.870313 -0.001212 0.492497 0.000000 0.031079 0.998139 -0.052465 81.026505 -0.491517 0.060967 0.868731 0.000000 0.000000 0.000000 0.000000 1.000000
0.919699 0.023254 -0.391935 0.000000 -0.049661 0.997117 -0.057373 85.881493 0.389471 0.072230 0.918202 0.000000 0.000000 0.000000 0.000000 1.000000
0.280975 0.002008 -0.959713 0.000000 -0.000739 0.999998 0.001876 89.583443 0.959715 0.000182 0.280976 0.000000 0.000000 0.000000 0.000000 1.000000
0.084214 -0.059083 -0.994695 0.000000 0.369560 0.928900 -0.023886 88.988853 0.925383 -0.365588 0.100061 0.000000 0.000000 0.000000 0.000000 1.000000
0.086353 -0.131091 -0.987602 0.000000 0.675487 0.736357 -0.038679 88.314613 0.732298 -0.663772 0.152137 0.000000 0.000000 0.000000 0.000000 1.000000
0.086353 -0.131091 -0.987602 0.000000 0.675487 0.736357 -0.038679 88.314613 0.732298 -0.663772 0.152137 0.000000 0.000000 0.000000 0.000000 1.000000
0.189680 -0.100542 -0.976685 0.000000 0.502838 0.864337 0.008678 86.010445 0.843312 -0.492760 0.214504 0.000000 0.000000 0.000000 0.000000 1.000000
0.302889 -0.033541 -0.952435 0.000000 0.253690 0.966160 0.046653 80.789009 0.918640 -0.255754 0.301148 0.000000 0.000000 0.000000 0.000000 1.000000
0.409773 0.088939 -0.907841 0.000000 -0.087476 0.994480 0.057943 75.068863 0.907983 0.055671 0.415291 0.000000 0.000000 0.000000 0.000000 1.000000
0.454662 0.195296 -0.868989 0.000000 -0.329001 0.943486 0.039903 72.271667 0.827672 0.267756 0.493220 0.000000 0.000000 0.000000 0.000000 1.000000
0.448372 0.221688 -0.865920 0.000000 -0.382699 0.923085 0.038162 72.231003 0.807777 0.314276 0.498725 0.000000 0.000000 0.000000 0.000000 1.000000
0.424368 0.227421 -0.876465 0.000000 -0.393328 0.918155 0.047797 72.225578 0.815601 0.324455 0.479087 0.000000 0.000000 0.000000 0.000000 1.000000
0.403644 0.220423 -0.887967 0.000000 -0.377181 0.924322 0.057992 72.242088 0.833550 0.311516 0.456237 0.000000 0.000000 0.000000 0.000000 1.000000
0.406874 0.207897 -0.889512 0.000000 -0.350389 0.934794 0.058208 72.262665 0.843612 0.287992 0.453188 0.000000 0.000000 0.000000 0.000000 1.000000
0.454662 0.195296 -0.868989 0.000000 -0.329001 0.943486 0.039903 72.271667 0.827672 0.267756 0.493220 0.000000 0.000000 0.000000 0.000000 1.000000
0.578713 0.171954 -0.797197 0.000000 -0.297628 0.954628 -0.010146 73.431763 0.759282 0.243140 0.603634 0.000000 0.000000 0.000000 0.000000 1.000000
0.733425 0.131731 -0.666885 0.000000 -0.239979 0.968052 -0.072702 77.749557 0.636002 0.213360 0.741606 0.000000 0.000000 0.000000 0.000000 1.000000
0.876058 0.082589 -0.475081 0.000000 -0.163123 0.977897 -0.130802 84.993050 0.453777 0.192087 0.870166 0.000000 0.000000 0.000000 0.000000 1.000000
0.970539 0.038895 -0.237782 0.000000 -0.081832 0.981433 -0.173472 88.393463 0.226620 0.187820 0.955702 0.000000 0.000000 0.000000 0.000000 1.000000
0.999928 0.012039 0.000156 0.000000 -0.011761 0.979442 -0.201382 84.744385 -0.002577 0.201365 0.979513 0.000000 0.000000 0.000000 0.000000 1.000000
0.960280 -0.006483 0.278962 0.000000 0.069847 0.973488 -0.217815 76.728561 -0.270154 0.228648 0.935274 0.000000 0.000000 0.000000 0.000000 1.000000
0.842870 -0.011945 0.537985 0.000000 0.148656 0.966017 -0.211453 73.374512 -0.517177 0.258202 0.816002 0.000000 0.000000 0.000000 0.000000 1.000000
0.684692 -0.007697 0.728792 0.000000 0.207378 0.960670 -0.184684 72.038605 -0.698707 0.277587 0.659359 0.000000 0.000000 0.000000 0.000000 1.000000
0.549683 -0.003100 0.835368 0.000000 0.233389 0.960743 -0.150008 71.709106 -0.802109 0.277422 0.528827 0.000000 0.000000 0.000000 0.000000 1.000000
0.493888 -0.008210 0.869487 0.000000 0.157749 0.984208 -0.080312 78.873558 -0.855096 0.176826 0.487384 0.000000 0.000000 0.000000 0.000000 1.000000</float_array><technique_common><accessor source="#BatRig_Hips-Matrix-animation-output-transform-array" count="27" stride="16"><param type="float4x4"/></accessor></technique_common></source><source id="BatRig_Hips-Interpolations"><Name_array id="BatRig_Hips-Interpolations-array" count="27">
 LINEAR LINEAR LINEAR LINEAR LINEAR LINEAR LINEAR LINEAR LINEAR LINEAR LINEAR
LINEAR LINEAR LINEAR LINEAR LINEAR LINEAR LINEAR LINEAR LINEAR LINEAR LINEAR LINEAR
LINEAR LINEAR LINEAR LINEAR</Name_array><technique_common><accessor source="#BatRig_Hips-Interpolations-array" count="27"><param type="name"/></accessor></technique_common></source><sampler id="BatRig_Hips-Matrix-animation-transform"><input semantic="INPUT" source="#BatRig_Hips-Matrix-animation-input"/><input semantic="OUTPUT" source="#BatRig_Hips-Matrix-animation-output-transform"/><input semantic="INTERPOLATION" source="#BatRig_Hips-Interpolations"/></sampler><channel source="#BatRig_Hips-Matrix-animation-transform" target="BatRig_Hips/matrix"/></animation><animation><source id="BatRig_Hips-visibility-animation-input"><float_array id="BatRig_Hips-visibility-animation-input-array" count="27">

0.000000 0.041667 0.083333 0.125000 0.166667 0.208333 0.250000 0.291667 0.333333 0.375000 0.416667 0.458333 0.500000 0.541667 0.583333 0.625000
0.666667 0.708333 0.750000 0.791667 0.833333 0.875000 0.916667 0.958333 1.000000 1.041667 1.083333</float_array><technique_common><accessor source="#BatRig_Hips-visibility-animation-input-array" count="27"><param name="TIME" type="float"/></accessor></technique_common></source><source id="BatRig_Hips-visibility-animation-output"><float_array id="BatRig_Hips-visibility-animation-output-array" count="27">

1.000000 1.000000 1.000000 1.000000 1.000000 1.000000 1.000000 1.000000 1.000000 1.000000 1.000000 1.000000 1.000000 1.000000 1.000000 1.000000
1.000000 1.000000 1.000000 1.000000 1.000000 1.000000 1.000000 1.000000 1.000000 1.000000 1.000000</float_array><technique_common><accessor source="#BatRig_Hips-visibility-animation-output-array" count="27"><param type="float"/></accessor></technique_common></source><source id="BatRig_Hips-visibility-animation-intan"><float_array id="BatRig_Hips-visibility-animation-intan-array" count="27">

0.000000 0.000000 0.000000 0.000000 0.000000 0.000000 0.000000 0.000000 0.000000 0.000000 0.000000 0.000000 0.000000 0.000000 0.000000 0.000000
0.000000 0.000000 0.000000 0.000000 0.000000 0.000000 0.000000 0.000000 0.000000 0.000000 0.000000</float_array><technique_common><accessor source="#BatRig_Hips-visibility-animation-intan-array" count="27"><param type="float"/></accessor></technique_common></source><source id="BatRig_Hips-visibility-animation-outtan"><float_array id="BatRig_Hips-visibility-animation-outtan-array" count="27">

0.000000 0.000000 0.000000 0.000000 0.000000 0.000000 0.000000 0.000000 0.000000 0.000000 0.000000 0.000000 0.000000 0.000000 0.000000 0.000000
0.000000 0.000000 0.000000 0.000000 0.000000 0.000000 0.000000 0.000000 0.000000 0.000000 0.000000</float_array><technique_common><accessor source="#BatRig_Hips-visibility-animation-outtan-array" count="27"><param type="float"/></accessor></technique_common></source><source id="BatRig_Hips-visibility-animation-interpolation"><Name_array id="BatRig_Hips-visibility-animation-interpolation-array" count="27">
 STEP STEP STEP STEP STEP STEP STEP STEP STEP STEP STEP STEP STEP STEP STEP STEP STEP
STEP STEP STEP STEP STEP STEP STEP STEP STEP BEZIER</Name_array><technique_common><accessor source="#BatRig_Hips-visibility-animation-interpolation-array" count="27"><param type="name"/></accessor></technique_common></source><sampler id="BatRig_Hips-visibility-animation"><input semantic="INPUT" source="#BatRig_Hips-visibility-animation-input"/><input semantic="OUTPUT" source="#BatRig_Hips-visibility-animation-output"/><input semantic="IN_TANGENT" source="#BatRig_Hips-visibility-animation-intan"/><input semantic="OUT_TANGENT" source="#BatRig_Hips-visibility-animation-outtan"/><input semantic="INTERPOLATION" source="#BatRig_Hips-visibility-animation-interpolation"/></sampler><channel source="#BatRig_Hips-visibility-animation" target="BatRig_Hips/visibility"/></animation></animation>
    <animation id="BatRig_Spine-anim" name="BatRig_Spine"><animation><source id="BatRig_Spine-Matrix-animation-input"><float_array id="BatRig_Spine-Matrix-animation-input-array" count="27">

0.000000 0.041667 0.083333 0.125000 0.166667 0.208333 0.250000 0.291667 0.333333 0.375000 0.416667 0.458333 0.500000 0.541667 0.583333 0.625000
0.666667 0.708333 0.750000 0.791667 0.833333 0.875000 0.916667 0.958333 1.000000 1.041667 1.083333</float_array><technique_common><accessor source="#BatRig_Spine-Matrix-animation-input-array" count="27"><param name="TIME" type="float"/></accessor></technique_common></source><source id="BatRig_Spine-Matrix-animation-output-transform"><float_array id="BatRig_Spine-Matrix-animation-output-transform-array" count="432">

0.998223 -0.057978 -0.013752 0.000006 0.058429 0.997677 0.035027 3.725675 0.011689 -0.035768 0.999292 -0.000004 0.000000 0.000000 0.000000 1.000000
0.998223 -0.057978 -0.013752 0.000006 0.058429 0.997677 0.035027 3.725675 0.011689 -0.035768 0.999292 -0.000004 0.000000 0.000000 0.000000 1.000000
0.997681 -0.066720 0.013458 0.000006 0.066188 0.997131 0.036715 3.725675 -0.015869 -0.035739 0.999235 -0.000004 0.000000 0.000000 0.000000 1.000000
0.991799 -0.113036 0.059643 0.000006 0.110899 0.993105 0.038011 3.725675 -0.063528 -0.031085 0.997496 -0.000004 0.000000 0.000000 0.000000 1.000000
0.987313 -0.116481 0.107912 0.000006 0.112374 0.992717 0.043413 3.725675 -0.112183 -0.030736 0.993212 -0.000004 0.000000 0.000000 0.000000 1.000000
0.983040 -0.102335 0.152187 0.000006 0.098468 0.994601 0.032755 3.725675 -0.154717 -0.017214 0.987809 -0.000004 0.000000 0.000000 0.000000 1.000000
0.980633 -0.101279 0.167636 0.000006 0.097073 0.994726 0.033117 3.725675 -0.170106 -0.016203 0.985293 -0.000004 0.000000 0.000000 0.000000 1.000000
0.980633 -0.101279 0.167636 0.000006 0.097073 0.994726 0.033117 3.725675 -0.170106 -0.016203 0.985293 -0.000004 0.000000 0.000000 0.000000 1.000000
0.967876 -0.184655 0.170641 0.000006 0.179666 0.982727 0.044367 3.725675 -0.175886 -0.012283 0.984334 -0.000004 0.000000 0.000000 0.000000 1.000000
0.960214 -0.213360 0.180187 0.000006 0.207625 0.976912 0.050338 3.725675 -0.186767 -0.010924 0.982344 -0.000004 0.000000 0.000000 0.000000 1.000000
0.957143 -0.217525 0.191207 0.000006 0.211144 0.975996 0.053387 3.725675 -0.198230 -0.010727 0.980097 -0.000004 0.000000 0.000000 0.000000 1.000000
0.955882 -0.218476 0.196362 0.000006 0.211792 0.975784 0.054682 3.725675 -0.203554 -0.010682 0.979005 -0.000004 0.000000 0.000000 0.000000 1.000000
0.955882 -0.218476 0.196362 0.000006 0.211792 0.975784 0.054682 3.725675 -0.203554 -0.010682 0.979005 -0.000004 0.000000 0.000000 0.000000 1.000000
0.955882 -0.218476 0.196362 0.000006 0.211792 0.975784 0.054682 3.725675 -0.203554 -0.010682 0.979005 -0.000004 0.000000 0.000000 0.000000 1.000000
0.955882 -0.218475 0.196362 0.000006 0.211791 0.975784 0.054682 3.725675 -0.203554 -0.010682 0.979005 -0.000004 0.000000 0.000000 0.000000 1.000000
0.955882 -0.218476 0.196362 0.000006 0.211792 0.975784 0.054682 3.725675 -0.203554 -0.010682 0.979005 -0.000004 0.000000 0.000000 0.000000 1.000000
0.955882 -0.218476 0.196362 0.000006 0.211792 0.975784 0.054682 3.725675 -0.203554 -0.010682 0.979005 -0.000004 0.000000 0.000000 0.000000 1.000000
0.979150 -0.067336 0.191653 0.000006 0.061333 0.997428 0.037091 3.725675 -0.193658 -0.024563 0.980762 -0.000004 0.000000 0.000000 0.000000 1.000000
0.987327 -0.025892 0.156572 0.000006 0.021125 0.999264 0.032033 3.725675 -0.157286 -0.028319 0.987147 -0.000004 0.000000 0.000000 0.000000 1.000000
0.995902 -0.009145 0.089979 0.000006 0.006420 0.999513 0.030528 3.725675 -0.090214 -0.029825 0.995476 -0.000004 0.000000 0.000000 0.000000 1.000000
0.999157 -0.004742 0.040772 0.000006 0.003504 0.999532 0.030388 3.725675 -0.040897 -0.030220 0.998706 -0.000004 0.000000 0.000000 0.000000 1.000000
0.999604 0.027346 0.006591 0.000006 -0.027549 0.999079 0.032909 3.725675 -0.005685 -0.033078 0.999437 -0.000004 0.000000 0.000000 0.000000 1.000000
0.998822 0.044699 -0.018883 0.000006 -0.044009 0.998401 0.035481 3.725675 0.020439 -0.034608 0.999192 -0.000004 0.000000 0.000000 0.000000 1.000000
0.998214 0.053765 -0.026031 0.000006 -0.052789 0.997926 0.036842 3.725675 0.027958 -0.035402 0.998982 -0.000004 0.000000 0.000000 0.000000 1.000000
0.997901 0.058154 -0.028487 0.000006 -0.057070 0.997666 0.037490 3.725675 0.030601 -0.035786 0.998891 -0.000004 0.000000 0.000000 0.000000 1.000000
0.997810 0.059409 -0.029070 0.000006 -0.058298 0.997588 0.037672 3.725675 0.031238 -0.035895 0.998867 -0.000004 0.000000 0.000000 0.000000 1.000000
0.997810 0.059408 -0.029069 0.000006 -0.058297 0.997588 0.037672 3.725675 0.031237 -0.035895 0.998867 -0.000004 0.000000 0.000000 0.000000 1.000000</float_array><technique_common><accessor source="#BatRig_Spine-Matrix-animation-output-transform-array" count="27" stride="16"><param type="float4x4"/></accessor></technique_common></source><source id="BatRig_Spine-Interpolations"><Name_array id="BatRig_Spine-Interpolations-array" count="27">
 LINEAR LINEAR LINEAR LINEAR LINEAR LINEAR LINEAR LINEAR LINEAR LINEAR LINEAR
LINEAR LINEAR LINEAR LINEAR LINEAR LINEAR LINEAR LINEAR LINEAR LINEAR LINEAR LINEAR
LINEAR LINEAR LINEAR LINEAR</Name_array><technique_common><accessor source="#BatRig_Spine-Interpolations-array" count="27"><param type="name"/></accessor></technique_common></source><sampler id="BatRig_Spine-Matrix-animation-transform"><input semantic="INPUT" source="#BatRig_Spine-Matrix-animation-input"/><input semantic="OUTPUT" source="#BatRig_Spine-Matrix-animation-output-transform"/><input semantic="INTERPOLATION" source="#BatRig_Spine-Interpolations"/></sampler><channel source="#BatRig_Spine-Matrix-animation-transform" target="BatRig_Spine/matrix"/></animation><animation><source id="BatRig_Spine-visibility-animation-input"><float_array id="BatRig_Spine-visibility-animation-input-array" count="27">

0.000000 0.041667 0.083333 0.125000 0.166667 0.208333 0.250000 0.291667 0.333333 0.375000 0.416667 0.458333 0.500000 0.541667 0.583333 0.625000
0.666667 0.708333 0.750000 0.791667 0.833333 0.875000 0.916667 0.958333 1.000000 1.041667 1.083333</float_array><technique_common><accessor source="#BatRig_Spine-visibility-animation-input-array" count="27"><param name="TIME" type="float"/></accessor></technique_common></source><source id="BatRig_Spine-visibility-animation-output"><float_array id="BatRig_Spine-visibility-animation-output-array" count="27">

1.000000 1.000000 1.000000 1.000000 1.000000 1.000000 1.000000 1.000000 1.000000 1.000000 1.000000 1.000000 1.000000 1.000000 1.000000 1.000000
1.000000 1.000000 1.000000 1.000000 1.000000 1.000000 1.000000 1.000000 1.000000 1.000000 1.000000</float_array><technique_common><accessor source="#BatRig_Spine-visibility-animation-output-array" count="27"><param type="float"/></accessor></technique_common></source><source id="BatRig_Spine-visibility-animation-intan"><float_array id="BatRig_Spine-visibility-animation-intan-array" count="27">

0.000000 0.000000 0.000000 0.000000 0.000000 0.000000 0.000000 0.000000 0.000000 0.000000 0.000000 0.000000 0.000000 0.000000 0.000000 0.000000
0.000000 0.000000 0.000000 0.000000 0.000000 0.000000 0.000000 0.000000 0.000000 0.000000 0.000000</float_array><technique_common><accessor source="#BatRig_Spine-visibility-animation-intan-array" count="27"><param type="float"/></accessor></technique_common></source><source id="BatRig_Spine-visibility-animation-outtan"><float_array id="BatRig_Spine-visibility-animation-outtan-array" count="27">

0.000000 0.000000 0.000000 0.000000 0.000000 0.000000 0.000000 0.000000 0.000000 0.000000 0.000000 0.000000 0.000000 0.000000 0.000000 0.000000
0.000000 0.000000 0.000000 0.000000 0.000000 0.000000 0.000000 0.000000 0.000000 0.000000 0.000000</float_array><technique_common><accessor source="#BatRig_Spine-visibility-animation-outtan-array" count="27"><param type="float"/></accessor></technique_common></source><source id="BatRig_Spine-visibility-animation-interpolation"><Name_array id="BatRig_Spine-visibility-animation-interpolation-array" count="27">
 STEP STEP STEP STEP STEP STEP STEP STEP STEP STEP STEP STEP STEP STEP STEP STEP STEP
STEP STEP STEP STEP STEP STEP STEP STEP STEP BEZIER</Name_array><technique_common><accessor source="#BatRig_Spine-visibility-animation-interpolation-array" count="27"><param type="name"/></accessor></technique_common></source><sampler id="BatRig_Spine-visibility-animation"><input semantic="INPUT" source="#BatRig_Spine-visibility-animation-input"/><input semantic="OUTPUT" source="#BatRig_Spine-visibility-animation-output"/><input semantic="IN_TANGENT" source="#BatRig_Spine-visibility-animation-intan"/><input semantic="OUT_TANGENT" source="#BatRig_Spine-visibility-animation-outtan"/><input semantic="INTERPOLATION" source="#BatRig_Spine-visibility-animation-interpolation"/></sampler><channel source="#BatRig_Spine-visibility-animation" target="BatRig_Spine/visibility"/></animation></animation>
    <animation id="BatRig_Spine1-anim" name="BatRig_Spine1"><animation><source id="BatRig_Spine1-Matrix-animation-input"><float_array id="BatRig_Spine1-Matrix-animation-input-array" count="27">

0.000000 0.041667 0.083333 0.125000 0.166667 0.208333 0.250000 0.291667 0.333333 0.375000 0.416667 0.458333 0.500000 0.541667 0.583333 0.625000
0.666667 0.708333 0.750000 0.791667 0.833333 0.875000 0.916667 0.958333 1.000000 1.041667 1.083333</float_array><technique_common><accessor source="#BatRig_Spine1-Matrix-animation-input-array" count="27"><param name="TIME" type="float"/></accessor></technique_common></source><source id="BatRig_Spine1-Matrix-animation-output-transform"><float_array id="BatRig_Spine1-Matrix-animation-output-transform-array" count="432">

0.999684 -0.016520 -0.018963 -0.000004 0.014848 0.996257 -0.085152 10.999834 0.020299 0.084844 0.996187 0.000001 0.000000 0.000000 0.000000 1.000000
0.999684 -0.016520 -0.018963 -0.000004 0.014848 0.996257 -0.085152 10.999834 0.020299 0.084844 0.996187 0.000001 0.000000 0.000000 0.000000 1.000000
0.997596 -0.017860 -0.066962 -0.000004 0.012099 0.996267 -0.085468 10.999834 0.068239 0.084452 0.994088 0.000001 0.000000 0.000000 0.000000 1.000000
0.980346 -0.022794 -0.195964 -0.000004 0.005054 0.995879 -0.090554 10.999834 0.197220 0.087784 0.976421 0.000001 0.000000 0.000000 0.000000 1.000000
0.957660 -0.023162 -0.286968 -0.000004 -0.003175 0.995848 -0.090973 10.999834 0.287884 0.088032 0.953611 0.000001 0.000000 0.000000 0.000000 1.000000
0.951802 -0.149695 -0.267702 -0.000004 0.104512 0.978866 -0.175781 10.999834 0.288358 0.139331 0.947331 0.000001 0.000000 0.000000 0.000000 1.000000
0.953307 -0.159062 -0.256720 -0.000004 0.114306 0.976857 -0.180789 10.999834 0.279535 0.143003 0.949426 0.000001 0.000000 0.000000 0.000000 1.000000
0.953307 -0.159062 -0.256720 -0.000004 0.114306 0.976857 -0.180789 10.999834 0.279535 0.143003 0.949426 0.000001 0.000000 0.000000 0.000000 1.000000
0.953307 -0.159062 -0.256720 -0.000004 0.114306 0.976857 -0.180789 10.999834 0.279535 0.143003 0.949426 0.000001 0.000000 0.000000 0.000000 1.000000
0.953307 -0.159062 -0.256719 -0.000004 0.114306 0.976857 -0.180789 10.999834 0.279534 0.143003 0.949427 0.000001 0.000000 0.000000 0.000000 1.000000
0.953307 -0.159062 -0.256719 -0.000004 0.114306 0.976857 -0.180789 10.999834 0.279534 0.143003 0.949427 0.000001 0.000000 0.000000 0.000000 1.000000
0.953307 -0.159062 -0.256719 -0.000004 0.114306 0.976857 -0.180789 10.999834 0.279534 0.143003 0.949427 0.000001 0.000000 0.000000 0.000000 1.000000
0.953307 -0.159062 -0.256719 -0.000004 0.114306 0.976857 -0.180789 10.999834 0.279534 0.143003 0.949427 0.000001 0.000000 0.000000 0.000000 1.000000
0.953307 -0.159062 -0.256719 -0.000004 0.114306 0.976857 -0.180789 10.999834 0.279534 0.143003 0.949427 0.000001 0.000000 0.000000 0.000000 1.000000
0.953307 -0.159062 -0.256719 -0.000004 0.114306 0.976857 -0.180789 10.999834 0.279534 0.143003 0.949427 0.000001 0.000000 0.000000 0.000000 1.000000
0.953307 -0.159062 -0.256719 -0.000004 0.114306 0.976857 -0.180789 10.999834 0.279534 0.143003 0.949427 0.000001 0.000000 0.000000 0.000000 1.000000
0.953307 -0.159062 -0.256719 -0.000004 0.114306 0.976857 -0.180789 10.999834 0.279534 0.143003 0.949427 0.000001 0.000000 0.000000 0.000000 1.000000
0.965814 -0.071584 -0.249155 -0.000004 0.040138 0.990821 -0.129080 10.999834 0.256108 0.114667 0.959823 0.000001 0.000000 0.000000 0.000000 1.000000
0.976593 -0.047716 -0.209739 -0.000004 0.023953 0.993145 -0.114411 10.999834 0.213760 0.106709 0.971041 0.000001 0.000000 0.000000 0.000000 1.000000
0.990150 -0.038072 -0.134737 -0.000004 0.023560 0.993904 -0.107706 10.999834 0.138016 0.103471 0.985010 0.000001 0.000000 0.000000 0.000000 1.000000
0.996234 -0.035536 -0.079085 -0.000004 0.027112 0.994086 -0.105158 10.999834 0.082354 0.102618 0.991306 0.000001 0.000000 0.000000 0.000000 1.000000
0.999040 -0.017047 -0.040360 -0.000004 0.013063 0.995199 -0.096993 10.999834 0.041820 0.096373 0.994466 0.000001 0.000000 0.000000 0.000000 1.000000
0.999910 -0.007041 -0.011411 -0.000004 0.005949 0.995643 -0.093052 10.999834 0.012016 0.092976 0.995596 0.000001 0.000000 0.000000 0.000000 1.000000
0.999993 -0.001810 -0.003268 -0.000004 0.001504 0.995831 -0.091202 10.999834 0.003419 0.091196 0.995827 0.000001 0.000000 0.000000 0.000000 1.000000
1.000000 0.000724 -0.000464 -0.000004 -0.000763 0.995911 -0.090333 10.999834 0.000397 0.090333 0.995912 0.000001 0.000000 0.000000 0.000000 1.000000
0.999999 0.001448 0.000201 -0.000004 -0.001424 0.995933 -0.090086 10.999834 -0.000331 0.090086 0.995934 0.000001 0.000000 0.000000 0.000000 1.000000
0.999999 0.001448 0.000201 -0.000004 -0.001424 0.995933 -0.090086 10.999834 -0.000331 0.090086 0.995934 0.000001 0.000000 0.000000 0.000000 1.000000</float_array><technique_common><accessor source="#BatRig_Spine1-Matrix-animation-output-transform-array" count="27" stride="16"><param type="float4x4"/></accessor></technique_common></source><source id="BatRig_Spine1-Interpolations"><Name_array id="BatRig_Spine1-Interpolations-array" count="27">
 LINEAR LINEAR LINEAR LINEAR LINEAR LINEAR LINEAR LINEAR LINEAR LINEAR LINEAR
LINEAR LINEAR LINEAR LINEAR LINEAR LINEAR LINEAR LINEAR LINEAR LINEAR LINEAR LINEAR
LINEAR LINEAR LINEAR LINEAR</Name_array><technique_common><accessor source="#BatRig_Spine1-Interpolations-array" count="27"><param type="name"/></accessor></technique_common></source><sampler id="BatRig_Spine1-Matrix-animation-transform"><input semantic="INPUT" source="#BatRig_Spine1-Matrix-animation-input"/><input semantic="OUTPUT" source="#BatRig_Spine1-Matrix-animation-output-transform"/><input semantic="INTERPOLATION" source="#BatRig_Spine1-Interpolations"/></sampler><channel source="#BatRig_Spine1-Matrix-animation-transform" target="BatRig_Spine1/matrix"/></animation><animation><source id="BatRig_Spine1-visibility-animation-input"><float_array id="BatRig_Spine1-visibility-animation-input-array" count="27">

0.000000 0.041667 0.083333 0.125000 0.166667 0.208333 0.250000 0.291667 0.333333 0.375000 0.416667 0.458333 0.500000 0.541667 0.583333 0.625000
0.666667 0.708333 0.750000 0.791667 0.833333 0.875000 0.916667 0.958333 1.000000 1.041667 1.083333</float_array><technique_common><accessor source="#BatRig_Spine1-visibility-animation-input-array" count="27"><param name="TIME" type="float"/></accessor></technique_common></source><source id="BatRig_Spine1-visibility-animation-output"><float_array id="BatRig_Spine1-visibility-animation-output-array" count="27">

1.000000 1.000000 1.000000 1.000000 1.000000 1.000000 1.000000 1.000000 1.000000 1.000000 1.000000 1.000000 1.000000 1.000000 1.000000 1.000000
1.000000 1.000000 1.000000 1.000000 1.000000 1.000000 1.000000 1.000000 1.000000 1.000000 1.000000</float_array><technique_common><accessor source="#BatRig_Spine1-visibility-animation-output-array" count="27"><param type="float"/></accessor></technique_common></source><source id="BatRig_Spine1-visibility-animation-intan"><float_array id="BatRig_Spine1-visibility-animation-intan-array" count="27">

0.000000 0.000000 0.000000 0.000000 0.000000 0.000000 0.000000 0.000000 0.000000 0.000000 0.000000 0.000000 0.000000 0.000000 0.000000 0.000000
0.000000 0.000000 0.000000 0.000000 0.000000 0.000000 0.000000 0.000000 0.000000 0.000000 0.000000</float_array><technique_common><accessor source="#BatRig_Spine1-visibility-animation-intan-array" count="27"><param type="float"/></accessor></technique_common></source><source id="BatRig_Spine1-visibility-animation-outtan"><float_array id="BatRig_Spine1-visibility-animation-outtan-array" count="27">

0.000000 0.000000 0.000000 0.000000 0.000000 0.000000 0.000000 0.000000 0.000000 0.000000 0.000000 0.000000 0.000000 0.000000 0.000000 0.000000
0.000000 0.000000 0.000000 0.000000 0.000000 0.000000 0.000000 0.000000 0.000000 0.000000 0.000000</float_array><technique_common><accessor source="#BatRig_Spine1-visibility-animation-outtan-array" count="27"><param type="float"/></accessor></technique_common></source><source id="BatRig_Spine1-visibility-animation-interpolation"><Name_array id="BatRig_Spine1-visibility-animation-interpolation-array" count="27">
 STEP STEP STEP STEP STEP STEP STEP STEP STEP STEP STEP STEP STEP STEP STEP STEP STEP
STEP STEP STEP STEP STEP STEP STEP STEP STEP BEZIER</Name_array><technique_common><accessor source="#BatRig_Spine1-visibility-animation-interpolation-array" count="27"><param type="name"/></accessor></technique_common></source><sampler id="BatRig_Spine1-visibility-animation"><input semantic="INPUT" source="#BatRig_Spine1-visibility-animation-input"/><input semantic="OUTPUT" source="#BatRig_Spine1-visibility-animation-output"/><input semantic="IN_TANGENT" source="#BatRig_Spine1-visibility-animation-intan"/><input semantic="OUT_TANGENT" source="#BatRig_Spine1-visibility-animation-outtan"/><input semantic="INTERPOLATION" source="#BatRig_Spine1-visibility-animation-interpolation"/></sampler><channel source="#BatRig_Spine1-visibility-animation" target="BatRig_Spine1/visibility"/></animation></animation>
    <animation id="BatRig_Spine2-anim" name="BatRig_Spine2"><animation><source id="BatRig_Spine2-Matrix-animation-input"><float_array id="BatRig_Spine2-Matrix-animation-input-array" count="27">

0.000000 0.041667 0.083333 0.125000 0.166667 0.208333 0.250000 0.291667 0.333333 0.375000 0.416667 0.458333 0.500000 0.541667 0.583333 0.625000
0.666667 0.708333 0.750000 0.791667 0.833333 0.875000 0.916667 0.958333 1.000000 1.041667 1.083333</float_array><technique_common><accessor source="#BatRig_Spine2-Matrix-animation-input-array" count="27"><param name="TIME" type="float"/></accessor></technique_common></source><source id="BatRig_Spine2-Matrix-animation-output-transform"><float_array id="BatRig_Spine2-Matrix-animation-output-transform-array" count="432">

0.999652 -0.019915 -0.017272 -0.000007 0.018365 0.996153 -0.085689 11.776693 0.018912 0.085342 0.996172 0.000010 0.000000 0.000000 0.000000 1.000000
0.999652 -0.019915 -0.017272 -0.000007 0.018365 0.996153 -0.085689 11.776693 0.018912 0.085342 0.996172 0.000010 0.000000 0.000000 0.000000 1.000000
0.997571 -0.025284 -0.064912 -0.000007 0.019630 0.996075 -0.086307 11.776693 0.066839 0.084823 0.994152 0.000010 0.000000 0.000000 0.000000 1.000000
0.980336 -0.041190 -0.192987 -0.000007 0.023580 0.995417 -0.092674 11.776693 0.195920 0.086301 0.976815 0.000010 0.000000 0.000000 0.000000 1.000000
0.957680 -0.048984 -0.283637 -0.000007 0.022724 0.995204 -0.095146 11.776693 0.286937 0.084674 0.954200 0.000010 0.000000 0.000000 0.000000 1.000000
0.955796 -0.147350 -0.254446 -0.000007 0.094069 0.973127 -0.210179 11.776693 0.278578 0.176953 0.943971 0.000010 0.000000 0.000000 0.000000 1.000000
0.958224 -0.153745 -0.241183 -0.000007 0.101056 0.970843 -0.217376 11.776693 0.267571 0.183922 0.945822 0.000010 0.000000 0.000000 0.000000 1.000000
0.958224 -0.153745 -0.241183 -0.000007 0.101056 0.970843 -0.217376 11.776693 0.267571 0.183922 0.945822 0.000010 0.000000 0.000000 0.000000 1.000000
0.958224 -0.153745 -0.241183 -0.000007 0.101056 0.970843 -0.217376 11.776693 0.267571 0.183922 0.945822 0.000010 0.000000 0.000000 0.000000 1.000000
0.958224 -0.153745 -0.241183 -0.000007 0.101056 0.970843 -0.217376 11.776693 0.267571 0.183922 0.945822 0.000010 0.000000 0.000000 0.000000 1.000000
0.958224 -0.153744 -0.241182 -0.000007 0.101056 0.970843 -0.217376 11.776693 0.267570 0.183922 0.945822 0.000010 0.000000 0.000000 0.000000 1.000000
0.958224 -0.153745 -0.241183 -0.000007 0.101056 0.970843 -0.217376 11.776693 0.267571 0.183922 0.945822 0.000010 0.000000 0.000000 0.000000 1.000000
0.958224 -0.153745 -0.241183 -0.000007 0.101056 0.970843 -0.217376 11.776693 0.267571 0.183922 0.945822 0.000010 0.000000 0.000000 0.000000 1.000000
0.958224 -0.153745 -0.241183 -0.000007 0.101056 0.970843 -0.217376 11.776693 0.267571 0.183922 0.945822 0.000010 0.000000 0.000000 0.000000 1.000000
0.958224 -0.153745 -0.241183 -0.000007 0.101056 0.970843 -0.217376 11.776693 0.267571 0.183922 0.945822 0.000010 0.000000 0.000000 0.000000 1.000000
0.958224 -0.153745 -0.241183 -0.000007 0.101056 0.970843 -0.217376 11.776693 0.267571 0.183922 0.945822 0.000010 0.000000 0.000000 0.000000 1.000000
0.958224 -0.153745 -0.241183 -0.000007 0.101056 0.970843 -0.217376 11.776693 0.267571 0.183922 0.945822 0.000010 0.000000 0.000000 0.000000 1.000000
