<?xml version="1.0" encoding="utf-8"?>
<COLLADA xmlns="http://www.collada.org/2005/11/COLLADASchema" version="1.4.1">
  <asset><contributor><author></author><authoring_tool>FBX COLLADA exporter</authoring_tool><comments></comments></contributor><created>2017-08-30T19:23:31Z</created><keywords></keywords><modified>2017-08-30T19:23:31Z</modified><revision></revision><subject></subject><title></title><unit meter="0.010000" name="centimeter"></unit><up_axis>Y_UP</up_axis></asset>
  <library_animations>
    <animation id="BatRig_Reference-anim" name="BatRig_Reference"><animation><source id="BatRig_Reference-Matrix-animation-input"><float_array id="BatRig_Reference-Matrix-animation-input-array" count="22">

0.000000 0.041667 0.083333 0.125000 0.166667 0.208333 0.250000 0.291667 0.333333 0.375000 0.416667 0.458333 0.500000 0.541667 0.583333 0.625000
0.666667 0.708333 0.750000 0.791667 0.833333 0.875000</float_array><technique_common><accessor source="#BatRig_Reference-Matrix-animation-input-array" count="22"><param name="TIME" type="float"/></accessor></technique_common></source><source id="BatRig_Reference-Matrix-animation-output-transform"><float_array id="BatRig_Reference-Matrix-animation-output-transform-array" count="352">

1.000000 0.000000 0.000000 2.579679 0.000000 1.000000 0.000000 0.000000 0.000000 0.000000 1.000000 91.996552 0.000000 0.000000 0.000000 1.000000
1.000000 0.000000 0.000000 2.579679 0.000000 1.000000 0.000000 0.000000 0.000000 0.000000 1.000000 91.996552 0.000000 0.000000 0.000000 1.000000
1.000000 0.000000 0.000000 2.579697 0.000000 1.000000 0.000000 0.000000 0.000000 0.000000 1.000000 92.054733 0.000000 0.000000 0.000000 1.000000
1.000000 0.000000 0.000000 2.579709 0.000000 1.000000 0.000000 0.000000 0.000000 0.000000 1.000000 92.106720 0.000000 0.000000 0.000000 1.000000
1.000000 0.000000 0.000000 2.570325 0.000000 1.000000 0.000000 0.000000 0.000000 0.000000 1.000000 92.162949 0.000000 0.000000 0.000000 1.000000
1.000000 0.000000 0.000000 2.579678 0.000000 1.000000 0.000000 0.000000 0.000000 0.000000 1.000000 92.106728 0.000000 0.000000 0.000000 1.000000
1.000000 0.000000 0.000000 2.648999 0.000000 1.000000 0.000000 0.000000 0.000000 0.000000 1.000000 91.492546 0.000000 0.000000 0.000000 1.000000
1.000000 0.000000 0.000000 2.708705 0.000000 1.000000 0.000000 0.000000 0.000000 0.000000 1.000000 89.583710 0.000000 0.000000 0.000000 1.000000
1.000000 0.000000 0.000000 2.681050 0.000000 1.000000 0.000000 0.000000 0.000000 0.000000 1.000000 77.553436 0.000000 0.000000 0.000000 1.000000
1.000000 0.000000 0.000000 2.584621 0.000000 1.000000 0.000000 0.000000 0.000000 0.000000 1.000000 89.647270 0.000000 0.000000 0.000000 1.000000
1.000000 0.000000 0.000000 2.474558 0.000000 1.000000 0.000000 0.000000 0.000000 0.000000 1.000000 112.126846 0.000000 0.000000 0.000000 1.000000
1.000000 0.000000 0.000000 2.415461 0.000000 1.000000 0.000000 0.000000 0.000000 0.000000 1.000000 124.228119 0.000000 0.000000 0.000000 1.000000
1.000000 0.000000 0.000000 2.415461 0.000000 1.000000 0.000000 0.000000 0.000000 0.000000 1.000000 124.228119 0.000000 0.000000 0.000000 1.000000
1.000000 0.000000 0.000000 2.428029 0.000000 1.000000 0.000000 0.000000 0.000000 0.000000 1.000000 128.688843 0.000000 0.000000 0.000000 1.000000
1.000000 0.000000 0.000000 2.465833 0.000000 1.000000 0.000000 0.000000 0.000000 0.000000 1.000000 130.684174 0.000000 0.000000 0.000000 1.000000
1.000000 0.000000 0.000000 2.574609 0.000000 1.000000 0.000000 0.000000 0.000000 0.000000 1.000000 132.687317 0.000000 0.000000 0.000000 1.000000
1.000000 0.000000 0.000000 2.966844 0.000000 1.000000 0.000000 0.000000 0.000000 0.000000 1.000000 134.912628 0.000000 0.000000 0.000000 1.000000
1.000000 0.000000 0.000000 3.285052 0.000000 1.000000 0.000000 0.000000 0.000000 0.000000 1.000000 137.367828 0.000000 0.000000 0.000000 1.000000
1.000000 0.000000 0.000000 2.853137 0.000000 1.000000 0.000000 0.000000 0.000000 0.000000 1.000000 142.215988 0.000000 0.000000 0.000000 1.000000
1.000000 0.000000 0.000000 2.823234 0.000000 1.000000 0.000000 0.000000 0.000000 0.000000 1.000000 151.130676 0.000000 0.000000 0.000000 1.000000
1.000000 0.000000 0.000000 2.697978 0.000000 1.000000 0.000000 0.000000 0.000000 0.000000 1.000000 154.511230 0.000000 0.000000 0.000000 1.000000
1.000000 0.000000 0.000000 2.628311 0.000000 1.000000 0.000000 0.000000 0.000000 0.000000 1.000000 154.612473 0.000000 0.000000 0.000000 1.000000</float_array><technique_common><accessor source="#BatRig_Reference-Matrix-animation-output-transform-array" count="22" stride="16"><param type="float4x4"/></accessor></technique_common></source><source id="BatRig_Reference-Interpolations"><Name_array id="BatRig_Reference-Interpolations-array" count="22">
 LINEAR LINEAR LINEAR LINEAR LINEAR LINEAR LINEAR LINEAR LINEAR LINEAR LINEAR
LINEAR LINEAR LINEAR LINEAR LINEAR LINEAR LINEAR LINEAR LINEAR LINEAR LINEAR</Name_array><technique_common><accessor source="#BatRig_Reference-Interpolations-array" count="22"><param type="name"/></accessor></technique_common></source><sampler id="BatRig_Reference-Matrix-animation-transform"><input semantic="INPUT" source="#BatRig_Reference-Matrix-animation-input"/><input semantic="OUTPUT" source="#BatRig_Reference-Matrix-animation-output-transform"/><input semantic="INTERPOLATION" source="#BatRig_Reference-Interpolations"/></sampler><channel source="#BatRig_Reference-Matrix-animation-transform" target="BatRig_Reference/matrix"/></animation><animation><source id="BatRig_Reference-visibility-animation-input"><float_array id="BatRig_Reference-visibility-animation-input-array" count="22">

0.000000 0.041667 0.083333 0.125000 0.166667 0.208333 0.250000 0.291667 0.333333 0.375000 0.416667 0.458333 0.500000 0.541667 0.583333 0.625000
0.666667 0.708333 0.750000 0.791667 0.833333 0.875000</float_array><technique_common><accessor source="#BatRig_Reference-visibility-animation-input-array" count="22"><param name="TIME" type="float"/></accessor></technique_common></source><source id="BatRig_Reference-visibility-animation-output"><float_array id="BatRig_Reference-visibility-animation-output-array" count="22">

1.000000 1.000000 1.000000 1.000000 1.000000 1.000000 1.000000 1.000000 1.000000 1.000000 1.000000 1.000000 1.000000 1.000000 1.000000 1.000000
1.000000 1.000000 1.000000 1.000000 1.000000 1.000000</float_array><technique_common><accessor source="#BatRig_Reference-visibility-animation-output-array" count="22"><param type="float"/></accessor></technique_common></source><source id="BatRig_Reference-visibility-animation-intan"><float_array id="BatRig_Reference-visibility-animation-intan-array" count="22">

0.000000 0.000000 0.000000 0.000000 0.000000 0.000000 0.000000 0.000000 0.000000 0.000000 0.000000 0.000000 0.000000 0.000000 0.000000 0.000000
0.000000 0.000000 0.000000 0.000000 0.000000 0.000000</float_array><technique_common><accessor source="#BatRig_Reference-visibility-animation-intan-array" count="22"><param type="float"/></accessor></technique_common></source><source id="BatRig_Reference-visibility-animation-outtan"><float_array id="BatRig_Reference-visibility-animation-outtan-array" count="22">

0.000000 0.000000 0.000000 0.000000 0.000000 0.000000 0.000000 0.000000 0.000000 0.000000 0.000000 0.000000 0.000000 0.000000 0.000000 0.000000
0.000000 0.000000 0.000000 0.000000 0.000000 0.000000</float_array><technique_common><accessor source="#BatRig_Reference-visibility-animation-outtan-array" count="22"><param type="float"/></accessor></technique_common></source><source id="BatRig_Reference-visibility-animation-interpolation"><Name_array id="BatRig_Reference-visibility-animation-interpolation-array" count="22">
 STEP STEP STEP STEP STEP STEP STEP STEP STEP STEP STEP STEP STEP STEP STEP STEP STEP
STEP STEP STEP STEP BEZIER</Name_array><technique_common><accessor source="#BatRig_Reference-visibility-animation-interpolation-array" count="22"><param type="name"/></accessor></technique_common></source><sampler id="BatRig_Reference-visibility-animation"><input semantic="INPUT" source="#BatRig_Reference-visibility-animation-input"/><input semantic="OUTPUT" source="#BatRig_Reference-visibility-animation-output"/><input semantic="IN_TANGENT" source="#BatRig_Reference-visibility-animation-intan"/><input semantic="OUT_TANGENT" source="#BatRig_Reference-visibility-animation-outtan"/><input semantic="INTERPOLATION" source="#BatRig_Reference-visibility-animation-interpolation"/></sampler><channel source="#BatRig_Reference-visibility-animation" target="BatRig_Reference/visibility"/></animation></animation>
    <animation id="BatRig_Hips-anim" name="BatRig_Hips"><animation><source id="BatRig_Hips-Matrix-animation-input"><float_array id="BatRig_Hips-Matrix-animation-input-array" count="22">

0.000000 0.041667 0.083333 0.125000 0.166667 0.208333 0.250000 0.291667 0.333333 0.375000 0.416667 0.458333 0.500000 0.541667 0.583333 0.625000
0.666667 0.708333 0.750000 0.791667 0.833333 0.875000</float_array><technique_common><accessor source="#BatRig_Hips-Matrix-animation-input-array" count="22"><param name="TIME" type="float"/></accessor></technique_common></source><source id="BatRig_Hips-Matrix-animation-output-transform"><float_array id="BatRig_Hips-Matrix-animation-output-transform-array" count="352">

0.569283 -0.006438 0.822116 0.000000 0.075199 0.996185 -0.044271 79.441414 -0.818695 0.087025 0.567596 0.000000 0.000000 0.000000 0.000000 1.000000
0.569283 -0.006438 0.822116 0.000000 0.075199 0.996185 -0.044271 79.441414 -0.818695 0.087025 0.567596 0.000000 0.000000 0.000000 0.000000 1.000000
0.569285 -0.006439 0.822115 0.000000 0.099938 0.993096 -0.061425 80.346672 -0.816044 0.117129 0.565998 0.000000 0.000000 0.000000 0.000000 1.000000
0.569286 -0.006439 0.822114 0.000000 0.122126 0.989537 -0.076818 81.251785 -0.813018 0.144133 0.564116 0.000000 0.000000 0.000000 0.000000 1.000000
0.571546 -0.010868 0.820498 0.000000 0.147911 0.984898 -0.089986 80.318214 -0.807129 0.172792 0.564522 0.000000 0.000000 0.000000 0.000000 1.000000
0.569286 -0.006439 0.822114 0.000000 0.122126 0.989537 -0.076818 79.414185 -0.813018 0.144133 0.564116 0.000000 0.000000 0.000000 0.000000 1.000000
0.547671 0.025831 0.836295 0.000000 -0.061922 0.998034 0.009725 79.468628 -0.834399 -0.057111 0.548194 0.000000 0.000000 0.000000 0.000000 1.000000
0.519623 0.052673 0.852771 0.000000 -0.249621 0.963909 0.092565 79.438095 -0.817118 -0.260968 0.514018 0.000000 0.000000 0.000000 0.000000 1.000000
0.514617 0.056111 0.855582 0.000000 -0.281016 0.953778 0.106475 79.541412 -0.810061 -0.295226 0.506599 0.000000 0.000000 0.000000 0.000000 1.000000
0.522416 0.046158 0.851441 0.000000 -0.286766 0.949882 0.124455 81.496925 -0.803024 -0.309181 0.509470 0.000000 0.000000 0.000000 0.000000 1.000000
0.533834 0.032174 0.844977 0.000000 -0.290043 0.945620 0.147235 84.761543 -0.794290 -0.323679 0.514136 0.000000 0.000000 0.000000 0.000000 1.000000
0.542174 0.022086 0.839976 0.000000 -0.291903 0.942346 0.163635 86.483490 -0.787934 -0.333910 0.517362 0.000000 0.000000 0.000000 0.000000 1.000000
0.542174 0.022086 0.839976 0.000000 -0.291903 0.942346 0.163635 86.483490 -0.787934 -0.333910 0.517362 0.000000 0.000000 0.000000 0.000000 1.000000
0.533954 0.016332 0.845356 0.000000 -0.267804 0.951604 0.150769 85.910019 -0.801982 -0.306893 0.512486 0.000000 0.000000 0.000000 0.000000 1.000000
0.521976 0.012750 0.852865 0.000000 -0.233029 0.963981 0.128209 84.791214 -0.820511 -0.265664 0.506146 0.000000 0.000000 0.000000 0.000000 1.000000
0.511179 0.038899 0.858594 0.000000 -0.199357 0.977097 0.074423 83.289314 -0.836034 -0.209210 0.507226 0.000000 0.000000 0.000000 0.000000 1.000000
0.503426 0.199331 0.840732 0.000000 -0.159505 0.977742 -0.136304 80.845184 -0.849188 -0.065482 0.524015 0.000000 0.000000 0.000000 0.000000 1.000000
0.505184 0.313461 0.804072 0.000000 -0.116564 0.947950 -0.296316 77.689171 -0.855104 0.055968 0.515427 0.000000 0.000000 0.000000 0.000000 1.000000
0.493719 0.006204 0.869599 0.000000 -0.006532 0.999973 -0.003425 74.091759 -0.869597 -0.003989 0.493746 0.000000 0.000000 0.000000 0.000000 1.000000
0.704031 0.096856 0.703533 0.000000 -0.056310 0.995150 -0.080653 77.223518 -0.707933 0.017166 0.706071 0.000000 0.000000 0.000000 0.000000 1.000000
0.681955 0.071836 0.727858 0.000000 -0.026516 0.996939 -0.073549 79.279312 -0.730913 0.030857 0.681773 0.000000 0.000000 0.000000 0.000000 1.000000
0.620354 0.026454 0.783876 0.000000 0.021366 0.998490 -0.050606 79.419487 -0.784031 0.048142 0.618852 0.000000 0.000000 0.000000 0.000000 1.000000</float_array><technique_common><accessor source="#BatRig_Hips-Matrix-animation-output-transform-array" count="22" stride="16"><param type="float4x4"/></accessor></technique_common></source><source id="BatRig_Hips-Interpolations"><Name_array id="BatRig_Hips-Interpolations-array" count="22">
 LINEAR LINEAR LINEAR LINEAR LINEAR LINEAR LINEAR LINEAR LINEAR LINEAR LINEAR
LINEAR LINEAR LINEAR LINEAR LINEAR LINEAR LINEAR LINEAR LINEAR LINEAR LINEAR</Name_array><technique_common><accessor source="#BatRig_Hips-Interpolations-array" count="22"><param type="name"/></accessor></technique_common></source><sampler id="BatRig_Hips-Matrix-animation-transform"><input semantic="INPUT" source="#BatRig_Hips-Matrix-animation-input"/><input semantic="OUTPUT" source="#BatRig_Hips-Matrix-animation-output-transform"/><input semantic="INTERPOLATION" source="#BatRig_Hips-Interpolations"/></sampler><channel source="#BatRig_Hips-Matrix-animation-transform" target="BatRig_Hips/matrix"/></animation><animation><source id="BatRig_Hips-visibility-animation-input"><float_array id="BatRig_Hips-visibility-animation-input-array" count="22">

0.000000 0.041667 0.083333 0.125000 0.166667 0.208333 0.250000 0.291667 0.333333 0.375000 0.416667 0.458333 0.500000 0.541667 0.583333 0.625000
0.666667 0.708333 0.750000 0.791667 0.833333 0.875000</float_array><technique_common><accessor source="#BatRig_Hips-visibility-animation-input-array" count="22"><param name="TIME" type="float"/></accessor></technique_common></source><source id="BatRig_Hips-visibility-animation-output"><float_array id="BatRig_Hips-visibility-animation-output-array" count="22">

1.000000 1.000000 1.000000 1.000000 1.000000 1.000000 1.000000 1.000000 1.000000 1.000000 1.000000 1.000000 1.000000 1.000000 1.000000 1.000000
1.000000 1.000000 1.000000 1.000000 1.000000 1.000000</float_array><technique_common><accessor source="#BatRig_Hips-visibility-animation-output-array" count="22"><param type="float"/></accessor></technique_common></source><source id="BatRig_Hips-visibility-animation-intan"><float_array id="BatRig_Hips-visibility-animation-intan-array" count="22">

0.000000 0.000000 0.000000 0.000000 0.000000 0.000000 0.000000 0.000000 0.000000 0.000000 0.000000 0.000000 0.000000 0.000000 0.000000 0.000000
0.000000 0.000000 0.000000 0.000000 0.000000 0.000000</float_array><technique_common><accessor source="#BatRig_Hips-visibility-animation-intan-array" count="22"><param type="float"/></accessor></technique_common></source><source id="BatRig_Hips-visibility-animation-outtan"><float_array id="BatRig_Hips-visibility-animation-outtan-array" count="22">

0.000000 0.000000 0.000000 0.000000 0.000000 0.000000 0.000000 0.000000 0.000000 0.000000 0.000000 0.000000 0.000000 0.000000 0.000000 0.000000
0.000000 0.000000 0.000000 0.000000 0.000000 0.000000</float_array><technique_common><accessor source="#BatRig_Hips-visibility-animation-outtan-array" count="22"><param type="float"/></accessor></technique_common></source><source id="BatRig_Hips-visibility-animation-interpolation"><Name_array id="BatRig_Hips-visibility-animation-interpolation-array" count="22">
 STEP STEP STEP STEP STEP STEP STEP STEP STEP STEP STEP STEP STEP STEP STEP STEP STEP
STEP STEP STEP STEP BEZIER</Name_array><technique_common><accessor source="#BatRig_Hips-visibility-animation-interpolation-array" count="22"><param type="name"/></accessor></technique_common></source><sampler id="BatRig_Hips-visibility-animation"><input semantic="INPUT" source="#BatRig_Hips-visibility-animation-input"/><input semantic="OUTPUT" source="#BatRig_Hips-visibility-animation-output"/><input semantic="IN_TANGENT" source="#BatRig_Hips-visibility-animation-intan"/><input semantic="OUT_TANGENT" source="#BatRig_Hips-visibility-animation-outtan"/><input semantic="INTERPOLATION" source="#BatRig_Hips-visibility-animation-interpolation"/></sampler><channel source="#BatRig_Hips-visibility-animation" target="BatRig_Hips/visibility"/></animation></animation>
    <animation id="BatRig_Spine-anim" name="BatRig_Spine"><animation><source id="BatRig_Spine-Matrix-animation-input"><float_array id="BatRig_Spine-Matrix-animation-input-array" count="22">

0.000000 0.041667 0.083333 0.125000 0.166667 0.208333 0.250000 0.291667 0.333333 0.375000 0.416667 0.458333 0.500000 0.541667 0.583333 0.625000
0.666667 0.708333 0.750000 0.791667 0.833333 0.875000</float_array><technique_common><accessor source="#BatRig_Spine-Matrix-animation-input-array" count="22"><param name="TIME" type="float"/></accessor></technique_common></source><source id="BatRig_Spine-Matrix-animation-output-transform"><float_array id="BatRig_Spine-Matrix-animation-output-transform-array" count="352">

0.997810 0.059408 -0.029076 0.000006 -0.058297 0.997588 0.037673 3.725675 0.031244 -0.035895 0.998867 -0.000004 0.000000 0.000000 0.000000 1.000000
0.997810 0.059408 -0.029076 0.000006 -0.058297 0.997588 0.037673 3.725675 0.031244 -0.035895 0.998867 -0.000004 0.000000 0.000000 0.000000 1.000000
0.997810 0.059408 -0.029081 0.000006 -0.058297 0.997588 0.037673 3.725675 0.031249 -0.035895 0.998867 -0.000004 0.000000 0.000000 0.000000 1.000000
0.997810 0.059408 -0.029086 0.000006 -0.058297 0.997588 0.037673 3.725675 0.031254 -0.035895 0.998867 -0.000004 0.000000 0.000000 0.000000 1.000000
0.997810 0.059408 -0.029086 0.000006 -0.058297 0.997588 0.037673 3.725675 0.031254 -0.035895 0.998867 -0.000004 0.000000 0.000000 0.000000 1.000000
0.997810 0.059408 -0.029086 0.000006 -0.058297 0.997588 0.037673 3.725675 0.031254 -0.035895 0.998867 -0.000004 0.000000 0.000000 0.000000 1.000000
0.998265 0.051265 -0.028976 0.000006 -0.050319 0.998205 0.032485 3.725675 0.030589 -0.030971 0.999052 -0.000004 0.000000 0.000000 0.000000 1.000000
0.998299 0.050657 -0.028854 0.000006 -0.049727 0.998247 0.032092 3.725675 0.030429 -0.030603 0.999068 -0.000004 0.000000 0.000000 0.000000 1.000000
0.998090 0.054295 -0.029476 0.000006 -0.053244 0.997956 0.035346 3.725675 0.031335 -0.033709 0.998940 -0.000004 0.000000 0.000000 0.000000 1.000000
0.997653 0.059798 -0.033363 0.000006 -0.058212 0.997215 0.046630 3.725675 0.036058 -0.044578 0.998355 -0.000004 0.000000 0.000000 0.000000 1.000000
0.997415 0.060598 -0.038617 0.000006 -0.058699 0.997094 0.048552 3.725675 0.041447 -0.046160 0.998074 -0.000004 0.000000 0.000000 0.000000 1.000000
0.997298 0.060781 -0.041253 0.000006 -0.058737 0.997066 0.049077 3.725675 0.044115 -0.046521 0.997943 -0.000004 0.000000 0.000000 0.000000 1.000000
0.997298 0.060781 -0.041253 0.000006 -0.058737 0.997066 0.049077 3.725675 0.044115 -0.046521 0.997943 -0.000004 0.000000 0.000000 0.000000 1.000000
0.991299 0.125081 -0.040993 0.000006 -0.123457 0.991543 0.040009 3.725675 0.045651 -0.034600 0.998358 -0.000004 0.000000 0.000000 0.000000 1.000000
0.990081 0.134406 -0.040928 0.000006 -0.132848 0.990381 0.038685 3.725675 0.045734 -0.032864 0.998413 -0.000004 0.000000 0.000000 0.000000 1.000000
0.989790 0.136537 -0.040906 0.000006 -0.134994 0.990103 0.038381 3.725675 0.045742 -0.032467 0.998426 -0.000004 0.000000 0.000000 0.000000 1.000000
0.987870 0.148979 -0.043800 0.000006 -0.147318 0.988320 0.038987 3.725675 0.049097 -0.032062 0.998279 -0.000004 0.000000 0.000000 0.000000 1.000000
0.987449 0.149906 -0.049729 0.000006 -0.148008 0.988181 0.039893 3.725675 0.055121 -0.032032 0.997966 -0.000004 0.000000 0.000000 0.000000 1.000000
0.986809 0.150901 -0.058619 0.000006 -0.148637 0.988031 0.041256 3.725675 0.064143 -0.031999 0.997428 -0.000004 0.000000 0.000000 0.000000 1.000000
0.995430 0.086090 -0.041323 0.000006 -0.084515 0.995680 0.038454 3.725675 0.044455 -0.034786 0.998406 -0.000004 0.000000 0.000000 0.000000 1.000000
0.997536 0.063460 -0.029907 0.000006 -0.062318 0.997345 0.037685 3.725675 0.032219 -0.035728 0.998842 -0.000004 0.000000 0.000000 0.000000 1.000000
0.997761 0.060163 -0.029200 0.000006 -0.059047 0.997544 0.037673 3.725675 0.031395 -0.035864 0.998863 -0.000004 0.000000 0.000000 0.000000 1.000000</float_array><technique_common><accessor source="#BatRig_Spine-Matrix-animation-output-transform-array" count="22" stride="16"><param type="float4x4"/></accessor></technique_common></source><source id="BatRig_Spine-Interpolations"><Name_array id="BatRig_Spine-Interpolations-array" count="22">
 LINEAR LINEAR LINEAR LINEAR LINEAR LINEAR LINEAR LINEAR LINEAR LINEAR LINEAR
LINEAR LINEAR LINEAR LINEAR LINEAR LINEAR LINEAR LINEAR LINEAR LINEAR LINEAR</Name_array><technique_common><accessor source="#BatRig_Spine-Interpolations-array" count="22"><param type="name"/></accessor></technique_common></source><sampler id="BatRig_Spine-Matrix-animation-transform"><input semantic="INPUT" source="#BatRig_Spine-Matrix-animation-input"/><input semantic="OUTPUT" source="#BatRig_Spine-Matrix-animation-output-transform"/><input semantic="INTERPOLATION" source="#BatRig_Spine-Interpolations"/></sampler><channel source="#BatRig_Spine-Matrix-animation-transform" target="BatRig_Spine/matrix"/></animation><animation><source id="BatRig_Spine-visibility-animation-input"><float_array id="BatRig_Spine-visibility-animation-input-array" count="22">

0.000000 0.041667 0.083333 0.125000 0.166667 0.208333 0.250000 0.291667 0.333333 0.375000 0.416667 0.458333 0.500000 0.541667 0.583333 0.625000
0.666667 0.708333 0.750000 0.791667 0.833333 0.875000</float_array><technique_common><accessor source="#BatRig_Spine-visibility-animation-input-array" count="22"><param name="TIME" type="float"/></accessor></technique_common></source><source id="BatRig_Spine-visibility-animation-output"><float_array id="BatRig_Spine-visibility-animation-output-array" count="22">

1.000000 1.000000 1.000000 1.000000 1.000000 1.000000 1.000000 1.000000 1.000000 1.000000 1.000000 1.000000 1.000000 1.000000 1.000000 1.000000
1.000000 1.000000 1.000000 1.000000 1.000000 1.000000</float_array><technique_common><accessor source="#BatRig_Spine-visibility-animation-output-array" count="22"><param type="float"/></accessor></technique_common></source><source id="BatRig_Spine-visibility-animation-intan"><float_array id="BatRig_Spine-visibility-animation-intan-array" count="22">

0.000000 0.000000 0.000000 0.000000 0.000000 0.000000 0.000000 0.000000 0.000000 0.000000 0.000000 0.000000 0.000000 0.000000 0.000000 0.000000
0.000000 0.000000 0.000000 0.000000 0.000000 0.000000</float_array><technique_common><accessor source="#BatRig_Spine-visibility-animation-intan-array" count="22"><param type="float"/></accessor></technique_common></source><source id="BatRig_Spine-visibility-animation-outtan"><float_array id="BatRig_Spine-visibility-animation-outtan-array" count="22">

0.000000 0.000000 0.000000 0.000000 0.000000 0.000000 0.000000 0.000000 0.000000 0.000000 0.000000 0.000000 0.000000 0.000000 0.000000 0.000000
0.000000 0.000000 0.000000 0.000000 0.000000 0.000000</float_array><technique_common><accessor source="#BatRig_Spine-visibility-animation-outtan-array" count="22"><param type="float"/></accessor></technique_common></source><source id="BatRig_Spine-visibility-animation-interpolation"><Name_array id="BatRig_Spine-visibility-animation-interpolation-array" count="22">
 STEP STEP STEP STEP STEP STEP STEP STEP STEP STEP STEP STEP STEP STEP STEP STEP STEP
STEP STEP STEP STEP BEZIER</Name_array><technique_common><accessor source="#BatRig_Spine-visibility-animation-interpolation-array" count="22"><param type="name"/></accessor></technique_common></source><sampler id="BatRig_Spine-visibility-animation"><input semantic="INPUT" source="#BatRig_Spine-visibility-animation-input"/><input semantic="OUTPUT" source="#BatRig_Spine-visibility-animation-output"/><input semantic="IN_TANGENT" source="#BatRig_Spine-visibility-animation-intan"/><input semantic="OUT_TANGENT" source="#BatRig_Spine-visibility-animation-outtan"/><input semantic="INTERPOLATION" source="#BatRig_Spine-visibility-animation-interpolation"/></sampler><channel source="#BatRig_Spine-visibility-animation" target="BatRig_Spine/visibility"/></animation></animation>
    <animation id="BatRig_Spine1-anim" name="BatRig_Spine1"><animation><source id="BatRig_Spine1-Matrix-animation-input"><float_array id="BatRig_Spine1-Matrix-animation-input-array" count="22">

0.000000 0.041667 0.083333 0.125000 0.166667 0.208333 0.250000 0.291667 0.333333 0.375000 0.416667 0.458333 0.500000 0.541667 0.583333 0.625000
0.666667 0.708333 0.750000 0.791667 0.833333 0.875000</float_array><technique_common><accessor source="#BatRig_Spine1-Matrix-animation-input-array" count="22"><param name="TIME" type="float"/></accessor></technique_common></source><source id="BatRig_Spine1-Matrix-animation-output-transform"><float_array id="BatRig_Spine1-Matrix-animation-output-transform-array" count="352">

0.999999 0.001448 0.000198 -0.000004 -0.001424 0.995933 -0.090086 10.999834 -0.000328 0.090086 0.995934 0.000001 0.000000 0.000000 0.000000 1.000000
0.999999 0.001448 0.000198 -0.000004 -0.001424 0.995933 -0.090086 10.999834 -0.000328 0.090086 0.995934 0.000001 0.000000 0.000000 0.000000 1.000000
0.999999 0.001448 0.000200 -0.000004 -0.001424 0.995933 -0.090086 10.999834 -0.000330 0.090086 0.995934 0.000001 0.000000 0.000000 0.000000 1.000000
0.999999 0.001448 0.000201 -0.000004 -0.001424 0.995933 -0.090086 10.999834 -0.000331 0.090086 0.995934 0.000001 0.000000 0.000000 0.000000 1.000000
0.999999 0.001448 0.000201 -0.000004 -0.001424 0.995933 -0.090086 10.999834 -0.000331 0.090086 0.995934 0.000001 0.000000 0.000000 0.000000 1.000000
0.999999 0.001448 0.000201 -0.000004 -0.001424 0.995933 -0.090086 10.999834 -0.000331 0.090086 0.995934 0.000001 0.000000 0.000000 0.000000 1.000000
0.997551 -0.069582 0.007074 -0.000004 0.069896 0.988188 -0.136379 10.999834 0.002499 0.136539 0.990632 0.000001 0.000000 0.000000 0.000000 1.000000
0.997096 -0.074869 0.013941 -0.000004 0.076083 0.987323 -0.139299 10.999834 -0.003335 0.139955 0.990152 0.000001 0.000000 0.000000 0.000000 1.000000
0.999542 -0.027742 0.012066 -0.000004 0.028893 0.993630 -0.108927 10.999834 -0.008967 0.109226 0.993976 0.000001 0.000000 0.000000 0.000000 1.000000
0.999825 -0.010852 -0.015222 -0.000004 0.008541 0.989476 -0.144447 10.999834 0.016629 0.144292 0.989395 0.000001 0.000000 0.000000 0.000000 1.000000
0.998171 -0.008393 -0.059864 -0.000004 -0.000659 0.988744 -0.149616 10.999834 0.060446 0.149382 0.986930 0.000001 0.000000 0.000000 0.000000 1.000000
0.996496 -0.007831 -0.083275 -0.000004 -0.004823 0.988572 -0.150671 10.999834 0.083503 0.150545 0.985070 0.000001 0.000000 0.000000 0.000000 1.000000
0.996496 -0.007831 -0.083275 -0.000004 -0.004823 0.988572 -0.150671 10.999834 0.083503 0.150545 0.985070 0.000001 0.000000 0.000000 0.000000 1.000000
0.998420 -0.008319 -0.055574 -0.000004 0.002440 0.994467 -0.105022 10.999834 0.056140 0.104720 0.992916 0.000001 0.000000 0.000000 0.000000 1.000000
0.999806 -0.008389 -0.017836 -0.000004 0.006599 0.995148 -0.098164 10.999834 0.018573 0.098027 0.995010 0.000001 0.000000 0.000000 0.000000 1.000000
0.999963 -0.008406 0.001754 -0.000004 0.008536 0.995298 -0.096485 10.999834 -0.000935 0.096496 0.995333 0.000001 0.000000 0.000000 0.000000 1.000000
0.999963 -0.008406 0.001754 -0.000004 0.008536 0.995298 -0.096485 10.999834 -0.000935 0.096496 0.995333 0.000001 0.000000 0.000000 0.000000 1.000000
0.999963 -0.008406 0.001754 -0.000004 0.008536 0.995298 -0.096485 10.999834 -0.000935 0.096496 0.995333 0.000001 0.000000 0.000000 0.000000 1.000000
0.999963 -0.008406 0.001753 -0.000004 0.008536 0.995298 -0.096485 10.999834 -0.000934 0.096496 0.995333 0.000001 0.000000 0.000000 0.000000 1.000000
0.999999 -0.001416 0.000837 -0.000004 0.001487 0.995763 -0.091950 10.999834 -0.000703 0.091951 0.995763 0.000001 0.000000 0.000000 0.000000 1.000000
0.999999 0.001013 0.000244 -0.000004 -0.000987 0.995908 -0.090369 10.999834 -0.000335 0.090369 0.995908 0.000001 0.000000 0.000000 0.000000 1.000000
0.999999 0.001367 0.000208 -0.000004 -0.001343 0.995928 -0.090139 10.999834 -0.000330 0.090139 0.995929 0.000001 0.000000 0.000000 0.000000 1.000000</float_array><technique_common><accessor source="#BatRig_Spine1-Matrix-animation-output-transform-array" count="22" stride="16"><param type="float4x4"/></accessor></technique_common></source><source id="BatRig_Spine1-Interpolations"><Name_array id="BatRig_Spine1-Interpolations-array" count="22">
 LINEAR LINEAR LINEAR LINEAR LINEAR LINEAR LINEAR LINEAR LINEAR LINEAR LINEAR
LINEAR LINEAR LINEAR LINEAR LINEAR LINEAR LINEAR LINEAR LINEAR LINEAR LINEAR</Name_array><technique_common><accessor source="#BatRig_Spine1-Interpolations-array" count="22"><param type="name"/></accessor></technique_common></source><sampler id="BatRig_Spine1-Matrix-animation-transform"><input semantic="INPUT" source="#BatRig_Spine1-Matrix-animation-input"/><input semantic="OUTPUT" source="#BatRig_Spine1-Matrix-animation-output-transform"/><input semantic="INTERPOLATION" source="#BatRig_Spine1-Interpolations"/></sampler><channel source="#BatRig_Spine1-Matrix-animation-transform" target="BatRig_Spine1/matrix"/></animation><animation><source id="BatRig_Spine1-visibility-animation-input"><float_array id="BatRig_Spine1-visibility-animation-input-array" count="22">

0.000000 0.041667 0.083333 0.125000 0.166667 0.208333 0.250000 0.291667 0.333333 0.375000 0.416667 0.458333 0.500000 0.541667 0.583333 0.625000
0.666667 0.708333 0.750000 0.791667 0.833333 0.875000</float_array><technique_common><accessor source="#BatRig_Spine1-visibility-animation-input-array" count="22"><param name="TIME" type="float"/></accessor></technique_common></source><source id="BatRig_Spine1-visibility-animation-output"><float_array id="BatRig_Spine1-visibility-animation-output-array" count="22">

1.000000 1.000000 1.000000 1.000000 1.000000 1.000000 1.000000 1.000000 1.000000 1.000000 1.000000 1.000000 1.000000 1.000000 1.000000 1.000000
1.000000 1.000000 1.000000 1.000000 1.000000 1.000000</float_array><technique_common><accessor source="#BatRig_Spine1-visibility-animation-output-array" count="22"><param type="float"/></accessor></technique_common></source><source id="BatRig_Spine1-visibility-animation-intan"><float_array id="BatRig_Spine1-visibility-animation-intan-array" count="22">

0.000000 0.000000 0.000000 0.000000 0.000000 0.000000 0.000000 0.000000 0.000000 0.000000 0.000000 0.000000 0.000000 0.000000 0.000000 0.000000
0.000000 0.000000 0.000000 0.000000 0.000000 0.000000</float_array><technique_common><accessor source="#BatRig_Spine1-visibility-animation-intan-array" count="22"><param type="float"/></accessor></technique_common></source><source id="BatRig_Spine1-visibility-animation-outtan"><float_array id="BatRig_Spine1-visibility-animation-outtan-array" count="22">

0.000000 0.000000 0.000000 0.000000 0.000000 0.000000 0.000000 0.000000 0.000000 0.000000 0.000000 0.000000 0.000000 0.000000 0.000000 0.000000
0.000000 0.000000 0.000000 0.000000 0.000000 0.000000</float_array><technique_common><accessor source="#BatRig_Spine1-visibility-animation-outtan-array" count="22"><param type="float"/></accessor></technique_common></source><source id="BatRig_Spine1-visibility-animation-interpolation"><Name_array id="BatRig_Spine1-visibility-animation-interpolation-array" count="22">
 STEP STEP STEP STEP STEP STEP STEP STEP STEP STEP STEP STEP STEP STEP STEP STEP STEP
STEP STEP STEP STEP BEZIER</Name_array><technique_common><accessor source="#BatRig_Spine1-visibility-animation-interpolation-array" count="22"><param type="name"/></accessor></technique_common></source><sampler id="BatRig_Spine1-visibility-animation"><input semantic="INPUT" source="#BatRig_Spine1-visibility-animation-input"/><input semantic="OUTPUT" source="#BatRig_Spine1-visibility-animation-output"/><input semantic="IN_TANGENT" source="#BatRig_Spine1-visibility-animation-intan"/><input semantic="OUT_TANGENT" source="#BatRig_Spine1-visibility-animation-outtan"/><input semantic="INTERPOLATION" source="#BatRig_Spine1-visibility-animation-interpolation"/></sampler><channel source="#BatRig_Spine1-visibility-animation" target="BatRig_Spine1/visibility"/></animation></animation>
    <animation id="BatRig_Spine2-anim" name="BatRig_Spine2"><animation><source id="BatRig_Spine2-Matrix-animation-input"><float_array id="BatRig_Spine2-Matrix-animation-input-array" count="22">

0.000000 0.041667 0.083333 0.125000 0.166667 0.208333 0.250000 0.291667 0.333333 0.375000 0.416667 0.458333 0.500000 0.541667 0.583333 0.625000
0.666667 0.708333 0.750000 0.791667 0.833333 0.875000</float_array><technique_common><accessor source="#BatRig_Spine2-Matrix-animation-input-array" count="22"><param name="TIME" type="float"/></accessor></technique_common></source><source id="BatRig_Spine2-Matrix-animation-output-transform"><float_array id="BatRig_Spine2-Matrix-animation-output-transform-array" count="352">

0.999999 0.001456 0.000140 -0.000007 -0.001437 0.995933 -0.090086 11.776693 -0.000271 0.090086 0.995934 0.000010 0.000000 0.000000 0.000000 1.000000
0.999999 0.001456 0.000140 -0.000007 -0.001437 0.995933 -0.090086 11.776693 -0.000271 0.090086 0.995934 0.000010 0.000000 0.000000 0.000000 1.000000
0.999999 0.001456 0.000141 -0.000007 -0.001437 0.995933 -0.090087 11.776693 -0.000272 0.090087 0.995934 0.000010 0.000000 0.000000 0.000000 1.000000
0.999999 0.001456 0.000141 -0.000007 -0.001437 0.995933 -0.090087 11.776693 -0.000272 0.090087 0.995934 0.000010 0.000000 0.000000 0.000000 1.000000
0.999999 0.001456 0.000141 -0.000007 -0.001437 0.995933 -0.090087 11.776693 -0.000272 0.090087 0.995934 0.000010 0.000000 0.000000 0.000000 1.000000
0.999999 0.001456 0.000141 -0.000007 -0.001437 0.995933 -0.090087 11.776693 -0.000272 0.090087 0.995934 0.000010 0.000000 0.000000 0.000000 1.000000
0.997555 -0.068643 0.013125 -0.000007 0.069792 0.988227 -0.136149 11.776693 -0.003625 0.136732 0.990601 0.000010 0.000000 0.000000 0.000000 1.000000
0.997092 -0.073315 0.020772 -0.000007 0.075499 0.987409 -0.139010 11.776693 -0.010319 0.140174 0.990073 0.000010 0.000000 0.000000 0.000000 1.000000
0.999534 -0.026578 0.014981 -0.000007 0.028054 0.993659 -0.108878 11.776693 -0.011992 0.109248 0.993942 0.000010 0.000000 0.000000 0.000000 1.000000
0.999828 -0.012210 -0.013953 -0.000007 0.010076 0.989539 -0.143915 11.776693 0.015564 0.143750 0.989492 0.000010 0.000000 0.000000 0.000000 1.000000
0.998165 -0.013448 -0.059036 -0.000007 0.004500 0.988803 -0.149161 11.776693 0.060381 0.148622 0.987049 0.000010 0.000000 0.000000 0.000000 1.000000
0.996473 -0.014811 -0.082593 -0.000007 0.002233 0.988631 -0.150344 11.776693 0.083881 0.149629 0.985178 0.000010 0.000000 0.000000 0.000000 1.000000
0.996473 -0.014811 -0.082593 -0.000007 0.002233 0.988631 -0.150344 11.776693 0.083881 0.149629 0.985178 0.000010 0.000000 0.000000 0.000000 1.000000
0.998413 -0.012845 -0.054828 -0.000007 0.007025 0.994442 -0.105049 11.776693 0.055873 0.104497 0.992954 0.000010 0.000000 0.000000 0.000000 1.000000
0.999807 -0.009809 -0.017035 -0.000007 0.008091 0.995138 -0.098153 11.776693 0.017915 0.097996 0.995026 0.000010 0.000000 0.000000 0.000000 1.000000
0.999963 -0.008220 0.002584 -0.000007 0.008431 0.995300 -0.096477 11.776693 -0.001779 0.096495 0.995332 0.000010 0.000000 0.000000 0.000000 1.000000
0.999963 -0.008220 0.002585 -0.000007 0.008431 0.995299 -0.096478 11.776693 -0.001780 0.096496 0.995332 0.000010 0.000000 0.000000 0.000000 1.000000
0.999963 -0.008220 0.002585 -0.000007 0.008431 0.995299 -0.096478 11.776693 -0.001780 0.096496 0.995332 0.000010 0.000000 0.000000 0.000000 1.000000
0.999963 -0.008220 0.002585 -0.000007 0.008431 0.995299 -0.096478 11.776693 -0.001780 0.096496 0.995332 0.000010 0.000000 0.000000 0.000000 1.000000
0.999999 -0.001342 0.001046 -0.000007 0.001432 0.995763 -0.091949 11.776693 -0.000918 0.091950 0.995763 0.000010 0.000000 0.000000 0.000000 1.000000
0.999999 0.001026 0.000221 -0.000007 -0.001002 0.995908 -0.090369 11.776693 -0.000313 0.090369 0.995908 0.000010 0.000000 0.000000 0.000000 1.000000
0.999999 0.001375 0.000153 -0.000007 -0.001356 0.995928 -0.090139 11.776693 -0.000276 0.090139 0.995929 0.000010 0.000000 0.000000 0.000000 1.000000</float_array><technique_common><accessor source="#BatRig_Spine2-Matrix-animation-output-transform-array" count="22" stride="16"><param type="float4x4"/></accessor></technique_common></source><source id="BatRig_Spine2-Interpolations"><Name_array id="BatRig_Spine2-Interpolations-array" count="22">
 LINEAR LINEAR LINEAR LINEAR LINEAR LINEAR LINEAR LINEAR LINEAR LINEAR LINEAR
LINEAR LINEAR LINEAR LINEAR LINEAR LINEAR LINEAR LINEAR LINEAR LINEAR LINEAR</Name_array><technique_common><accessor source="#BatRig_Spine2-Interpolations-array" count="22"><param type="name"/></accessor></technique_common></source><sampler id="BatRig_Spine2-Matrix-animation-transform"><input semantic="INPUT" source="#BatRig_Spine2-Matrix-animation-input"/><input semantic="OUTPUT" source="#BatRig_Spine2-Matrix-animation-output-transform"/><input semantic="INTERPOLATION" source="#BatRig_Spine2-Interpolations"/></sampler><channel source="#BatRig_Spine2-Matrix-animation-transform" target="BatRig_Spine2/matrix"/></animation><animation><source id="BatRig_Spine2-visibility-animation-input"><float_array id="BatRig_Spine2-visibility-animation-input-array" count="22">

0.000000 0.041667 0.083333 0.125000 0.166667 0.208333 0.250000 0.291667 0.333333 0.375000 0.416667 0.458333 0.500000 0.541667 0.583333 0.625000
0.666667 0.708333 0.750000 0.791667 0.833333 0.875000</float_array><technique_common><accessor source="#BatRig_Spine2-visibility-animation-input-array" count="22"><param name="TIME" type="float"/></accessor></technique_common></source><source id="BatRig_Spine2-visibility-animation-output"><float_array id="BatRig_Spine2-visibility-animation-output-array" count="22">

1.000000 1.000000 1.000000 1.000000 1.000000 1.000000 1.000000 1.000000 1.000000 1.000000 1.000000 1.000000 1.000000 1.000000 1.000000 1.000000
1.000000 1.000000 1.000000 1.000000 1.000000 1.000000</float_array><technique_common><accessor source="#BatRig_Spine2-visibility-animation-output-array" count="22"><param type="float"/></accessor></technique_common></source><source id="BatRig_Spine2-visibility-animation-intan"><float_array id="BatRig_Spine2-visibility-animation-intan-array" count="22">

0.000000 0.000000 0.000000 0.000000 0.000000 0.000000 0.000000 0.000000 0.000000 0.000000 0.000000 0.000000 0.000000 0.000000 0.000000 0.000000
0.000000 0.000000 0.000000 0.000000 0.000000 0.000000</float_array><technique_common><accessor source="#BatRig_Spine2-visibility-animation-intan-array" count="22"><param type="float"/></accessor></technique_common></source><source id="BatRig_Spine2-visibility-animation-outtan"><float_array id="BatRig_Spine2-visibility-animation-outtan-array" count="22">

0.000000 0.000000 0.000000 0.000000 0.000000 0.000000 0.000000 0.000000 0.000000 0.000000 0.000000 0.000000 0.000000 0.000000 0.000000 0.000000
0.000000 0.000000 0.000000 0.000000 0.000000 0.000000</float_array><technique_common><accessor source="#BatRig_Spine2-visibility-animation-outtan-array" count="22"><param type="float"/></accessor></technique_common></source><source id="BatRig_Spine2-visibility-animation-interpolation"><Name_array id="BatRig_Spine2-visibility-animation-interpolation-array" count="22">
 STEP STEP STEP STEP STEP STEP STEP STEP STEP STEP STEP STEP STEP STEP STEP STEP STEP
