<?xml version="1.0" encoding="utf-8"?>
<COLLADA xmlns="http://www.collada.org/2005/11/COLLADASchema" version="1.4.1">
  <asset><contributor><author></author><authoring_tool>FBX COLLADA exporter</authoring_tool><comments></comments></contributor><created>2017-08-30T19:22:54Z</created><keywords></keywords><modified>2017-08-30T19:22:54Z</modified><revision></revision><subject></subject><title></title><unit meter="0.010000" name="centimeter"></unit><up_axis>Y_UP</up_axis></asset>
  <library_animations>
    <animation id="BatRig_Reference-anim" name="BatRig_Reference"><animation><source id="BatRig_Reference-Matrix-animation-input"><float_array id="BatRig_Reference-Matrix-animation-input-array" count="20">

0.000000 0.041667 0.083333 0.125000 0.166667 0.208333 0.250000 0.291667 0.333333 0.375000 0.416667 0.458333 0.500000 0.541667 0.583333 0.625000
0.666667 0.708333 0.750000 0.791667</float_array><technique_common><accessor source="#BatRig_Reference-Matrix-animation-input-array" count="20"><param name="TIME" type="float"/></accessor></technique_common></source><source id="BatRig_Reference-Matrix-animation-output-transform"><float_array id="BatRig_Reference-Matrix-animation-output-transform-array" count="320">

1.000000 0.000000 0.000000 2.577131 0.000000 1.000000 0.000000 0.000000 0.000000 0.000000 1.000000 48.783001 0.000000 0.000000 0.000000 1.000000
1.000000 0.000000 0.000000 2.577131 0.000000 1.000000 0.000000 0.000000 0.000000 0.000000 1.000000 48.783001 0.000000 0.000000 0.000000 1.000000
1.000000 0.000000 0.000000 2.657102 0.000000 1.000000 0.000000 0.000000 0.000000 0.000000 1.000000 47.777676 0.000000 0.000000 0.000000 1.000000
1.000000 0.000000 0.000000 2.311856 0.000000 1.000000 0.000000 0.000000 0.000000 0.000000 1.000000 63.998001 0.000000 0.000000 0.000000 1.000000
1.000000 0.000000 0.000000 2.428711 0.000000 1.000000 0.000000 0.000000 0.000000 0.000000 1.000000 90.737450 0.000000 0.000000 0.000000 1.000000
1.000000 0.000000 0.000000 5.286356 0.000000 1.000000 0.000000 0.000000 0.000000 0.000000 1.000000 103.011536 0.000000 0.000000 0.000000 1.000000
1.000000 0.000000 0.000000 7.368416 0.000000 1.000000 0.000000 0.000000 0.000000 0.000000 1.000000 111.857788 0.000000 0.000000 0.000000 1.000000
1.000000 0.000000 0.000000 7.989548 0.000000 1.000000 0.000000 0.000000 0.000000 0.000000 1.000000 117.068039 0.000000 0.000000 0.000000 1.000000
1.000000 0.000000 0.000000 8.293321 0.000000 1.000000 0.000000 0.000000 0.000000 0.000000 1.000000 116.814278 0.000000 0.000000 0.000000 1.000000
1.000000 0.000000 0.000000 8.499607 0.000000 1.000000 0.000000 0.000000 0.000000 0.000000 1.000000 116.174171 0.000000 0.000000 0.000000 1.000000
1.000000 0.000000 0.000000 8.598366 0.000000 1.000000 0.000000 0.000000 0.000000 0.000000 1.000000 115.624298 0.000000 0.000000 0.000000 1.000000
1.000000 0.000000 0.000000 8.602188 0.000000 1.000000 0.000000 0.000000 0.000000 0.000000 1.000000 115.452415 0.000000 0.000000 0.000000 1.000000
1.000000 0.000000 0.000000 8.385919 0.000000 1.000000 0.000000 0.000000 0.000000 0.000000 1.000000 115.584351 0.000000 0.000000 0.000000 1.000000
1.000000 0.000000 0.000000 8.078678 0.000000 1.000000 0.000000 0.000000 0.000000 0.000000 1.000000 115.752243 0.000000 0.000000 0.000000 1.000000
1.000000 0.000000 0.000000 7.504549 0.000000 1.000000 0.000000 0.000000 0.000000 0.000000 1.000000 116.157616 0.000000 0.000000 0.000000 1.000000
1.000000 0.000000 0.000000 7.124736 0.000000 1.000000 0.000000 0.000000 0.000000 0.000000 1.000000 116.603867 0.000000 0.000000 0.000000 1.000000
1.000000 0.000000 0.000000 7.127961 0.000000 1.000000 0.000000 0.000000 0.000000 0.000000 1.000000 117.074806 0.000000 0.000000 0.000000 1.000000
1.000000 0.000000 0.000000 11.429623 0.000000 1.000000 0.000000 0.000000 0.000000 0.000000 1.000000 114.301720 0.000000 0.000000 0.000000 1.000000
1.000000 0.000000 0.000000 15.830875 0.000000 1.000000 0.000000 0.000000 0.000000 0.000000 1.000000 108.296112 0.000000 0.000000 0.000000 1.000000
1.000000 0.000000 0.000000 3.443075 0.000000 1.000000 0.000000 0.000000 0.000000 0.000000 1.000000 92.935318 0.000000 0.000000 0.000000 1.000000</float_array><technique_common><accessor source="#BatRig_Reference-Matrix-animation-output-transform-array" count="20" stride="16"><param type="float4x4"/></accessor></technique_common></source><source id="BatRig_Reference-Interpolations"><Name_array id="BatRig_Reference-Interpolations-array" count="20">
 LINEAR LINEAR LINEAR LINEAR LINEAR LINEAR LINEAR LINEAR LINEAR LINEAR LINEAR
LINEAR LINEAR LINEAR LINEAR LINEAR LINEAR LINEAR LINEAR LINEAR</Name_array><technique_common><accessor source="#BatRig_Reference-Interpolations-array" count="20"><param type="name"/></accessor></technique_common></source><sampler id="BatRig_Reference-Matrix-animation-transform"><input semantic="INPUT" source="#BatRig_Reference-Matrix-animation-input"/><input semantic="OUTPUT" source="#BatRig_Reference-Matrix-animation-output-transform"/><input semantic="INTERPOLATION" source="#BatRig_Reference-Interpolations"/></sampler><channel source="#BatRig_Reference-Matrix-animation-transform" target="BatRig_Reference/matrix"/></animation><animation><source id="BatRig_Reference-visibility-animation-input"><float_array id="BatRig_Reference-visibility-animation-input-array" count="20">

0.000000 0.041667 0.083333 0.125000 0.166667 0.208333 0.250000 0.291667 0.333333 0.375000 0.416667 0.458333 0.500000 0.541667 0.583333 0.625000
0.666667 0.708333 0.750000 0.791667</float_array><technique_common><accessor source="#BatRig_Reference-visibility-animation-input-array" count="20"><param name="TIME" type="float"/></accessor></technique_common></source><source id="BatRig_Reference-visibility-animation-output"><float_array id="BatRig_Reference-visibility-animation-output-array" count="20">

1.000000 1.000000 1.000000 1.000000 1.000000 1.000000 1.000000 1.000000 1.000000 1.000000 1.000000 1.000000 1.000000 1.000000 1.000000 1.000000
1.000000 1.000000 1.000000 1.000000</float_array><technique_common><accessor source="#BatRig_Reference-visibility-animation-output-array" count="20"><param type="float"/></accessor></technique_common></source><source id="BatRig_Reference-visibility-animation-intan"><float_array id="BatRig_Reference-visibility-animation-intan-array" count="20">

0.000000 0.000000 0.000000 0.000000 0.000000 0.000000 0.000000 0.000000 0.000000 0.000000 0.000000 0.000000 0.000000 0.000000 0.000000 0.000000
0.000000 0.000000 0.000000 0.000000</float_array><technique_common><accessor source="#BatRig_Reference-visibility-animation-intan-array" count="20"><param type="float"/></accessor></technique_common></source><source id="BatRig_Reference-visibility-animation-outtan"><float_array id="BatRig_Reference-visibility-animation-outtan-array" count="20">

0.000000 0.000000 0.000000 0.000000 0.000000 0.000000 0.000000 0.000000 0.000000 0.000000 0.000000 0.000000 0.000000 0.000000 0.000000 0.000000
0.000000 0.000000 0.000000 0.000000</float_array><technique_common><accessor source="#BatRig_Reference-visibility-animation-outtan-array" count="20"><param type="float"/></accessor></technique_common></source><source id="BatRig_Reference-visibility-animation-interpolation"><Name_array id="BatRig_Reference-visibility-animation-interpolation-array" count="20">
 STEP STEP STEP STEP STEP STEP STEP STEP STEP STEP STEP STEP STEP STEP STEP STEP STEP
STEP STEP BEZIER</Name_array><technique_common><accessor source="#BatRig_Reference-visibility-animation-interpolation-array" count="20"><param type="name"/></accessor></technique_common></source><sampler id="BatRig_Reference-visibility-animation"><input semantic="INPUT" source="#BatRig_Reference-visibility-animation-input"/><input semantic="OUTPUT" source="#BatRig_Reference-visibility-animation-output"/><input semantic="IN_TANGENT" source="#BatRig_Reference-visibility-animation-intan"/><input semantic="OUT_TANGENT" source="#BatRig_Reference-visibility-animation-outtan"/><input semantic="INTERPOLATION" source="#BatRig_Reference-visibility-animation-interpolation"/></sampler><channel source="#BatRig_Reference-visibility-animation" target="BatRig_Reference/visibility"/></animation></animation>
    <animation id="BatRig_Hips-anim" name="BatRig_Hips"><animation><source id="BatRig_Hips-Matrix-animation-input"><float_array id="BatRig_Hips-Matrix-animation-input-array" count="20">

0.000000 0.041667 0.083333 0.125000 0.166667 0.208333 0.250000 0.291667 0.333333 0.375000 0.416667 0.458333 0.500000 0.541667 0.583333 0.625000
0.666667 0.708333 0.750000 0.791667</float_array><technique_common><accessor source="#BatRig_Hips-Matrix-animation-input-array" count="20"><param name="TIME" type="float"/></accessor></technique_common></source><source id="BatRig_Hips-Matrix-animation-output-transform"><float_array id="BatRig_Hips-Matrix-animation-output-transform-array" count="320">

0.397651 -0.028972 0.917079 0.000000 0.080298 0.996765 -0.003328 79.460434 -0.914016 0.074963 0.398691 0.000000 0.000000 0.000000 0.000000 1.000000
0.397651 -0.028972 0.917079 0.000000 0.080298 0.996765 -0.003328 79.460434 -0.914016 0.074963 0.398691 0.000000 0.000000 0.000000 0.000000 1.000000
0.037065 -0.006436 0.999292 0.000000 0.063082 0.998000 0.004088 79.466095 -0.997320 0.062886 0.037397 0.000000 0.000000 0.000000 0.000000 1.000000
-0.838090 -0.080241 0.539598 0.000000 -0.248585 0.936637 -0.246813 83.285522 -0.485603 -0.340987 -0.804933 0.000000 0.000000 0.000000 0.000000 1.000000
-0.982799 0.061148 0.174261 0.000000 0.003025 0.948796 -0.315874 89.417786 -0.184653 -0.309913 -0.932661 0.000000 0.000000 0.000000 0.000000 1.000000
-0.693748 0.659322 -0.289843 0.000000 0.681661 0.731000 0.031271 91.492783 0.232493 -0.175881 -0.956563 0.000000 0.000000 0.000000 0.000000 1.000000
-0.255143 0.459763 -0.850600 0.000000 0.866468 0.499135 0.009888 95.675758 0.429111 -0.734494 -0.525721 0.000000 0.000000 0.000000 0.000000 1.000000
-0.265324 -0.159988 -0.950793 0.000000 0.832004 0.460323 -0.309633 98.443001 0.487210 -0.873216 0.010976 0.000000 0.000000 0.000000 0.000000 1.000000
-0.265510 -0.202956 -0.942504 0.000000 0.807803 0.486798 -0.332389 97.689064 0.526269 -0.849610 0.034699 0.000000 0.000000 0.000000 0.000000 1.000000
-0.268821 -0.195367 -0.943168 0.000000 0.773061 0.540348 -0.332265 96.028397 0.574553 -0.818447 0.005774 0.000000 0.000000 0.000000 0.000000 1.000000
-0.266829 -0.173818 -0.947940 0.000000 0.739157 0.594257 -0.317026 94.604126 0.618424 -0.785268 -0.030086 0.000000 0.000000 0.000000 0.000000 1.000000
-0.246803 -0.173999 -0.953317 0.000000 0.720929 0.624416 -0.300609 94.108513 0.647572 -0.761465 -0.028667 0.000000 0.000000 0.000000 0.000000 1.000000
-0.139513 -0.246720 -0.958992 0.000000 0.748302 0.608004 -0.265284 94.264374 0.648521 -0.754626 0.099797 0.000000 0.000000 0.000000 0.000000 1.000000
0.004665 -0.347236 -0.937766 0.000000 0.796451 0.568356 -0.206489 94.490181 0.604685 -0.745922 0.279208 0.000000 0.000000 0.000000 0.000000 1.000000
0.308174 -0.551792 -0.774954 0.000000 0.842341 0.536866 -0.047294 95.027740 0.442143 -0.638201 0.630245 0.000000 0.000000 0.000000 0.000000 1.000000
0.518428 -0.697644 -0.494496 0.000000 0.834163 0.539833 0.112928 95.555473 0.188161 -0.471035 0.861813 0.000000 0.000000 0.000000 0.000000 1.000000
0.686302 -0.712840 -0.144392 0.000000 0.724514 0.652638 0.221682 96.070763 -0.063788 -0.256755 0.964369 0.000000 0.000000 0.000000 0.000000 1.000000
0.910939 -0.412264 -0.015121 0.000000 0.411696 0.906114 0.097281 89.602119 -0.026404 -0.094842 0.995142 0.000000 0.000000 0.000000 0.000000 1.000000
0.995776 -0.052368 0.075422 0.000000 0.056369 0.997058 -0.051932 81.362076 -0.072481 0.055964 0.995798 0.000000 0.000000 0.000000 0.000000 1.000000
0.863730 0.023649 0.503400 0.000000 0.015842 0.997130 -0.074026 79.438217 -0.503706 0.071913 0.860877 0.000000 0.000000 0.000000 0.000000 1.000000</float_array><technique_common><accessor source="#BatRig_Hips-Matrix-animation-output-transform-array" count="20" stride="16"><param type="float4x4"/></accessor></technique_common></source><source id="BatRig_Hips-Interpolations"><Name_array id="BatRig_Hips-Interpolations-array" count="20">
 LINEAR LINEAR LINEAR LINEAR LINEAR LINEAR LINEAR LINEAR LINEAR LINEAR LINEAR
LINEAR LINEAR LINEAR LINEAR LINEAR LINEAR LINEAR LINEAR LINEAR</Name_array><technique_common><accessor source="#BatRig_Hips-Interpolations-array" count="20"><param type="name"/></accessor></technique_common></source><sampler id="BatRig_Hips-Matrix-animation-transform"><input semantic="INPUT" source="#BatRig_Hips-Matrix-animation-input"/><input semantic="OUTPUT" source="#BatRig_Hips-Matrix-animation-output-transform"/><input semantic="INTERPOLATION" source="#BatRig_Hips-Interpolations"/></sampler><channel source="#BatRig_Hips-Matrix-animation-transform" target="BatRig_Hips/matrix"/></animation><animation><source id="BatRig_Hips-visibility-animation-input"><float_array id="BatRig_Hips-visibility-animation-input-array" count="20">

0.000000 0.041667 0.083333 0.125000 0.166667 0.208333 0.250000 0.291667 0.333333 0.375000 0.416667 0.458333 0.500000 0.541667 0.583333 0.625000
0.666667 0.708333 0.750000 0.791667</float_array><technique_common><accessor source="#BatRig_Hips-visibility-animation-input-array" count="20"><param name="TIME" type="float"/></accessor></technique_common></source><source id="BatRig_Hips-visibility-animation-output"><float_array id="BatRig_Hips-visibility-animation-output-array" count="20">

1.000000 1.000000 1.000000 1.000000 1.000000 1.000000 1.000000 1.000000 1.000000 1.000000 1.000000 1.000000 1.000000 1.000000 1.000000 1.000000
1.000000 1.000000 1.000000 1.000000</float_array><technique_common><accessor source="#BatRig_Hips-visibility-animation-output-array" count="20"><param type="float"/></accessor></technique_common></source><source id="BatRig_Hips-visibility-animation-intan"><float_array id="BatRig_Hips-visibility-animation-intan-array" count="20">

0.000000 0.000000 0.000000 0.000000 0.000000 0.000000 0.000000 0.000000 0.000000 0.000000 0.000000 0.000000 0.000000 0.000000 0.000000 0.000000
0.000000 0.000000 0.000000 0.000000</float_array><technique_common><accessor source="#BatRig_Hips-visibility-animation-intan-array" count="20"><param type="float"/></accessor></technique_common></source><source id="BatRig_Hips-visibility-animation-outtan"><float_array id="BatRig_Hips-visibility-animation-outtan-array" count="20">

0.000000 0.000000 0.000000 0.000000 0.000000 0.000000 0.000000 0.000000 0.000000 0.000000 0.000000 0.000000 0.000000 0.000000 0.000000 0.000000
0.000000 0.000000 0.000000 0.000000</float_array><technique_common><accessor source="#BatRig_Hips-visibility-animation-outtan-array" count="20"><param type="float"/></accessor></technique_common></source><source id="BatRig_Hips-visibility-animation-interpolation"><Name_array id="BatRig_Hips-visibility-animation-interpolation-array" count="20">
 STEP STEP STEP STEP STEP STEP STEP STEP STEP STEP STEP STEP STEP STEP STEP STEP STEP
STEP STEP BEZIER</Name_array><technique_common><accessor source="#BatRig_Hips-visibility-animation-interpolation-array" count="20"><param type="name"/></accessor></technique_common></source><sampler id="BatRig_Hips-visibility-animation"><input semantic="INPUT" source="#BatRig_Hips-visibility-animation-input"/><input semantic="OUTPUT" source="#BatRig_Hips-visibility-animation-output"/><input semantic="IN_TANGENT" source="#BatRig_Hips-visibility-animation-intan"/><input semantic="OUT_TANGENT" source="#BatRig_Hips-visibility-animation-outtan"/><input semantic="INTERPOLATION" source="#BatRig_Hips-visibility-animation-interpolation"/></sampler><channel source="#BatRig_Hips-visibility-animation" target="BatRig_Hips/visibility"/></animation></animation>
    <animation id="BatRig_Spine-anim" name="BatRig_Spine"><animation><source id="BatRig_Spine-Matrix-animation-input"><float_array id="BatRig_Spine-Matrix-animation-input-array" count="20">

0.000000 0.041667 0.083333 0.125000 0.166667 0.208333 0.250000 0.291667 0.333333 0.375000 0.416667 0.458333 0.500000 0.541667 0.583333 0.625000
0.666667 0.708333 0.750000 0.791667</float_array><technique_common><accessor source="#BatRig_Spine-Matrix-animation-input-array" count="20"><param name="TIME" type="float"/></accessor></technique_common></source><source id="BatRig_Spine-Matrix-animation-output-transform"><float_array id="BatRig_Spine-Matrix-animation-output-transform-array" count="320">

0.997810 0.059409 -0.029073 0.000006 -0.058298 0.997588 0.037672 3.725675 0.031241 -0.035895 0.998867 -0.000004 0.000000 0.000000 0.000000 1.000000
0.997810 0.059409 -0.029073 0.000006 -0.058298 0.997588 0.037672 3.725675 0.031241 -0.035895 0.998867 -0.000004 0.000000 0.000000 0.000000 1.000000
0.997810 0.059409 -0.029069 0.000006 -0.058298 0.997588 0.037672 3.725675 0.031237 -0.035895 0.998867 -0.000004 0.000000 0.000000 0.000000 1.000000
0.997814 0.059345 -0.029088 0.000006 -0.058303 0.997669 0.035462 3.725675 0.031125 -0.033689 0.998948 -0.000004 0.000000 0.000000 0.000000 1.000000
0.997810 0.059341 -0.029221 0.000006 -0.058299 0.997675 0.035305 3.725675 0.031248 -0.033524 0.998949 -0.000004 0.000000 0.000000 0.000000 1.000000
0.992536 0.097140 -0.073733 0.000006 -0.097909 0.995172 -0.006884 3.725675 0.072708 0.014052 0.997254 -0.000004 0.000000 0.000000 0.000000 1.000000
0.993074 -0.015880 -0.116411 0.000006 0.018698 0.999557 0.023153 3.725675 0.115992 -0.025169 0.992931 -0.000004 0.000000 0.000000 0.000000 1.000000
0.989693 -0.024741 -0.141054 0.000006 0.029439 0.999076 0.031320 3.725675 0.140149 -0.035150 0.989506 -0.000004 0.000000 0.000000 0.000000 1.000000
0.990594 0.001845 -0.136819 0.000006 0.002562 0.999484 0.032026 3.725675 0.136807 -0.032075 0.990078 -0.000004 0.000000 0.000000 0.000000 1.000000
0.991823 0.009062 -0.127295 0.000006 -0.005007 0.999471 0.032138 3.725675 0.127519 -0.031238 0.991344 -0.000004 0.000000 0.000000 0.000000 1.000000
0.992825 0.011974 -0.118972 0.000006 -0.008207 0.999451 0.032106 3.725675 0.119291 -0.030899 0.992378 -0.000004 0.000000 0.000000 0.000000 1.000000
0.993182 0.012740 -0.115874 0.000006 -0.009078 0.999444 0.032079 3.725675 0.116218 -0.030808 0.992746 -0.000004 0.000000 0.000000 0.000000 1.000000
0.993122 0.016977 -0.115851 0.000006 -0.012995 0.999301 0.035041 3.725675 0.116365 -0.033294 0.992648 -0.000004 0.000000 0.000000 0.000000 1.000000
0.993118 0.017292 -0.115837 0.000006 -0.013287 0.999290 0.035261 3.725675 0.116365 -0.033479 0.992642 -0.000004 0.000000 0.000000 0.000000 1.000000
0.993134 0.017630 -0.115647 0.000006 -0.013606 0.999277 0.035495 3.725675 0.116189 -0.033678 0.992656 -0.000004 0.000000 0.000000 0.000000 1.000000
0.993164 0.018128 -0.115312 0.000006 -0.014078 0.999258 0.035838 3.725675 0.115876 -0.033970 0.992683 -0.000004 0.000000 0.000000 0.000000 1.000000
0.993301 0.018166 -0.114120 0.000006 -0.014156 0.999257 0.035848 3.725675 0.114686 -0.033992 0.992820 -0.000004 0.000000 0.000000 0.000000 1.000000
0.992286 -0.084333 0.090868 0.000006 0.076462 0.993281 0.086872 3.725675 -0.097584 -0.079254 0.992067 -0.000004 0.000000 0.000000 0.000000 1.000000
0.952486 -0.091955 0.290370 0.000006 0.063473 0.992333 0.106046 3.725675 -0.297895 -0.082577 0.951020 -0.000004 0.000000 0.000000 0.000000 1.000000
0.998781 0.048909 -0.006671 0.000006 -0.048608 0.998035 0.039547 3.725675 0.008592 -0.039175 0.999195 -0.000004 0.000000 0.000000 0.000000 1.000000</float_array><technique_common><accessor source="#BatRig_Spine-Matrix-animation-output-transform-array" count="20" stride="16"><param type="float4x4"/></accessor></technique_common></source><source id="BatRig_Spine-Interpolations"><Name_array id="BatRig_Spine-Interpolations-array" count="20">
 LINEAR LINEAR LINEAR LINEAR LINEAR LINEAR LINEAR LINEAR LINEAR LINEAR LINEAR
LINEAR LINEAR LINEAR LINEAR LINEAR LINEAR LINEAR LINEAR LINEAR</Name_array><technique_common><accessor source="#BatRig_Spine-Interpolations-array" count="20"><param type="name"/></accessor></technique_common></source><sampler id="BatRig_Spine-Matrix-animation-transform"><input semantic="INPUT" source="#BatRig_Spine-Matrix-animation-input"/><input semantic="OUTPUT" source="#BatRig_Spine-Matrix-animation-output-transform"/><input semantic="INTERPOLATION" source="#BatRig_Spine-Interpolations"/></sampler><channel source="#BatRig_Spine-Matrix-animation-transform" target="BatRig_Spine/matrix"/></animation><animation><source id="BatRig_Spine-visibility-animation-input"><float_array id="BatRig_Spine-visibility-animation-input-array" count="20">

0.000000 0.041667 0.083333 0.125000 0.166667 0.208333 0.250000 0.291667 0.333333 0.375000 0.416667 0.458333 0.500000 0.541667 0.583333 0.625000
0.666667 0.708333 0.750000 0.791667</float_array><technique_common><accessor source="#BatRig_Spine-visibility-animation-input-array" count="20"><param name="TIME" type="float"/></accessor></technique_common></source><source id="BatRig_Spine-visibility-animation-output"><float_array id="BatRig_Spine-visibility-animation-output-array" count="20">

1.000000 1.000000 1.000000 1.000000 1.000000 1.000000 1.000000 1.000000 1.000000 1.000000 1.000000 1.000000 1.000000 1.000000 1.000000 1.000000
1.000000 1.000000 1.000000 1.000000</float_array><technique_common><accessor source="#BatRig_Spine-visibility-animation-output-array" count="20"><param type="float"/></accessor></technique_common></source><source id="BatRig_Spine-visibility-animation-intan"><float_array id="BatRig_Spine-visibility-animation-intan-array" count="20">

0.000000 0.000000 0.000000 0.000000 0.000000 0.000000 0.000000 0.000000 0.000000 0.000000 0.000000 0.000000 0.000000 0.000000 0.000000 0.000000
0.000000 0.000000 0.000000 0.000000</float_array><technique_common><accessor source="#BatRig_Spine-visibility-animation-intan-array" count="20"><param type="float"/></accessor></technique_common></source><source id="BatRig_Spine-visibility-animation-outtan"><float_array id="BatRig_Spine-visibility-animation-outtan-array" count="20">

0.000000 0.000000 0.000000 0.000000 0.000000 0.000000 0.000000 0.000000 0.000000 0.000000 0.000000 0.000000 0.000000 0.000000 0.000000 0.000000
0.000000 0.000000 0.000000 0.000000</float_array><technique_common><accessor source="#BatRig_Spine-visibility-animation-outtan-array" count="20"><param type="float"/></accessor></technique_common></source><source id="BatRig_Spine-visibility-animation-interpolation"><Name_array id="BatRig_Spine-visibility-animation-interpolation-array" count="20">
 STEP STEP STEP STEP STEP STEP STEP STEP STEP STEP STEP STEP STEP STEP STEP STEP STEP
STEP STEP BEZIER</Name_array><technique_common><accessor source="#BatRig_Spine-visibility-animation-interpolation-array" count="20"><param type="name"/></accessor></technique_common></source><sampler id="BatRig_Spine-visibility-animation"><input semantic="INPUT" source="#BatRig_Spine-visibility-animation-input"/><input semantic="OUTPUT" source="#BatRig_Spine-visibility-animation-output"/><input semantic="IN_TANGENT" source="#BatRig_Spine-visibility-animation-intan"/><input semantic="OUT_TANGENT" source="#BatRig_Spine-visibility-animation-outtan"/><input semantic="INTERPOLATION" source="#BatRig_Spine-visibility-animation-interpolation"/></sampler><channel source="#BatRig_Spine-visibility-animation" target="BatRig_Spine/visibility"/></animation></animation>
    <animation id="BatRig_Spine1-anim" name="BatRig_Spine1"><animation><source id="BatRig_Spine1-Matrix-animation-input"><float_array id="BatRig_Spine1-Matrix-animation-input-array" count="20">

0.000000 0.041667 0.083333 0.125000 0.166667 0.208333 0.250000 0.291667 0.333333 0.375000 0.416667 0.458333 0.500000 0.541667 0.583333 0.625000
0.666667 0.708333 0.750000 0.791667</float_array><technique_common><accessor source="#BatRig_Spine1-Matrix-animation-input-array" count="20"><param name="TIME" type="float"/></accessor></technique_common></source><source id="BatRig_Spine1-Matrix-animation-output-transform"><float_array id="BatRig_Spine1-Matrix-animation-output-transform-array" count="320">

0.999999 0.001448 0.000201 -0.000004 -0.001424 0.995933 -0.090086 10.999834 -0.000331 0.090086 0.995934 0.000001 0.000000 0.000000 0.000000 1.000000
0.999999 0.001448 0.000201 -0.000004 -0.001424 0.995933 -0.090086 10.999834 -0.000331 0.090086 0.995934 0.000001 0.000000 0.000000 0.000000 1.000000
0.999999 0.001448 0.000200 -0.000004 -0.001424 0.995933 -0.090086 10.999834 -0.000330 0.090086 0.995934 0.000001 0.000000 0.000000 0.000000 1.000000
0.999999 0.001517 0.000098 -0.000004 -0.001438 0.964820 -0.262907 10.999834 -0.000493 0.262907 0.964821 0.000001 0.000000 0.000000 0.000000 1.000000
0.999999 0.001522 -0.000623 -0.000004 -0.001635 0.961290 -0.275535 10.999834 0.000179 0.275536 0.961291 0.000001 0.000000 0.000000 0.000000 1.000000
0.998825 0.035359 -0.033149 -0.000004 -0.045045 0.929679 -0.365605 10.999834 0.017890 0.366669 0.930179 0.000001 0.000000 0.000000 0.000000 1.000000
0.997523 -0.022993 0.066477 -0.000004 0.043532 0.944141 -0.326655 10.999834 -0.055253 0.328740 0.942803 0.000001 0.000000 0.000000 0.000000 1.000000
0.984596 -0.039513 0.170323 -0.000004 0.082685 0.963545 -0.254448 10.999834 -0.154060 0.264612 0.951970 0.000001 0.000000 0.000000 0.000000 1.000000
0.979481 -0.092488 0.179061 -0.000004 0.137731 0.955816 -0.259705 10.999834 -0.147130 0.279038 0.948942 0.000001 0.000000 0.000000 0.000000 1.000000
0.977212 -0.106828 0.183425 -0.000004 0.153127 0.953216 -0.260637 10.999834 -0.147000 0.282785 0.947852 0.000001 0.000000 0.000000 0.000000 1.000000
0.976316 -0.112611 0.184731 -0.000004 0.159212 0.952106 -0.261047 10.999834 -0.146487 0.284276 0.947485 0.000001 0.000000 0.000000 0.000000 1.000000
0.976104 -0.114131 0.184919 -0.000004 0.160769 0.951809 -0.261178 10.999834 -0.146199 0.284666 0.947413 0.000001 0.000000 0.000000 0.000000 1.000000
0.976481 -0.110705 0.185012 -0.000004 0.157184 0.952884 -0.259433 10.999834 -0.147574 0.282412 0.947874 0.000001 0.000000 0.000000 0.000000 1.000000
0.976507 -0.110450 0.185028 -0.000004 0.156919 0.952963 -0.259301 10.999834 -0.147685 0.282244 0.947907 0.000001 0.000000 0.000000 0.000000 1.000000
0.976527 -0.110175 0.185085 -0.000004 0.156645 0.953049 -0.259153 10.999834 -0.147843 0.282063 0.947936 0.000001 0.000000 0.000000 0.000000 1.000000
0.976560 -0.109774 0.185147 -0.000004 0.156238 0.953173 -0.258942 10.999834 -0.148052 0.281799 0.947982 0.000001 0.000000 0.000000 0.000000 1.000000
0.976558 -0.109744 0.185179 -0.000004 0.156215 0.953182 -0.258922 10.999834 -0.148094 0.281780 0.947981 0.000001 0.000000 0.000000 0.000000 1.000000
0.980175 -0.157270 0.120510 -0.000004 0.160108 0.986998 -0.014182 10.999834 -0.116713 0.033196 0.992611 0.000001 0.000000 0.000000 0.000000 1.000000
0.986421 -0.160800 0.033412 -0.000004 0.161188 0.986880 -0.009238 10.999834 -0.031488 0.014498 0.999399 0.000001 0.000000 0.000000 0.000000 1.000000
0.999951 -0.009859 0.000499 -0.000004 0.009866 0.996344 -0.084861 10.999834 0.000339 0.084862 0.996393 0.000001 0.000000 0.000000 0.000000 1.000000</float_array><technique_common><accessor source="#BatRig_Spine1-Matrix-animation-output-transform-array" count="20" stride="16"><param type="float4x4"/></accessor></technique_common></source><source id="BatRig_Spine1-Interpolations"><Name_array id="BatRig_Spine1-Interpolations-array" count="20">
 LINEAR LINEAR LINEAR LINEAR LINEAR LINEAR LINEAR LINEAR LINEAR LINEAR LINEAR
LINEAR LINEAR LINEAR LINEAR LINEAR LINEAR LINEAR LINEAR LINEAR</Name_array><technique_common><accessor source="#BatRig_Spine1-Interpolations-array" count="20"><param type="name"/></accessor></technique_common></source><sampler id="BatRig_Spine1-Matrix-animation-transform"><input semantic="INPUT" source="#BatRig_Spine1-Matrix-animation-input"/><input semantic="OUTPUT" source="#BatRig_Spine1-Matrix-animation-output-transform"/><input semantic="INTERPOLATION" source="#BatRig_Spine1-Interpolations"/></sampler><channel source="#BatRig_Spine1-Matrix-animation-transform" target="BatRig_Spine1/matrix"/></animation><animation><source id="BatRig_Spine1-visibility-animation-input"><float_array id="BatRig_Spine1-visibility-animation-input-array" count="20">

0.000000 0.041667 0.083333 0.125000 0.166667 0.208333 0.250000 0.291667 0.333333 0.375000 0.416667 0.458333 0.500000 0.541667 0.583333 0.625000
0.666667 0.708333 0.750000 0.791667</float_array><technique_common><accessor source="#BatRig_Spine1-visibility-animation-input-array" count="20"><param name="TIME" type="float"/></accessor></technique_common></source><source id="BatRig_Spine1-visibility-animation-output"><float_array id="BatRig_Spine1-visibility-animation-output-array" count="20">

1.000000 1.000000 1.000000 1.000000 1.000000 1.000000 1.000000 1.000000 1.000000 1.000000 1.000000 1.000000 1.000000 1.000000 1.000000 1.000000
1.000000 1.000000 1.000000 1.000000</float_array><technique_common><accessor source="#BatRig_Spine1-visibility-animation-output-array" count="20"><param type="float"/></accessor></technique_common></source><source id="BatRig_Spine1-visibility-animation-intan"><float_array id="BatRig_Spine1-visibility-animation-intan-array" count="20">

0.000000 0.000000 0.000000 0.000000 0.000000 0.000000 0.000000 0.000000 0.000000 0.000000 0.000000 0.000000 0.000000 0.000000 0.000000 0.000000
0.000000 0.000000 0.000000 0.000000</float_array><technique_common><accessor source="#BatRig_Spine1-visibility-animation-intan-array" count="20"><param type="float"/></accessor></technique_common></source><source id="BatRig_Spine1-visibility-animation-outtan"><float_array id="BatRig_Spine1-visibility-animation-outtan-array" count="20">

0.000000 0.000000 0.000000 0.000000 0.000000 0.000000 0.000000 0.000000 0.000000 0.000000 0.000000 0.000000 0.000000 0.000000 0.000000 0.000000
0.000000 0.000000 0.000000 0.000000</float_array><technique_common><accessor source="#BatRig_Spine1-visibility-animation-outtan-array" count="20"><param type="float"/></accessor></technique_common></source><source id="BatRig_Spine1-visibility-animation-interpolation"><Name_array id="BatRig_Spine1-visibility-animation-interpolation-array" count="20">
 STEP STEP STEP STEP STEP STEP STEP STEP STEP STEP STEP STEP STEP STEP STEP STEP STEP
STEP STEP BEZIER</Name_array><technique_common><accessor source="#BatRig_Spine1-visibility-animation-interpolation-array" count="20"><param type="name"/></accessor></technique_common></source><sampler id="BatRig_Spine1-visibility-animation"><input semantic="INPUT" source="#BatRig_Spine1-visibility-animation-input"/><input semantic="OUTPUT" source="#BatRig_Spine1-visibility-animation-output"/><input semantic="IN_TANGENT" source="#BatRig_Spine1-visibility-animation-intan"/><input semantic="OUT_TANGENT" source="#BatRig_Spine1-visibility-animation-outtan"/><input semantic="INTERPOLATION" source="#BatRig_Spine1-visibility-animation-interpolation"/></sampler><channel source="#BatRig_Spine1-visibility-animation" target="BatRig_Spine1/visibility"/></animation></animation>
    <animation id="BatRig_Spine2-anim" name="BatRig_Spine2"><animation><source id="BatRig_Spine2-Matrix-animation-input"><float_array id="BatRig_Spine2-Matrix-animation-input-array" count="20">

0.000000 0.041667 0.083333 0.125000 0.166667 0.208333 0.250000 0.291667 0.333333 0.375000 0.416667 0.458333 0.500000 0.541667 0.583333 0.625000
0.666667 0.708333 0.750000 0.791667</float_array><technique_common><accessor source="#BatRig_Spine2-Matrix-animation-input-array" count="20"><param name="TIME" type="float"/></accessor></technique_common></source><source id="BatRig_Spine2-Matrix-animation-output-transform"><float_array id="BatRig_Spine2-Matrix-animation-output-transform-array" count="320">

0.999999 0.001455 0.000139 -0.000007 -0.001437 0.995933 -0.090086 11.776693 -0.000270 0.090086 0.995934 0.000010 0.000000 0.000000 0.000000 1.000000
0.999999 0.001455 0.000139 -0.000007 -0.001437 0.995933 -0.090086 11.776693 -0.000270 0.090086 0.995934 0.000010 0.000000 0.000000 0.000000 1.000000
0.999999 0.001455 0.000139 -0.000007 -0.001437 0.995933 -0.090086 11.776693 -0.000270 0.090086 0.995934 0.000010 0.000000 0.000000 0.000000 1.000000
0.999999 0.001503 0.000066 -0.000007 -0.001433 0.964819 -0.262910 11.776693 -0.000459 0.262909 0.964821 0.000010 0.000000 0.000000 0.000000 1.000000
0.999999 0.001468 -0.000412 -0.000007 -0.001525 0.961289 -0.275537 11.776693 -0.000009 0.275537 0.961290 0.000010 0.000000 0.000000 0.000000 1.000000
0.997735 0.040240 -0.053909 -0.000007 -0.057423 0.926899 -0.370892 11.776693 0.035043 0.373147 0.927110 0.000010 0.000000 0.000000 0.000000 1.000000
0.998450 0.012448 0.054244 -0.000007 0.006638 0.941073 -0.338139 11.776693 -0.055257 0.337975 0.939532 0.000010 0.000000 0.000000 0.000000 1.000000
0.984301 0.012236 0.176072 -0.000007 0.036421 0.962042 -0.270460 11.776693 -0.172698 0.272627 0.946493 0.000010 0.000000 0.000000 0.000000 1.000000
0.979652 -0.038283 0.197020 -0.000007 0.091102 0.959506 -0.266549 11.776693 -0.178838 0.279074 0.943469 0.000010 0.000000 0.000000 0.000000 1.000000
0.977093 -0.051671 0.206445 -0.000007 0.106615 0.958413 -0.264722 11.776693 -0.184181 0.280668 0.941968 0.000010 0.000000 0.000000 0.000000 1.000000
0.976158 -0.057141 0.209406 -0.000007 0.112707 0.957914 -0.264004 11.776693 -0.185508 0.281311 0.941515 0.000010 0.000000 0.000000 0.000000 1.000000
0.975988 -0.058610 0.209792 -0.000007 0.114233 0.957774 -0.263856 11.776693 -0.185469 0.281485 0.941471 0.000010 0.000000 0.000000 0.000000 1.000000
0.976265 -0.054777 0.209537 -0.000007 0.110215 0.958496 -0.262942 11.776693 -0.186437 0.279795 0.941783 0.000010 0.000000 0.000000 0.000000 1.000000
0.976287 -0.054491 0.209512 -0.000007 0.109914 0.958549 -0.262874 11.776693 -0.186503 0.279669 0.941808 0.000010 0.000000 0.000000 0.000000 1.000000
0.976319 -0.054188 0.209440 -0.000007 0.109582 0.958605 -0.262807 11.776693 -0.186529 0.279534 0.941843 0.000010 0.000000 0.000000 0.000000 1.000000
0.976369 -0.053747 0.209318 -0.000007 0.109095 0.958687 -0.262710 11.776693 -0.186551 0.279338 0.941896 0.000010 0.000000 0.000000 0.000000 1.000000
0.976440 -0.053740 0.208992 -0.000007 0.108998 0.958691 -0.262738 11.776693 -0.186239 0.279328 0.941961 0.000010 0.000000 0.000000 0.000000 1.000000
0.985087 -0.057019 0.162337 -0.000007 0.060072 0.998096 -0.013956 11.776693 -0.161232 0.023500 0.986637 0.000010 0.000000 0.000000 0.000000 1.000000
0.993935 -0.062855 0.090233 -0.000007 0.063035 0.998011 0.000854 11.776693 -0.090107 0.004839 0.995920 0.000010 0.000000 0.000000 0.000000 1.000000
0.999986 -0.003192 0.004168 -0.000007 0.003532 0.996444 -0.084180 11.776693 -0.003884 0.084194 0.996442 0.000010 0.000000 0.000000 0.000000 1.000000</float_array><technique_common><accessor source="#BatRig_Spine2-Matrix-animation-output-transform-array" count="20" stride="16"><param type="float4x4"/></accessor></technique_common></source><source id="BatRig_Spine2-Interpolations"><Name_array id="BatRig_Spine2-Interpolations-array" count="20">
 LINEAR LINEAR LINEAR LINEAR LINEAR LINEAR LINEAR LINEAR LINEAR LINEAR LINEAR
LINEAR LINEAR LINEAR LINEAR LINEAR LINEAR LINEAR LINEAR LINEAR</Name_array><technique_common><accessor source="#BatRig_Spine2-Interpolations-array" count="20"><param type="name"/></accessor></technique_common></source><sampler id="BatRig_Spine2-Matrix-animation-transform"><input semantic="INPUT" source="#BatRig_Spine2-Matrix-animation-input"/><input semantic="OUTPUT" source="#BatRig_Spine2-Matrix-animation-output-transform"/><input semantic="INTERPOLATION" source="#BatRig_Spine2-Interpolations"/></sampler><channel source="#BatRig_Spine2-Matrix-animation-transform" target="BatRig_Spine2/matrix"/></animation><animation><source id="BatRig_Spine2-visibility-animation-input"><float_array id="BatRig_Spine2-visibility-animation-input-array" count="20">

0.000000 0.041667 0.083333 0.125000 0.166667 0.208333 0.250000 0.291667 0.333333 0.375000 0.416667 0.458333 0.500000 0.541667 0.583333 0.625000
0.666667 0.708333 0.750000 0.791667</float_array><technique_common><accessor source="#BatRig_Spine2-visibility-animation-input-array" count="20"><param name="TIME" type="float"/></accessor></technique_common></source><source id="BatRig_Spine2-visibility-animation-output"><float_array id="BatRig_Spine2-visibility-animation-output-array" count="20">

1.000000 1.000000 1.000000 1.000000 1.000000 1.000000 1.000000 1.000000 1.000000 1.000000 1.000000 1.000000 1.000000 1.000000 1.000000 1.000000
1.000000 1.000000 1.000000 1.000000</float_array><technique_common><accessor source="#BatRig_Spine2-visibility-animation-output-array" count="20"><param type="float"/></accessor></technique_common></source><source id="BatRig_Spine2-visibility-animation-intan"><float_array id="BatRig_Spine2-visibility-animation-intan-array" count="20">

0.000000 0.000000 0.000000 0.000000 0.000000 0.000000 0.000000 0.000000 0.000000 0.000000 0.000000 0.000000 0.000000 0.000000 0.000000 0.000000
0.000000 0.000000 0.000000 0.000000</float_array><technique_common><accessor source="#BatRig_Spine2-visibility-animation-intan-array" count="20"><param type="float"/></accessor></technique_common></source><source id="BatRig_Spine2-visibility-animation-outtan"><float_array id="BatRig_Spine2-visibility-animation-outtan-array" count="20">

0.000000 0.000000 0.000000 0.000000 0.000000 0.000000 0.000000 0.000000 0.000000 0.000000 0.000000 0.000000 0.000000 0.000000 0.000000 0.000000
0.000000 0.000000 0.000000 0.000000</float_array><technique_common><accessor source="#BatRig_Spine2-visibility-animation-outtan-array" count="20"><param type="float"/></accessor></technique_common></source><source id="BatRig_Spine2-visibility-animation-interpolation"><Name_array id="BatRig_Spine2-visibility-animation-interpolation-array" count="20">
 STEP STEP STEP STEP STEP STEP STEP STEP STEP STEP STEP STEP STEP STEP STEP STEP STEP
STEP STEP BEZIER</Name_array><technique_common><accessor source="#BatRig_Spine2-visibility-animation-interpolation-array" count="20"><param type="name"/></accessor></technique_common></source><sampler id="BatRig_Spine2-visibility-animation"><input semantic="INPUT" source="#BatRig_Spine2-visibility-animation-input"/><input semantic="OUTPUT" source="#BatRig_Spine2-visibility-animation-output"/><input semantic="IN_TANGENT" source="#BatRig_Spine2-visibility-animation-intan"/><input semantic="OUT_TANGENT" source="#BatRig_Spine2-visibility-animation-outtan"/><input semantic="INTERPOLATION" source="#BatRig_Spine2-visibility-animation-interpolation"/></sampler><channel source="#BatRig_Spine2-visibility-animation" target="BatRig_Spine2/visibility"/></animation></animation>
    <animation id="BatRig_Spine3-anim" name="BatRig_Spine3"><animation><source id="BatRig_Spine3-Matrix-animation-input"><float_array id="BatRig_Spine3-Matrix-animation-input-array" count="20">

0.000000 0.041667 0.083333 0.125000 0.166667 0.208333 0.250000 0.291667 0.333333 0.375000 0.416667 0.458333 0.500000 0.541667 0.583333 0.625000
0.666667 0.708333 0.750000 0.791667</float_array><technique_common><accessor source="#BatRig_Spine3-Matrix-animation-input-array" count="20"><param name="TIME" type="float"/></accessor></technique_common></source><source id="BatRig_Spine3-Matrix-animation-output-transform"><float_array id="BatRig_Spine3-Matrix-animation-output-transform-array" count="320">

0.999999 0.001459 0.000072 0.000004 -0.001447 0.995933 -0.090086 13.030713 -0.000203 0.090086 0.995934 -1.061706 0.000000 0.000000 0.000000 1.000000
0.999999 0.001459 0.000072 0.000004 -0.001447 0.995933 -0.090086 13.030713 -0.000203 0.090086 0.995934 -1.061706 0.000000 0.000000 0.000000 1.000000
0.999999 0.001459 0.000072 0.000004 -0.001447 0.995933 -0.090086 13.030713 -0.000203 0.090086 0.995934 -1.061706 0.000000 0.000000 0.000000 1.000000
0.999999 0.001449 0.000037 0.000004 -0.001388 0.964820 -0.262907 13.030713 -0.000417 0.262907 0.964821 -1.061706 0.000000 0.000000 0.000000 1.000000
