<?xml version="1.0" encoding="utf-8"?>
<COLLADA xmlns="http://www.collada.org/2005/11/COLLADASchema" version="1.4.1">
  <asset><contributor><author></author><authoring_tool>FBX COLLADA exporter</authoring_tool><comments></comments></contributor><created>2017-08-30T19:21:37Z</created><keywords></keywords><modified>2017-08-30T19:21:37Z</modified><revision></revision><subject></subject><title></title><unit meter="0.010000" name="centimeter"></unit><up_axis>Y_UP</up_axis></asset>
  <library_animations>
    <animation id="BatRig_Reference-anim" name="BatRig_Reference"><animation><source id="BatRig_Reference-Matrix-animation-input"><float_array id="BatRig_Reference-Matrix-animation-input-array" count="21">

0.000000 0.041667 0.083333 0.125000 0.166667 0.208333 0.250000 0.291667 0.333333 0.375000 0.416667 0.458333 0.500000 0.541667 0.583333 0.625000
0.666667 0.708333 0.750000 0.791667 0.833333</float_array><technique_common><accessor source="#BatRig_Reference-Matrix-animation-input-array" count="21"><param name="TIME" type="float"/></accessor></technique_common></source><source id="BatRig_Reference-Matrix-animation-output-transform"><float_array id="BatRig_Reference-Matrix-animation-output-transform-array" count="336">

1.000000 0.000000 0.000000 2.579665 0.000000 1.000000 0.000000 0.000000 0.000000 0.000000 1.000000 13.826298 0.000000 0.000000 0.000000 1.000000
1.000000 0.000000 0.000000 2.579665 0.000000 1.000000 0.000000 0.000000 0.000000 0.000000 1.000000 13.826298 0.000000 0.000000 0.000000 1.000000
1.000000 0.000000 0.000000 2.579643 0.000000 1.000000 0.000000 0.000000 0.000000 0.000000 1.000000 27.345989 0.000000 0.000000 0.000000 1.000000
1.000000 0.000000 0.000000 2.358433 0.000000 1.000000 0.000000 0.000000 0.000000 0.000000 1.000000 27.038649 0.000000 0.000000 0.000000 1.000000
1.000000 0.000000 0.000000 2.131954 0.000000 1.000000 0.000000 0.000000 0.000000 0.000000 1.000000 26.839127 0.000000 0.000000 0.000000 1.000000
1.000000 0.000000 0.000000 -2.609912 0.000000 1.000000 0.000000 0.000000 0.000000 0.000000 1.000000 54.575485 0.000000 0.000000 0.000000 1.000000
1.000000 0.000000 0.000000 -8.266357 0.000000 1.000000 0.000000 0.000000 0.000000 0.000000 1.000000 53.416721 0.000000 0.000000 0.000000 1.000000
1.000000 0.000000 0.000000 -8.266357 0.000000 1.000000 0.000000 0.000000 0.000000 0.000000 1.000000 53.416721 0.000000 0.000000 0.000000 1.000000
1.000000 0.000000 0.000000 -11.421174 0.000000 1.000000 0.000000 0.000000 0.000000 0.000000 1.000000 57.215099 0.000000 0.000000 0.000000 1.000000
1.000000 0.000000 0.000000 -13.636598 0.000000 1.000000 0.000000 0.000000 0.000000 0.000000 1.000000 61.430267 0.000000 0.000000 0.000000 1.000000
1.000000 0.000000 0.000000 -14.592070 0.000000 1.000000 0.000000 0.000000 0.000000 0.000000 1.000000 63.531139 0.000000 0.000000 0.000000 1.000000
1.000000 0.000000 0.000000 -13.046008 0.000000 1.000000 0.000000 0.000000 0.000000 0.000000 1.000000 61.287479 0.000000 0.000000 0.000000 1.000000
1.000000 0.000000 0.000000 -10.179590 0.000000 1.000000 0.000000 0.000000 0.000000 0.000000 1.000000 57.043694 0.000000 0.000000 0.000000 1.000000
1.000000 0.000000 0.000000 -8.266357 0.000000 1.000000 0.000000 0.000000 0.000000 0.000000 1.000000 53.416721 0.000000 0.000000 0.000000 1.000000
1.000000 0.000000 0.000000 -9.298965 0.000000 1.000000 0.000000 0.000000 0.000000 0.000000 1.000000 54.198246 0.000000 0.000000 0.000000 1.000000
1.000000 0.000000 0.000000 -8.300535 0.000000 1.000000 0.000000 0.000000 0.000000 0.000000 1.000000 54.351051 0.000000 0.000000 0.000000 1.000000
1.000000 0.000000 0.000000 -6.824982 0.000000 1.000000 0.000000 0.000000 0.000000 0.000000 1.000000 54.532494 0.000000 0.000000 0.000000 1.000000
1.000000 0.000000 0.000000 -2.609912 0.000000 1.000000 0.000000 0.000000 0.000000 0.000000 1.000000 54.575485 0.000000 0.000000 0.000000 1.000000
1.000000 0.000000 0.000000 -0.308316 0.000000 1.000000 0.000000 0.000000 0.000000 0.000000 1.000000 38.684399 0.000000 0.000000 0.000000 1.000000
1.000000 0.000000 0.000000 2.131954 0.000000 1.000000 0.000000 0.000000 0.000000 0.000000 1.000000 26.839127 0.000000 0.000000 0.000000 1.000000
1.000000 0.000000 0.000000 2.358463 0.000000 1.000000 0.000000 0.000000 0.000000 0.000000 1.000000 1.875657 0.000000 0.000000 0.000000 1.000000</float_array><technique_common><accessor source="#BatRig_Reference-Matrix-animation-output-transform-array" count="21" stride="16"><param type="float4x4"/></accessor></technique_common></source><source id="BatRig_Reference-Interpolations"><Name_array id="BatRig_Reference-Interpolations-array" count="21">
 LINEAR LINEAR LINEAR LINEAR LINEAR LINEAR LINEAR LINEAR LINEAR LINEAR LINEAR
LINEAR LINEAR LINEAR LINEAR LINEAR LINEAR LINEAR LINEAR LINEAR LINEAR</Name_array><technique_common><accessor source="#BatRig_Reference-Interpolations-array" count="21"><param type="name"/></accessor></technique_common></source><sampler id="BatRig_Reference-Matrix-animation-transform"><input semantic="INPUT" source="#BatRig_Reference-Matrix-animation-input"/><input semantic="OUTPUT" source="#BatRig_Reference-Matrix-animation-output-transform"/><input semantic="INTERPOLATION" source="#BatRig_Reference-Interpolations"/></sampler><channel source="#BatRig_Reference-Matrix-animation-transform" target="BatRig_Reference/matrix"/></animation><animation><source id="BatRig_Reference-visibility-animation-input"><float_array id="BatRig_Reference-visibility-animation-input-array" count="21">

0.000000 0.041667 0.083333 0.125000 0.166667 0.208333 0.250000 0.291667 0.333333 0.375000 0.416667 0.458333 0.500000 0.541667 0.583333 0.625000
0.666667 0.708333 0.750000 0.791667 0.833333</float_array><technique_common><accessor source="#BatRig_Reference-visibility-animation-input-array" count="21"><param name="TIME" type="float"/></accessor></technique_common></source><source id="BatRig_Reference-visibility-animation-output"><float_array id="BatRig_Reference-visibility-animation-output-array" count="21">

1.000000 1.000000 1.000000 1.000000 1.000000 1.000000 1.000000 1.000000 1.000000 1.000000 1.000000 1.000000 1.000000 1.000000 1.000000 1.000000
1.000000 1.000000 1.000000 1.000000 1.000000</float_array><technique_common><accessor source="#BatRig_Reference-visibility-animation-output-array" count="21"><param type="float"/></accessor></technique_common></source><source id="BatRig_Reference-visibility-animation-intan"><float_array id="BatRig_Reference-visibility-animation-intan-array" count="21">

0.000000 0.000000 0.000000 0.000000 0.000000 0.000000 0.000000 0.000000 0.000000 0.000000 0.000000 0.000000 0.000000 0.000000 0.000000 0.000000
0.000000 0.000000 0.000000 0.000000 0.000000</float_array><technique_common><accessor source="#BatRig_Reference-visibility-animation-intan-array" count="21"><param type="float"/></accessor></technique_common></source><source id="BatRig_Reference-visibility-animation-outtan"><float_array id="BatRig_Reference-visibility-animation-outtan-array" count="21">

0.000000 0.000000 0.000000 0.000000 0.000000 0.000000 0.000000 0.000000 0.000000 0.000000 0.000000 0.000000 0.000000 0.000000 0.000000 0.000000
0.000000 0.000000 0.000000 0.000000 0.000000</float_array><technique_common><accessor source="#BatRig_Reference-visibility-animation-outtan-array" count="21"><param type="float"/></accessor></technique_common></source><source id="BatRig_Reference-visibility-animation-interpolation"><Name_array id="BatRig_Reference-visibility-animation-interpolation-array" count="21">
 STEP STEP STEP STEP STEP STEP STEP STEP STEP STEP STEP STEP STEP STEP STEP STEP STEP
STEP STEP STEP BEZIER</Name_array><technique_common><accessor source="#BatRig_Reference-visibility-animation-interpolation-array" count="21"><param type="name"/></accessor></technique_common></source><sampler id="BatRig_Reference-visibility-animation"><input semantic="INPUT" source="#BatRig_Reference-visibility-animation-input"/><input semantic="OUTPUT" source="#BatRig_Reference-visibility-animation-output"/><input semantic="IN_TANGENT" source="#BatRig_Reference-visibility-animation-intan"/><input semantic="OUT_TANGENT" source="#BatRig_Reference-visibility-animation-outtan"/><input semantic="INTERPOLATION" source="#BatRig_Reference-visibility-animation-interpolation"/></sampler><channel source="#BatRig_Reference-visibility-animation" target="BatRig_Reference/visibility"/></animation></animation>
    <animation id="BatRig_Hips-anim" name="BatRig_Hips"><animation><source id="BatRig_Hips-Matrix-animation-input"><float_array id="BatRig_Hips-Matrix-animation-input-array" count="21">

0.000000 0.041667 0.083333 0.125000 0.166667 0.208333 0.250000 0.291667 0.333333 0.375000 0.416667 0.458333 0.500000 0.541667 0.583333 0.625000
0.666667 0.708333 0.750000 0.791667 0.833333</float_array><technique_common><accessor source="#BatRig_Hips-Matrix-animation-input-array" count="21"><param name="TIME" type="float"/></accessor></technique_common></source><source id="BatRig_Hips-Matrix-animation-output-transform"><float_array id="BatRig_Hips-Matrix-animation-output-transform-array" count="336">

0.569280 -0.006438 0.822119 0.000000 0.055360 0.998000 -0.030518 78.845612 -0.820278 0.062886 0.568498 0.000000 0.000000 0.000000 0.000000 1.000000
0.569280 -0.006438 0.822119 0.000000 0.055360 0.998000 -0.030518 78.845612 -0.820278 0.062886 0.568498 0.000000 0.000000 0.000000 0.000000 1.000000
0.569280 -0.006438 0.822119 0.000000 0.055360 0.998000 -0.030518 78.240257 -0.820278 0.062886 0.568498 0.000000 0.000000 0.000000 0.000000 1.000000
0.604297 -0.112103 0.788834 0.000000 -0.012394 0.988610 0.149988 78.300789 -0.796663 -0.100414 0.596025 0.000000 0.000000 0.000000 0.000000 1.000000
0.687731 -0.207102 0.695798 0.000000 -0.014458 0.954347 0.298350 78.298622 -0.725821 -0.215244 0.653340 0.000000 0.000000 0.000000 0.000000 1.000000
0.901727 -0.303533 0.307823 0.000000 0.340202 0.937588 -0.072056 82.715332 -0.266740 0.169697 0.948711 0.000000 0.000000 0.000000 0.000000 1.000000
-0.009894 -0.403705 -0.914836 0.000000 0.606270 0.725124 -0.326545 90.553047 0.795197 -0.557868 0.237580 0.000000 0.000000 0.000000 0.000000 1.000000
-0.009894 -0.403705 -0.914836 0.000000 0.606270 0.725124 -0.326545 90.553047 0.795197 -0.557868 0.237580 0.000000 0.000000 0.000000 0.000000 1.000000
0.195167 -0.423669 -0.884542 0.000000 0.708705 0.684363 -0.171419 93.401146 0.677972 -0.593424 0.433821 0.000000 0.000000 0.000000 0.000000 1.000000
0.442266 -0.465650 -0.766532 0.000000 0.775574 0.627784 0.066119 94.840836 0.450428 -0.623745 0.638794 0.000000 0.000000 0.000000 0.000000 1.000000
0.546239 -0.491863 -0.678007 0.000000 0.776737 0.600418 0.190205 95.367004 0.313533 -0.630530 0.710020 0.000000 0.000000 0.000000 0.000000 1.000000
0.420287 -0.455729 -0.784647 0.000000 0.782744 0.619497 0.059459 94.079559 0.458989 -0.639167 0.617085 0.000000 0.000000 0.000000 0.000000 1.000000
0.143295 -0.400435 -0.905052 0.000000 0.716030 0.673245 -0.184505 91.786331 0.683203 -0.621606 0.383196 0.000000 0.000000 0.000000 0.000000 1.000000
-0.009894 -0.403705 -0.914836 0.000000 0.606270 0.725124 -0.326545 90.553047 0.795197 -0.557868 0.237580 0.000000 0.000000 0.000000 0.000000 1.000000
0.129879 -0.473145 -0.871358 0.000000 0.566917 0.756423 -0.326235 91.484146 0.813472 -0.451617 0.366478 0.000000 0.000000 0.000000 0.000000 1.000000
0.406743 -0.536731 -0.739243 0.000000 0.553004 0.788760 -0.268411 89.904388 0.727149 -0.299630 0.617637 0.000000 0.000000 0.000000 0.000000 1.000000
0.653832 -0.545610 -0.524227 0.000000 0.524835 0.826099 -0.205205 87.801178 0.545025 -0.140963 0.826485 0.000000 0.000000 0.000000 0.000000 1.000000
0.901727 -0.303533 0.307823 0.000000 0.340202 0.937588 -0.072056 82.715332 -0.266740 0.169697 0.948711 0.000000 0.000000 0.000000 0.000000 1.000000
0.804101 -0.224054 0.550656 0.000000 0.166563 0.974071 0.153110 80.914040 -0.570683 -0.031397 0.820570 0.000000 0.000000 0.000000 0.000000 1.000000
0.687731 -0.207103 0.695798 0.000000 -0.014458 0.954347 0.298350 78.298622 -0.725822 -0.215244 0.653340 0.000000 0.000000 0.000000 0.000000 1.000000
0.604297 -0.112103 0.788834 0.000000 -0.012394 0.988610 0.149988 79.427483 -0.796663 -0.100414 0.596025 0.000000 0.000000 0.000000 0.000000 1.000000</float_array><technique_common><accessor source="#BatRig_Hips-Matrix-animation-output-transform-array" count="21" stride="16"><param type="float4x4"/></accessor></technique_common></source><source id="BatRig_Hips-Interpolations"><Name_array id="BatRig_Hips-Interpolations-array" count="21">
 LINEAR LINEAR LINEAR LINEAR LINEAR LINEAR LINEAR LINEAR LINEAR LINEAR LINEAR
LINEAR LINEAR LINEAR LINEAR LINEAR LINEAR LINEAR LINEAR LINEAR LINEAR</Name_array><technique_common><accessor source="#BatRig_Hips-Interpolations-array" count="21"><param type="name"/></accessor></technique_common></source><sampler id="BatRig_Hips-Matrix-animation-transform"><input semantic="INPUT" source="#BatRig_Hips-Matrix-animation-input"/><input semantic="OUTPUT" source="#BatRig_Hips-Matrix-animation-output-transform"/><input semantic="INTERPOLATION" source="#BatRig_Hips-Interpolations"/></sampler><channel source="#BatRig_Hips-Matrix-animation-transform" target="BatRig_Hips/matrix"/></animation><animation><source id="BatRig_Hips-visibility-animation-input"><float_array id="BatRig_Hips-visibility-animation-input-array" count="21">

0.000000 0.041667 0.083333 0.125000 0.166667 0.208333 0.250000 0.291667 0.333333 0.375000 0.416667 0.458333 0.500000 0.541667 0.583333 0.625000
0.666667 0.708333 0.750000 0.791667 0.833333</float_array><technique_common><accessor source="#BatRig_Hips-visibility-animation-input-array" count="21"><param name="TIME" type="float"/></accessor></technique_common></source><source id="BatRig_Hips-visibility-animation-output"><float_array id="BatRig_Hips-visibility-animation-output-array" count="21">

1.000000 1.000000 1.000000 1.000000 1.000000 1.000000 1.000000 1.000000 1.000000 1.000000 1.000000 1.000000 1.000000 1.000000 1.000000 1.000000
1.000000 1.000000 1.000000 1.000000 1.000000</float_array><technique_common><accessor source="#BatRig_Hips-visibility-animation-output-array" count="21"><param type="float"/></accessor></technique_common></source><source id="BatRig_Hips-visibility-animation-intan"><float_array id="BatRig_Hips-visibility-animation-intan-array" count="21">

0.000000 0.000000 0.000000 0.000000 0.000000 0.000000 0.000000 0.000000 0.000000 0.000000 0.000000 0.000000 0.000000 0.000000 0.000000 0.000000
0.000000 0.000000 0.000000 0.000000 0.000000</float_array><technique_common><accessor source="#BatRig_Hips-visibility-animation-intan-array" count="21"><param type="float"/></accessor></technique_common></source><source id="BatRig_Hips-visibility-animation-outtan"><float_array id="BatRig_Hips-visibility-animation-outtan-array" count="21">

0.000000 0.000000 0.000000 0.000000 0.000000 0.000000 0.000000 0.000000 0.000000 0.000000 0.000000 0.000000 0.000000 0.000000 0.000000 0.000000
0.000000 0.000000 0.000000 0.000000 0.000000</float_array><technique_common><accessor source="#BatRig_Hips-visibility-animation-outtan-array" count="21"><param type="float"/></accessor></technique_common></source><source id="BatRig_Hips-visibility-animation-interpolation"><Name_array id="BatRig_Hips-visibility-animation-interpolation-array" count="21">
 STEP STEP STEP STEP STEP STEP STEP STEP STEP STEP STEP STEP STEP STEP STEP STEP STEP
STEP STEP STEP BEZIER</Name_array><technique_common><accessor source="#BatRig_Hips-visibility-animation-interpolation-array" count="21"><param type="name"/></accessor></technique_common></source><sampler id="BatRig_Hips-visibility-animation"><input semantic="INPUT" source="#BatRig_Hips-visibility-animation-input"/><input semantic="OUTPUT" source="#BatRig_Hips-visibility-animation-output"/><input semantic="IN_TANGENT" source="#BatRig_Hips-visibility-animation-intan"/><input semantic="OUT_TANGENT" source="#BatRig_Hips-visibility-animation-outtan"/><input semantic="INTERPOLATION" source="#BatRig_Hips-visibility-animation-interpolation"/></sampler><channel source="#BatRig_Hips-visibility-animation" target="BatRig_Hips/visibility"/></animation></animation>
    <animation id="BatRig_Spine-anim" name="BatRig_Spine"><animation><source id="BatRig_Spine-Matrix-animation-input"><float_array id="BatRig_Spine-Matrix-animation-input-array" count="21">

0.000000 0.041667 0.083333 0.125000 0.166667 0.208333 0.250000 0.291667 0.333333 0.375000 0.416667 0.458333 0.500000 0.541667 0.583333 0.625000
0.666667 0.708333 0.750000 0.791667 0.833333</float_array><technique_common><accessor source="#BatRig_Spine-Matrix-animation-input-array" count="21"><param name="TIME" type="float"/></accessor></technique_common></source><source id="BatRig_Spine-Matrix-animation-output-transform"><float_array id="BatRig_Spine-Matrix-animation-output-transform-array" count="336">

0.997810 0.059408 -0.029068 0.000006 -0.058297 0.997588 0.037672 3.725675 0.031236 -0.035895 0.998867 -0.000004 0.000000 0.000000 0.000000 1.000000
0.997810 0.059408 -0.029068 0.000006 -0.058297 0.997588 0.037672 3.725675 0.031236 -0.035895 0.998867 -0.000004 0.000000 0.000000 0.000000 1.000000
0.997810 0.059408 -0.029071 0.000006 -0.058297 0.997588 0.037672 3.725675 0.031239 -0.035895 0.998867 -0.000004 0.000000 0.000000 0.000000 1.000000
0.997700 0.059787 -0.031937 0.000006 -0.058575 0.997573 0.037635 3.725675 0.034110 -0.035678 0.998781 -0.000004 0.000000 0.000000 0.000000 1.000000
0.997505 0.061425 -0.034795 0.000006 -0.060110 0.997482 0.037643 3.725675 0.037020 -0.035458 0.998685 -0.000004 0.000000 0.000000 0.000000 1.000000
0.996992 0.066954 0.039032 0.000006 -0.070791 0.991734 0.107020 3.725675 -0.031544 -0.109461 0.993490 -0.000004 0.000000 0.000000 0.000000 1.000000
0.975199 0.071254 0.209547 0.000006 -0.078694 0.996523 0.027374 3.725675 -0.206868 -0.043185 0.977415 -0.000004 0.000000 0.000000 0.000000 1.000000
0.975199 0.071254 0.209547 0.000006 -0.078694 0.996523 0.027374 3.725675 -0.206868 -0.043185 0.977415 -0.000004 0.000000 0.000000 0.000000 1.000000
0.968690 0.063334 0.240060 0.000006 -0.072028 0.997020 0.027607 3.725675 -0.237596 -0.044034 0.970365 -0.000004 0.000000 0.000000 0.000000 1.000000
0.967238 0.052560 0.248371 0.000006 -0.062110 0.997595 0.030767 3.725675 -0.246157 -0.045185 0.968176 -0.000004 0.000000 0.000000 0.000000 1.000000
0.967201 0.046968 0.249633 0.000006 -0.056884 0.997847 0.032652 3.725675 -0.247562 -0.045781 0.967790 -0.000004 0.000000 0.000000 0.000000 1.000000
0.969932 0.052001 0.237756 0.000006 -0.061240 0.997622 0.031636 3.725675 -0.235545 -0.045245 0.970810 -0.000004 0.000000 0.000000 0.000000 1.000000
0.974240 0.061761 0.216891 0.000006 -0.069850 0.997112 0.029820 3.725675 -0.214423 -0.044202 0.975740 -0.000004 0.000000 0.000000 0.000000 1.000000
0.975199 0.071254 0.209547 0.000006 -0.078694 0.996523 0.027374 3.725675 -0.206868 -0.043185 0.977415 -0.000004 0.000000 0.000000 0.000000 1.000000
0.973722 0.070648 0.216506 0.000006 -0.079838 0.996228 0.033986 3.725675 -0.213289 -0.050378 0.975689 -0.000004 0.000000 0.000000 0.000000 1.000000
0.980364 0.069733 0.184455 0.000006 -0.079754 0.995684 0.047470 3.725675 -0.180349 -0.061249 0.981694 -0.000004 0.000000 0.000000 0.000000 1.000000
0.987461 0.068918 0.142023 0.000006 -0.078163 0.995099 0.060576 3.725675 -0.137152 -0.070917 0.988008 -0.000004 0.000000 0.000000 0.000000 1.000000
0.996992 0.066955 0.039031 0.000006 -0.070791 0.991734 0.107020 3.725675 -0.031543 -0.109461 0.993490 -0.000004 0.000000 0.000000 0.000000 1.000000
0.997930 0.063587 0.009586 0.000006 -0.064082 0.995762 0.065962 3.725675 -0.005351 -0.066440 0.997776 -0.000004 0.000000 0.000000 0.000000 1.000000
0.997505 0.061424 -0.034796 0.000006 -0.060109 0.997482 0.037643 3.725675 0.037021 -0.035458 0.998685 -0.000004 0.000000 0.000000 0.000000 1.000000
0.997787 0.059603 -0.029465 0.000006 -0.058478 0.997578 0.037670 3.725675 0.031639 -0.035864 0.998856 -0.000004 0.000000 0.000000 0.000000 1.000000</float_array><technique_common><accessor source="#BatRig_Spine-Matrix-animation-output-transform-array" count="21" stride="16"><param type="float4x4"/></accessor></technique_common></source><source id="BatRig_Spine-Interpolations"><Name_array id="BatRig_Spine-Interpolations-array" count="21">
 LINEAR LINEAR LINEAR LINEAR LINEAR LINEAR LINEAR LINEAR LINEAR LINEAR LINEAR
LINEAR LINEAR LINEAR LINEAR LINEAR LINEAR LINEAR LINEAR LINEAR LINEAR</Name_array><technique_common><accessor source="#BatRig_Spine-Interpolations-array" count="21"><param type="name"/></accessor></technique_common></source><sampler id="BatRig_Spine-Matrix-animation-transform"><input semantic="INPUT" source="#BatRig_Spine-Matrix-animation-input"/><input semantic="OUTPUT" source="#BatRig_Spine-Matrix-animation-output-transform"/><input semantic="INTERPOLATION" source="#BatRig_Spine-Interpolations"/></sampler><channel source="#BatRig_Spine-Matrix-animation-transform" target="BatRig_Spine/matrix"/></animation><animation><source id="BatRig_Spine-visibility-animation-input"><float_array id="BatRig_Spine-visibility-animation-input-array" count="21">

0.000000 0.041667 0.083333 0.125000 0.166667 0.208333 0.250000 0.291667 0.333333 0.375000 0.416667 0.458333 0.500000 0.541667 0.583333 0.625000
0.666667 0.708333 0.750000 0.791667 0.833333</float_array><technique_common><accessor source="#BatRig_Spine-visibility-animation-input-array" count="21"><param name="TIME" type="float"/></accessor></technique_common></source><source id="BatRig_Spine-visibility-animation-output"><float_array id="BatRig_Spine-visibility-animation-output-array" count="21">

1.000000 1.000000 1.000000 1.000000 1.000000 1.000000 1.000000 1.000000 1.000000 1.000000 1.000000 1.000000 1.000000 1.000000 1.000000 1.000000
1.000000 1.000000 1.000000 1.000000 1.000000</float_array><technique_common><accessor source="#BatRig_Spine-visibility-animation-output-array" count="21"><param type="float"/></accessor></technique_common></source><source id="BatRig_Spine-visibility-animation-intan"><float_array id="BatRig_Spine-visibility-animation-intan-array" count="21">

0.000000 0.000000 0.000000 0.000000 0.000000 0.000000 0.000000 0.000000 0.000000 0.000000 0.000000 0.000000 0.000000 0.000000 0.000000 0.000000
0.000000 0.000000 0.000000 0.000000 0.000000</float_array><technique_common><accessor source="#BatRig_Spine-visibility-animation-intan-array" count="21"><param type="float"/></accessor></technique_common></source><source id="BatRig_Spine-visibility-animation-outtan"><float_array id="BatRig_Spine-visibility-animation-outtan-array" count="21">

0.000000 0.000000 0.000000 0.000000 0.000000 0.000000 0.000000 0.000000 0.000000 0.000000 0.000000 0.000000 0.000000 0.000000 0.000000 0.000000
0.000000 0.000000 0.000000 0.000000 0.000000</float_array><technique_common><accessor source="#BatRig_Spine-visibility-animation-outtan-array" count="21"><param type="float"/></accessor></technique_common></source><source id="BatRig_Spine-visibility-animation-interpolation"><Name_array id="BatRig_Spine-visibility-animation-interpolation-array" count="21">
 STEP STEP STEP STEP STEP STEP STEP STEP STEP STEP STEP STEP STEP STEP STEP STEP STEP
STEP STEP STEP BEZIER</Name_array><technique_common><accessor source="#BatRig_Spine-visibility-animation-interpolation-array" count="21"><param type="name"/></accessor></technique_common></source><sampler id="BatRig_Spine-visibility-animation"><input semantic="INPUT" source="#BatRig_Spine-visibility-animation-input"/><input semantic="OUTPUT" source="#BatRig_Spine-visibility-animation-output"/><input semantic="IN_TANGENT" source="#BatRig_Spine-visibility-animation-intan"/><input semantic="OUT_TANGENT" source="#BatRig_Spine-visibility-animation-outtan"/><input semantic="INTERPOLATION" source="#BatRig_Spine-visibility-animation-interpolation"/></sampler><channel source="#BatRig_Spine-visibility-animation" target="BatRig_Spine/visibility"/></animation></animation>
    <animation id="BatRig_Spine1-anim" name="BatRig_Spine1"><animation><source id="BatRig_Spine1-Matrix-animation-input"><float_array id="BatRig_Spine1-Matrix-animation-input-array" count="21">

0.000000 0.041667 0.083333 0.125000 0.166667 0.208333 0.250000 0.291667 0.333333 0.375000 0.416667 0.458333 0.500000 0.541667 0.583333 0.625000
0.666667 0.708333 0.750000 0.791667 0.833333</float_array><technique_common><accessor source="#BatRig_Spine1-Matrix-animation-input-array" count="21"><param name="TIME" type="float"/></accessor></technique_common></source><source id="BatRig_Spine1-Matrix-animation-output-transform"><float_array id="BatRig_Spine1-Matrix-animation-output-transform-array" count="336">

0.999999 0.001448 0.000200 -0.000004 -0.001424 0.995933 -0.090086 10.999834 -0.000330 0.090086 0.995934 0.000001 0.000000 0.000000 0.000000 1.000000
0.999999 0.001448 0.000200 -0.000004 -0.001424 0.995933 -0.090086 10.999834 -0.000330 0.090086 0.995934 0.000001 0.000000 0.000000 0.000000 1.000000
0.999999 0.001448 0.000200 -0.000004 -0.001424 0.995933 -0.090086 10.999834 -0.000330 0.090086 0.995934 0.000001 0.000000 0.000000 0.000000 1.000000
0.999627 0.005136 -0.026809 -0.000004 -0.007579 0.995746 -0.091830 10.999834 0.026223 0.091999 0.995414 0.000001 0.000000 0.000000 0.000000 1.000000
0.998436 0.015217 -0.053798 -0.000004 -0.020181 0.995465 -0.092963 10.999834 0.052139 0.093903 0.994215 0.000001 0.000000 0.000000 0.000000 1.000000
0.999146 0.039794 -0.011168 -0.000004 -0.039169 0.997905 0.051483 10.999834 0.013193 -0.051002 0.998611 0.000001 0.000000 0.000000 0.000000 1.000000
0.985830 0.089769 0.141709 -0.000004 -0.067344 0.985492 -0.155791 10.999834 -0.153638 0.144040 0.977572 0.000001 0.000000 0.000000 0.000000 1.000000
0.985830 0.089769 0.141709 -0.000004 -0.067344 0.985492 -0.155791 10.999834 -0.153638 0.144040 0.977572 0.000001 0.000000 0.000000 0.000000 1.000000
0.986642 0.083983 0.139585 -0.000004 -0.051552 0.973795 -0.221507 10.999834 -0.154530 0.211352 0.965117 0.000001 0.000000 0.000000 0.000000 1.000000
0.987686 0.076111 0.136686 -0.000004 -0.039278 0.966337 -0.254263 10.999834 -0.151437 0.245763 0.957427 0.000001 0.000000 0.000000 0.000000 1.000000
0.988200 0.072025 0.135177 -0.000004 -0.033817 0.963358 -0.266080 10.999834 -0.149388 0.258369 0.954426 0.000001 0.000000 0.000000 0.000000 1.000000
0.987738 0.075702 0.136536 -0.000004 -0.041574 0.970533 -0.237355 10.999834 -0.150481 0.228768 0.961780 0.000001 0.000000 0.000000 0.000000 1.000000
0.986799 0.082834 0.139163 -0.000004 -0.056273 0.981132 -0.184970 10.999834 -0.151859 0.174697 0.972841 0.000001 0.000000 0.000000 0.000000 1.000000
0.985830 0.089769 0.141709 -0.000004 -0.067344 0.985492 -0.155791 10.999834 -0.153638 0.144040 0.977572 0.000001 0.000000 0.000000 0.000000 1.000000
0.988287 0.083303 0.127866 -0.000004 -0.061887 0.984656 -0.163164 10.999834 -0.139496 0.153340 0.978278 0.000001 0.000000 0.000000 0.000000 1.000000
0.992113 0.073522 0.101522 -0.000004 -0.060953 0.990682 -0.121793 10.999834 -0.109530 0.114644 0.987350 0.000001 0.000000 0.000000 0.000000 1.000000
0.995616 0.064812 0.067442 -0.000004 -0.058199 0.993699 -0.095785 10.999834 -0.073225 0.091440 0.993115 0.000001 0.000000 0.000000 0.000000 1.000000
0.999146 0.039794 -0.011168 -0.000004 -0.039169 0.997905 0.051483 10.999834 0.013193 -0.051002 0.998611 0.000001 0.000000 0.000000 0.000000 1.000000
0.999342 0.026089 -0.025189 -0.000004 -0.026908 0.999102 -0.032732 10.999834 0.024312 0.033388 0.999147 0.000001 0.000000 0.000000 0.000000 1.000000
0.998436 0.015217 -0.053798 -0.000004 -0.020181 0.995465 -0.092963 10.999834 0.052139 0.093903 0.994215 0.000001 0.000000 0.000000 0.000000 1.000000
0.999990 0.002681 -0.003549 -0.000004 -0.002991 0.995906 -0.090342 10.999834 0.003292 0.090352 0.995904 0.000001 0.000000 0.000000 0.000000 1.000000</float_array><technique_common><accessor source="#BatRig_Spine1-Matrix-animation-output-transform-array" count="21" stride="16"><param type="float4x4"/></accessor></technique_common></source><source id="BatRig_Spine1-Interpolations"><Name_array id="BatRig_Spine1-Interpolations-array" count="21">
 LINEAR LINEAR LINEAR LINEAR LINEAR LINEAR LINEAR LINEAR LINEAR LINEAR LINEAR
LINEAR LINEAR LINEAR LINEAR LINEAR LINEAR LINEAR LINEAR LINEAR LINEAR</Name_array><technique_common><accessor source="#BatRig_Spine1-Interpolations-array" count="21"><param type="name"/></accessor></technique_common></source><sampler id="BatRig_Spine1-Matrix-animation-transform"><input semantic="INPUT" source="#BatRig_Spine1-Matrix-animation-input"/><input semantic="OUTPUT" source="#BatRig_Spine1-Matrix-animation-output-transform"/><input semantic="INTERPOLATION" source="#BatRig_Spine1-Interpolations"/></sampler><channel source="#BatRig_Spine1-Matrix-animation-transform" target="BatRig_Spine1/matrix"/></animation><animation><source id="BatRig_Spine1-visibility-animation-input"><float_array id="BatRig_Spine1-visibility-animation-input-array" count="21">

0.000000 0.041667 0.083333 0.125000 0.166667 0.208333 0.250000 0.291667 0.333333 0.375000 0.416667 0.458333 0.500000 0.541667 0.583333 0.625000
0.666667 0.708333 0.750000 0.791667 0.833333</float_array><technique_common><accessor source="#BatRig_Spine1-visibility-animation-input-array" count="21"><param name="TIME" type="float"/></accessor></technique_common></source><source id="BatRig_Spine1-visibility-animation-output"><float_array id="BatRig_Spine1-visibility-animation-output-array" count="21">

1.000000 1.000000 1.000000 1.000000 1.000000 1.000000 1.000000 1.000000 1.000000 1.000000 1.000000 1.000000 1.000000 1.000000 1.000000 1.000000
1.000000 1.000000 1.000000 1.000000 1.000000</float_array><technique_common><accessor source="#BatRig_Spine1-visibility-animation-output-array" count="21"><param type="float"/></accessor></technique_common></source><source id="BatRig_Spine1-visibility-animation-intan"><float_array id="BatRig_Spine1-visibility-animation-intan-array" count="21">

0.000000 0.000000 0.000000 0.000000 0.000000 0.000000 0.000000 0.000000 0.000000 0.000000 0.000000 0.000000 0.000000 0.000000 0.000000 0.000000
0.000000 0.000000 0.000000 0.000000 0.000000</float_array><technique_common><accessor source="#BatRig_Spine1-visibility-animation-intan-array" count="21"><param type="float"/></accessor></technique_common></source><source id="BatRig_Spine1-visibility-animation-outtan"><float_array id="BatRig_Spine1-visibility-animation-outtan-array" count="21">

0.000000 0.000000 0.000000 0.000000 0.000000 0.000000 0.000000 0.000000 0.000000 0.000000 0.000000 0.000000 0.000000 0.000000 0.000000 0.000000
0.000000 0.000000 0.000000 0.000000 0.000000</float_array><technique_common><accessor source="#BatRig_Spine1-visibility-animation-outtan-array" count="21"><param type="float"/></accessor></technique_common></source><source id="BatRig_Spine1-visibility-animation-interpolation"><Name_array id="BatRig_Spine1-visibility-animation-interpolation-array" count="21">
 STEP STEP STEP STEP STEP STEP STEP STEP STEP STEP STEP STEP STEP STEP STEP STEP STEP
STEP STEP STEP BEZIER</Name_array><technique_common><accessor source="#BatRig_Spine1-visibility-animation-interpolation-array" count="21"><param type="name"/></accessor></technique_common></source><sampler id="BatRig_Spine1-visibility-animation"><input semantic="INPUT" source="#BatRig_Spine1-visibility-animation-input"/><input semantic="OUTPUT" source="#BatRig_Spine1-visibility-animation-output"/><input semantic="IN_TANGENT" source="#BatRig_Spine1-visibility-animation-intan"/><input semantic="OUT_TANGENT" source="#BatRig_Spine1-visibility-animation-outtan"/><input semantic="INTERPOLATION" source="#BatRig_Spine1-visibility-animation-interpolation"/></sampler><channel source="#BatRig_Spine1-visibility-animation" target="BatRig_Spine1/visibility"/></animation></animation>
    <animation id="BatRig_Spine2-anim" name="BatRig_Spine2"><animation><source id="BatRig_Spine2-Matrix-animation-input"><float_array id="BatRig_Spine2-Matrix-animation-input-array" count="21">

0.000000 0.041667 0.083333 0.125000 0.166667 0.208333 0.250000 0.291667 0.333333 0.375000 0.416667 0.458333 0.500000 0.541667 0.583333 0.625000
0.666667 0.708333 0.750000 0.791667 0.833333</float_array><technique_common><accessor source="#BatRig_Spine2-Matrix-animation-input-array" count="21"><param name="TIME" type="float"/></accessor></technique_common></source><source id="BatRig_Spine2-Matrix-animation-output-transform"><float_array id="BatRig_Spine2-Matrix-animation-output-transform-array" count="336">

0.999999 0.001455 0.000139 -0.000007 -0.001437 0.995933 -0.090086 11.776693 -0.000270 0.090086 0.995934 0.000010 0.000000 0.000000 0.000000 1.000000
0.999999 0.001455 0.000139 -0.000007 -0.001437 0.995933 -0.090086 11.776693 -0.000270 0.090086 0.995934 0.000010 0.000000 0.000000 0.000000 1.000000
0.999999 0.001456 0.000140 -0.000007 -0.001437 0.995933 -0.090086 11.776693 -0.000271 0.090086 0.995934 0.000010 0.000000 0.000000 0.000000 1.000000
0.999626 0.003267 -0.027166 -0.000007 -0.005751 0.995753 -0.091883 11.776693 0.026750 0.092005 0.995399 0.000010 0.000000 0.000000 0.000000 1.000000
0.998440 0.010302 -0.054876 -0.000007 -0.015392 0.995532 -0.093165 11.776693 0.053671 0.093864 0.994137 0.000010 0.000000 0.000000 0.000000 1.000000
0.999330 0.031447 -0.018743 -0.000007 -0.030404 0.998102 0.053547 11.776693 0.020391 -0.052941 0.998389 0.000010 0.000000 0.000000 0.000000 1.000000
0.985101 0.104429 0.136643 -0.000007 -0.082753 0.984334 -0.155684 11.776693 -0.150760 0.142057 0.978310 0.000010 0.000000 0.000000 0.000000 1.000000
0.985101 0.104429 0.136643 -0.000007 -0.082753 0.984334 -0.155684 11.776693 -0.150760 0.142057 0.978310 0.000010 0.000000 0.000000 0.000000 1.000000
0.984537 0.110887 0.135611 -0.000007 -0.081390 0.975075 -0.206408 11.776693 -0.155119 0.192179 0.969023 0.000010 0.000000 0.000000 0.000000 1.000000
0.984444 0.112591 0.134883 -0.000007 -0.080204 0.971014 -0.225163 11.776693 -0.156325 0.210842 0.964939 0.000010 0.000000 0.000000 0.000000 1.000000
0.984461 0.112822 0.134568 -0.000007 -0.079668 0.969854 -0.230297 11.776693 -0.156494 0.215998 0.963771 0.000010 0.000000 0.000000 0.000000 1.000000
0.984676 0.110312 0.135072 -0.000007 -0.080433 0.974494 -0.209503 11.776693 -0.154738 0.195428 0.968434 0.000010 0.000000 0.000000 0.000000 1.000000
0.985029 0.105925 0.136003 -0.000007 -0.081766 0.981638 -0.172338 11.776693 -0.151761 0.158637 0.975604 0.000010 0.000000 0.000000 0.000000 1.000000
0.985101 0.104429 0.136643 -0.000007 -0.082753 0.984334 -0.155684 11.776693 -0.150760 0.142057 0.978310 0.000010 0.000000 0.000000 0.000000 1.000000
0.987471 0.099412 0.122547 -0.000007 -0.079310 0.984054 -0.159208 11.776693 -0.136420 0.147494 0.979610 0.000010 0.000000 0.000000 0.000000 1.000000
0.991746 0.084825 0.096145 -0.000007 -0.073275 0.990320 -0.117883 11.776693 -0.105214 0.109865 0.988362 0.000010 0.000000 0.000000 0.000000 1.000000
0.995496 0.072329 0.061295 -0.000007 -0.066616 0.993656 -0.090614 11.776693 -0.067460 0.086123 0.993998 0.000010 0.000000 0.000000 0.000000 1.000000
0.999330 0.031447 -0.018743 -0.000007 -0.030404 0.998102 0.053547 11.776693 0.020391 -0.052941 0.998389 0.000010 0.000000 0.000000 0.000000 1.000000
0.999350 0.021462 -0.028964 -0.000007 -0.022386 0.999238 -0.031975 11.776693 0.028256 0.032603 0.999069 0.000010 0.000000 0.000000 0.000000 1.000000
0.998440 0.010302 -0.054876 -0.000007 -0.015392 0.995532 -0.093165 11.776693 0.053671 0.093864 0.994137 0.000010 0.000000 0.000000 0.000000 1.000000
0.999991 0.002296 -0.003700 -0.000007 -0.002621 0.995907 -0.090347 11.776693 0.003477 0.090356 0.995903 0.000010 0.000000 0.000000 0.000000 1.000000</float_array><technique_common><accessor source="#BatRig_Spine2-Matrix-animation-output-transform-array" count="21" stride="16"><param type="float4x4"/></accessor></technique_common></source><source id="BatRig_Spine2-Interpolations"><Name_array id="BatRig_Spine2-Interpolations-array" count="21">
 LINEAR LINEAR LINEAR LINEAR LINEAR LINEAR LINEAR LINEAR LINEAR LINEAR LINEAR
LINEAR LINEAR LINEAR LINEAR LINEAR LINEAR LINEAR LINEAR LINEAR LINEAR</Name_array><technique_common><accessor source="#BatRig_Spine2-Interpolations-array" count="21"><param type="name"/></accessor></technique_common></source><sampler id="BatRig_Spine2-Matrix-animation-transform"><input semantic="INPUT" source="#BatRig_Spine2-Matrix-animation-input"/><input semantic="OUTPUT" source="#BatRig_Spine2-Matrix-animation-output-transform"/><input semantic="INTERPOLATION" source="#BatRig_Spine2-Interpolations"/></sampler><channel source="#BatRig_Spine2-Matrix-animation-transform" target="BatRig_Spine2/matrix"/></animation><animation><source id="BatRig_Spine2-visibility-animation-input"><float_array id="BatRig_Spine2-visibility-animation-input-array" count="21">

0.000000 0.041667 0.083333 0.125000 0.166667 0.208333 0.250000 0.291667 0.333333 0.375000 0.416667 0.458333 0.500000 0.541667 0.583333 0.625000
0.666667 0.708333 0.750000 0.791667 0.833333</float_array><technique_common><accessor source="#BatRig_Spine2-visibility-animation-input-array" count="21"><param name="TIME" type="float"/></accessor></technique_common></source><source id="BatRig_Spine2-visibility-animation-output"><float_array id="BatRig_Spine2-visibility-animation-output-array" count="21">

1.000000 1.000000 1.000000 1.000000 1.000000 1.000000 1.000000 1.000000 1.000000 1.000000 1.000000 1.000000 1.000000 1.000000 1.000000 1.000000
1.000000 1.000000 1.000000 1.000000 1.000000</float_array><technique_common><accessor source="#BatRig_Spine2-visibility-animation-output-array" count="21"><param type="float"/></accessor></technique_common></source><source id="BatRig_Spine2-visibility-animation-intan"><float_array id="BatRig_Spine2-visibility-animation-intan-array" count="21">

0.000000 0.000000 0.000000 0.000000 0.000000 0.000000 0.000000 0.000000 0.000000 0.000000 0.000000 0.000000 0.000000 0.000000 0.000000 0.000000
0.000000 0.000000 0.000000 0.000000 0.000000</float_array><technique_common><accessor source="#BatRig_Spine2-visibility-animation-intan-array" count="21"><param type="float"/></accessor></technique_common></source><source id="BatRig_Spine2-visibility-animation-outtan"><float_array id="BatRig_Spine2-visibility-animation-outtan-array" count="21">

0.000000 0.000000 0.000000 0.000000 0.000000 0.000000 0.000000 0.000000 0.000000 0.000000 0.000000 0.000000 0.000000 0.000000 0.000000 0.000000
0.000000 0.000000 0.000000 0.000000 0.000000</float_array><technique_common><accessor source="#BatRig_Spine2-visibility-animation-outtan-array" count="21"><param type="float"/></accessor></technique_common></source><source id="BatRig_Spine2-visibility-animation-interpolation"><Name_array id="BatRig_Spine2-visibility-animation-interpolation-array" count="21">
 STEP STEP STEP STEP STEP STEP STEP STEP STEP STEP STEP STEP STEP STEP STEP STEP STEP
STEP STEP STEP BEZIER</Name_array><technique_common><accessor source="#BatRig_Spine2-visibility-animation-interpolation-array" count="21"><param type="name"/></accessor></technique_common></source><sampler id="BatRig_Spine2-visibility-animation"><input semantic="INPUT" source="#BatRig_Spine2-visibility-animation-input"/><input semantic="OUTPUT" source="#BatRig_Spine2-visibility-animation-output"/><input semantic="IN_TANGENT" source="#BatRig_Spine2-visibility-animation-intan"/><input semantic="OUT_TANGENT" source="#BatRig_Spine2-visibility-animation-outtan"/><input semantic="INTERPOLATION" source="#BatRig_Spine2-visibility-animation-interpolation"/></sampler><channel source="#BatRig_Spine2-visibility-animation" target="BatRig_Spine2/visibility"/></animation></animation>
    <animation id="BatRig_Spine3-anim" name="BatRig_Spine3"><animation><source id="BatRig_Spine3-Matrix-animation-input"><float_array id="BatRig_Spine3-Matrix-animation-input-array" count="21">

0.000000 0.041667 0.083333 0.125000 0.166667 0.208333 0.250000 0.291667 0.333333 0.375000 0.416667 0.458333 0.500000 0.541667 0.583333 0.625000
