<?xml version="1.0" encoding="utf-8"?>
<COLLADA xmlns="http://www.collada.org/2005/11/COLLADASchema" version="1.4.1">
  <asset><contributor><author></author><authoring_tool>FBX COLLADA exporter</authoring_tool><comments></comments></contributor><created>2017-08-30T19:22:17Z</created><keywords></keywords><modified>2017-08-30T19:22:17Z</modified><revision></revision><subject></subject><title></title><unit meter="0.010000" name="centimeter"></unit><up_axis>Y_UP</up_axis></asset>
  <library_animations>
    <animation id="BatRig_Reference-anim" name="BatRig_Reference"><animation><source id="BatRig_Reference-Matrix-animation-input"><float_array id="BatRig_Reference-Matrix-animation-input-array" count="22">

0.000000 0.041667 0.083333 0.125000 0.166667 0.208333 0.250000 0.291667 0.333333 0.375000 0.416667 0.458333 0.500000 0.541667 0.583333 0.625000
0.666667 0.708333 0.750000 0.791667 0.833333 0.875000</float_array><technique_common><accessor source="#BatRig_Reference-Matrix-animation-input-array" count="22"><param name="TIME" type="float"/></accessor></technique_common></source><source id="BatRig_Reference-Matrix-animation-output-transform"><float_array id="BatRig_Reference-Matrix-animation-output-transform-array" count="352">

1.000000 0.000000 0.000000 1.599799 0.000000 1.000000 0.000000 0.000000 0.000000 0.000000 1.000000 15.174957 0.000000 0.000000 0.000000 1.000000
1.000000 0.000000 0.000000 1.599799 0.000000 1.000000 0.000000 0.000000 0.000000 0.000000 1.000000 15.174957 0.000000 0.000000 0.000000 1.000000
1.000000 0.000000 0.000000 0.882645 0.000000 1.000000 0.000000 0.000000 0.000000 0.000000 1.000000 25.828762 0.000000 0.000000 0.000000 1.000000
1.000000 0.000000 0.000000 0.932076 0.000000 1.000000 0.000000 0.000000 0.000000 0.000000 1.000000 24.342865 0.000000 0.000000 0.000000 1.000000
1.000000 0.000000 0.000000 0.997130 0.000000 1.000000 0.000000 0.000000 0.000000 0.000000 1.000000 22.824385 0.000000 0.000000 0.000000 1.000000
1.000000 0.000000 0.000000 0.993570 0.000000 1.000000 0.000000 0.000000 0.000000 0.000000 1.000000 29.225012 0.000000 0.000000 0.000000 1.000000
1.000000 0.000000 0.000000 1.112232 0.000000 1.000000 0.000000 0.000000 0.000000 0.000000 1.000000 32.510555 0.000000 0.000000 0.000000 1.000000
1.000000 0.000000 0.000000 1.365001 0.000000 1.000000 0.000000 0.000000 0.000000 0.000000 1.000000 22.904612 0.000000 0.000000 0.000000 1.000000
1.000000 0.000000 0.000000 3.296723 0.000000 1.000000 0.000000 0.000000 0.000000 0.000000 1.000000 40.461487 0.000000 0.000000 0.000000 1.000000
1.000000 0.000000 0.000000 5.285352 0.000000 1.000000 0.000000 0.000000 0.000000 0.000000 1.000000 65.972305 0.000000 0.000000 0.000000 1.000000
1.000000 0.000000 0.000000 5.285352 0.000000 1.000000 0.000000 0.000000 0.000000 0.000000 1.000000 65.972305 0.000000 0.000000 0.000000 1.000000
1.000000 0.000000 0.000000 5.103573 0.000000 1.000000 0.000000 0.000000 0.000000 0.000000 1.000000 62.708504 0.000000 0.000000 0.000000 1.000000
1.000000 0.000000 0.000000 4.666262 0.000000 1.000000 0.000000 0.000000 0.000000 0.000000 1.000000 57.060936 0.000000 0.000000 0.000000 1.000000
1.000000 0.000000 0.000000 4.059518 0.000000 1.000000 0.000000 0.000000 0.000000 0.000000 1.000000 52.020374 0.000000 0.000000 0.000000 1.000000
1.000000 0.000000 0.000000 3.374996 0.000000 1.000000 0.000000 0.000000 0.000000 0.000000 1.000000 49.789619 0.000000 0.000000 0.000000 1.000000
1.000000 0.000000 0.000000 2.480402 0.000000 1.000000 0.000000 0.000000 0.000000 0.000000 1.000000 52.952137 0.000000 0.000000 0.000000 1.000000
1.000000 0.000000 0.000000 1.327081 0.000000 1.000000 0.000000 0.000000 0.000000 0.000000 1.000000 59.579834 0.000000 0.000000 0.000000 1.000000
1.000000 0.000000 0.000000 -0.587883 0.000000 1.000000 0.000000 0.000000 0.000000 0.000000 1.000000 71.751221 0.000000 0.000000 0.000000 1.000000
1.000000 0.000000 0.000000 -1.078388 0.000000 1.000000 0.000000 0.000000 0.000000 0.000000 1.000000 73.846504 0.000000 0.000000 0.000000 1.000000
1.000000 0.000000 0.000000 -0.734606 0.000000 1.000000 0.000000 0.000000 0.000000 0.000000 1.000000 74.425880 0.000000 0.000000 0.000000 1.000000
1.000000 0.000000 0.000000 -0.021936 0.000000 1.000000 0.000000 0.000000 0.000000 0.000000 1.000000 75.390099 0.000000 0.000000 0.000000 1.000000
1.000000 0.000000 0.000000 1.504097 0.000000 1.000000 0.000000 0.000000 0.000000 0.000000 1.000000 77.480141 0.000000 0.000000 0.000000 1.000000</float_array><technique_common><accessor source="#BatRig_Reference-Matrix-animation-output-transform-array" count="22" stride="16"><param type="float4x4"/></accessor></technique_common></source><source id="BatRig_Reference-Interpolations"><Name_array id="BatRig_Reference-Interpolations-array" count="22">
 LINEAR LINEAR LINEAR LINEAR LINEAR LINEAR LINEAR LINEAR LINEAR LINEAR LINEAR
LINEAR LINEAR LINEAR LINEAR LINEAR LINEAR LINEAR LINEAR LINEAR LINEAR LINEAR</Name_array><technique_common><accessor source="#BatRig_Reference-Interpolations-array" count="22"><param type="name"/></accessor></technique_common></source><sampler id="BatRig_Reference-Matrix-animation-transform"><input semantic="INPUT" source="#BatRig_Reference-Matrix-animation-input"/><input semantic="OUTPUT" source="#BatRig_Reference-Matrix-animation-output-transform"/><input semantic="INTERPOLATION" source="#BatRig_Reference-Interpolations"/></sampler><channel source="#BatRig_Reference-Matrix-animation-transform" target="BatRig_Reference/matrix"/></animation><animation><source id="BatRig_Reference-visibility-animation-input"><float_array id="BatRig_Reference-visibility-animation-input-array" count="22">

0.000000 0.041667 0.083333 0.125000 0.166667 0.208333 0.250000 0.291667 0.333333 0.375000 0.416667 0.458333 0.500000 0.541667 0.583333 0.625000
0.666667 0.708333 0.750000 0.791667 0.833333 0.875000</float_array><technique_common><accessor source="#BatRig_Reference-visibility-animation-input-array" count="22"><param name="TIME" type="float"/></accessor></technique_common></source><source id="BatRig_Reference-visibility-animation-output"><float_array id="BatRig_Reference-visibility-animation-output-array" count="22">

1.000000 1.000000 1.000000 1.000000 1.000000 1.000000 1.000000 1.000000 1.000000 1.000000 1.000000 1.000000 1.000000 1.000000 1.000000 1.000000
1.000000 1.000000 1.000000 1.000000 1.000000 1.000000</float_array><technique_common><accessor source="#BatRig_Reference-visibility-animation-output-array" count="22"><param type="float"/></accessor></technique_common></source><source id="BatRig_Reference-visibility-animation-intan"><float_array id="BatRig_Reference-visibility-animation-intan-array" count="22">

0.000000 0.000000 0.000000 0.000000 0.000000 0.000000 0.000000 0.000000 0.000000 0.000000 0.000000 0.000000 0.000000 0.000000 0.000000 0.000000
0.000000 0.000000 0.000000 0.000000 0.000000 0.000000</float_array><technique_common><accessor source="#BatRig_Reference-visibility-animation-intan-array" count="22"><param type="float"/></accessor></technique_common></source><source id="BatRig_Reference-visibility-animation-outtan"><float_array id="BatRig_Reference-visibility-animation-outtan-array" count="22">

0.000000 0.000000 0.000000 0.000000 0.000000 0.000000 0.000000 0.000000 0.000000 0.000000 0.000000 0.000000 0.000000 0.000000 0.000000 0.000000
0.000000 0.000000 0.000000 0.000000 0.000000 0.000000</float_array><technique_common><accessor source="#BatRig_Reference-visibility-animation-outtan-array" count="22"><param type="float"/></accessor></technique_common></source><source id="BatRig_Reference-visibility-animation-interpolation"><Name_array id="BatRig_Reference-visibility-animation-interpolation-array" count="22">
 STEP STEP STEP STEP STEP STEP STEP STEP STEP STEP STEP STEP STEP STEP STEP STEP STEP
STEP STEP STEP STEP BEZIER</Name_array><technique_common><accessor source="#BatRig_Reference-visibility-animation-interpolation-array" count="22"><param type="name"/></accessor></technique_common></source><sampler id="BatRig_Reference-visibility-animation"><input semantic="INPUT" source="#BatRig_Reference-visibility-animation-input"/><input semantic="OUTPUT" source="#BatRig_Reference-visibility-animation-output"/><input semantic="IN_TANGENT" source="#BatRig_Reference-visibility-animation-intan"/><input semantic="OUT_TANGENT" source="#BatRig_Reference-visibility-animation-outtan"/><input semantic="INTERPOLATION" source="#BatRig_Reference-visibility-animation-interpolation"/></sampler><channel source="#BatRig_Reference-visibility-animation" target="BatRig_Reference/visibility"/></animation></animation>
    <animation id="BatRig_Hips-anim" name="BatRig_Hips"><animation><source id="BatRig_Hips-Matrix-animation-input"><float_array id="BatRig_Hips-Matrix-animation-input-array" count="22">

0.000000 0.041667 0.083333 0.125000 0.166667 0.208333 0.250000 0.291667 0.333333 0.375000 0.416667 0.458333 0.500000 0.541667 0.583333 0.625000
0.666667 0.708333 0.750000 0.791667 0.833333 0.875000</float_array><technique_common><accessor source="#BatRig_Hips-Matrix-animation-input-array" count="22"><param name="TIME" type="float"/></accessor></technique_common></source><source id="BatRig_Hips-Matrix-animation-output-transform"><float_array id="BatRig_Hips-Matrix-animation-output-transform-array" count="352">

0.337386 -0.019416 0.941166 0.000000 0.078656 0.996873 -0.007631 74.083344 -0.938075 0.076603 0.337858 0.000000 0.000000 0.000000 0.000000 1.000000
0.337386 -0.019416 0.941166 0.000000 0.078656 0.996873 -0.007631 74.083344 -0.938075 0.076603 0.337858 0.000000 0.000000 0.000000 0.000000 1.000000
0.077661 -0.028958 0.996559 0.000000 0.097962 0.994963 0.021278 70.232689 -0.992155 0.095973 0.080107 0.000000 0.000000 0.000000 0.000000 1.000000
0.041862 -0.035155 0.998505 0.000000 0.120490 0.992265 0.029883 70.276833 -0.991831 0.119059 0.045774 0.000000 0.000000 0.000000 0.000000 1.000000
0.039724 -0.032962 0.998667 0.000000 0.119518 0.992437 0.028002 70.595955 -0.992037 0.118246 0.043363 0.000000 0.000000 0.000000 0.000000 1.000000
0.038088 0.027253 0.998903 0.000000 -0.054277 0.998209 -0.025164 72.955803 -0.997799 -0.053259 0.039499 0.000000 0.000000 0.000000 0.000000 1.000000
-0.023671 0.088612 0.995785 0.000000 -0.258553 0.961633 -0.091719 78.053017 -0.965707 -0.259634 0.000148 0.000000 0.000000 0.000000 0.000000 1.000000
-0.437406 0.102975 0.893349 0.000000 -0.259300 0.936785 -0.234941 85.514435 -0.861069 -0.334410 -0.383054 0.000000 0.000000 0.000000 0.000000 1.000000
-0.298100 0.121071 0.946825 0.000000 -0.432912 0.866894 -0.247148 87.276230 -0.850719 -0.483567 -0.206008 0.000000 0.000000 0.000000 0.000000 1.000000
-0.375119 0.344068 0.860757 0.000000 -0.729315 0.463611 -0.503155 86.290062 -0.572176 -0.816506 0.077025 0.000000 0.000000 0.000000 0.000000 1.000000
-0.375119 0.344068 0.860757 0.000000 -0.729315 0.463611 -0.503155 86.290062 -0.572176 -0.816506 0.077025 0.000000 0.000000 0.000000 0.000000 1.000000
-0.273948 0.335389 0.901369 0.000000 -0.700870 0.572172 -0.425911 85.617981 -0.658584 -0.748420 0.078319 0.000000 0.000000 0.000000 0.000000 1.000000
-0.126063 0.297782 0.946274 0.000000 -0.628069 0.714400 -0.308485 84.152061 -0.767879 -0.633214 0.096968 0.000000 0.000000 0.000000 0.000000 1.000000
0.020875 0.232479 0.972377 0.000000 -0.517851 0.834469 -0.188390 82.376053 -0.855216 -0.499614 0.137809 0.000000 0.000000 0.000000 0.000000 1.000000
0.124759 0.171193 0.977307 0.000000 -0.415365 0.903546 -0.105249 80.553551 -0.901059 -0.392808 0.183833 0.000000 0.000000 0.000000 0.000000 1.000000
0.207839 0.137976 0.968383 0.000000 -0.328352 0.942398 -0.063802 78.714531 -0.921405 -0.304710 0.241172 0.000000 0.000000 0.000000 0.000000 1.000000
0.252437 0.142121 0.957119 0.000000 -0.289618 0.954905 -0.065406 76.416420 -0.923254 -0.260688 0.282214 0.000000 0.000000 0.000000 0.000000 1.000000
0.372542 0.093812 0.923262 0.000000 -0.152758 0.987506 -0.038701 72.900185 -0.915357 -0.126618 0.382218 0.000000 0.000000 0.000000 0.000000 1.000000
0.554191 -0.029176 0.831878 0.000000 0.096215 0.994932 -0.029203 72.517815 -0.826810 0.096223 0.554190 0.000000 0.000000 0.000000 0.000000 1.000000
0.570579 -0.043003 0.820116 0.000000 0.119431 0.992357 -0.031057 73.231850 -0.812512 0.115668 0.571354 0.000000 0.000000 0.000000 0.000000 1.000000
0.568192 -0.034878 0.822157 0.000000 0.105395 0.993957 -0.030673 74.567665 -0.816119 0.104079 0.568434 0.000000 0.000000 0.000000 0.000000 1.000000
0.569792 -0.021013 0.821520 0.000000 0.080975 0.996244 -0.030680 77.442924 -0.817790 0.084004 0.569353 0.000000 0.000000 0.000000 0.000000 1.000000</float_array><technique_common><accessor source="#BatRig_Hips-Matrix-animation-output-transform-array" count="22" stride="16"><param type="float4x4"/></accessor></technique_common></source><source id="BatRig_Hips-Interpolations"><Name_array id="BatRig_Hips-Interpolations-array" count="22">
 LINEAR LINEAR LINEAR LINEAR LINEAR LINEAR LINEAR LINEAR LINEAR LINEAR LINEAR
LINEAR LINEAR LINEAR LINEAR LINEAR LINEAR LINEAR LINEAR LINEAR LINEAR LINEAR</Name_array><technique_common><accessor source="#BatRig_Hips-Interpolations-array" count="22"><param type="name"/></accessor></technique_common></source><sampler id="BatRig_Hips-Matrix-animation-transform"><input semantic="INPUT" source="#BatRig_Hips-Matrix-animation-input"/><input semantic="OUTPUT" source="#BatRig_Hips-Matrix-animation-output-transform"/><input semantic="INTERPOLATION" source="#BatRig_Hips-Interpolations"/></sampler><channel source="#BatRig_Hips-Matrix-animation-transform" target="BatRig_Hips/matrix"/></animation><animation><source id="BatRig_Hips-visibility-animation-input"><float_array id="BatRig_Hips-visibility-animation-input-array" count="22">

0.000000 0.041667 0.083333 0.125000 0.166667 0.208333 0.250000 0.291667 0.333333 0.375000 0.416667 0.458333 0.500000 0.541667 0.583333 0.625000
0.666667 0.708333 0.750000 0.791667 0.833333 0.875000</float_array><technique_common><accessor source="#BatRig_Hips-visibility-animation-input-array" count="22"><param name="TIME" type="float"/></accessor></technique_common></source><source id="BatRig_Hips-visibility-animation-output"><float_array id="BatRig_Hips-visibility-animation-output-array" count="22">

1.000000 1.000000 1.000000 1.000000 1.000000 1.000000 1.000000 1.000000 1.000000 1.000000 1.000000 1.000000 1.000000 1.000000 1.000000 1.000000
1.000000 1.000000 1.000000 1.000000 1.000000 1.000000</float_array><technique_common><accessor source="#BatRig_Hips-visibility-animation-output-array" count="22"><param type="float"/></accessor></technique_common></source><source id="BatRig_Hips-visibility-animation-intan"><float_array id="BatRig_Hips-visibility-animation-intan-array" count="22">

0.000000 0.000000 0.000000 0.000000 0.000000 0.000000 0.000000 0.000000 0.000000 0.000000 0.000000 0.000000 0.000000 0.000000 0.000000 0.000000
0.000000 0.000000 0.000000 0.000000 0.000000 0.000000</float_array><technique_common><accessor source="#BatRig_Hips-visibility-animation-intan-array" count="22"><param type="float"/></accessor></technique_common></source><source id="BatRig_Hips-visibility-animation-outtan"><float_array id="BatRig_Hips-visibility-animation-outtan-array" count="22">

0.000000 0.000000 0.000000 0.000000 0.000000 0.000000 0.000000 0.000000 0.000000 0.000000 0.000000 0.000000 0.000000 0.000000 0.000000 0.000000
0.000000 0.000000 0.000000 0.000000 0.000000 0.000000</float_array><technique_common><accessor source="#BatRig_Hips-visibility-animation-outtan-array" count="22"><param type="float"/></accessor></technique_common></source><source id="BatRig_Hips-visibility-animation-interpolation"><Name_array id="BatRig_Hips-visibility-animation-interpolation-array" count="22">
 STEP STEP STEP STEP STEP STEP STEP STEP STEP STEP STEP STEP STEP STEP STEP STEP STEP
STEP STEP STEP STEP BEZIER</Name_array><technique_common><accessor source="#BatRig_Hips-visibility-animation-interpolation-array" count="22"><param type="name"/></accessor></technique_common></source><sampler id="BatRig_Hips-visibility-animation"><input semantic="INPUT" source="#BatRig_Hips-visibility-animation-input"/><input semantic="OUTPUT" source="#BatRig_Hips-visibility-animation-output"/><input semantic="IN_TANGENT" source="#BatRig_Hips-visibility-animation-intan"/><input semantic="OUT_TANGENT" source="#BatRig_Hips-visibility-animation-outtan"/><input semantic="INTERPOLATION" source="#BatRig_Hips-visibility-animation-interpolation"/></sampler><channel source="#BatRig_Hips-visibility-animation" target="BatRig_Hips/visibility"/></animation></animation>
    <animation id="BatRig_Spine-anim" name="BatRig_Spine"><animation><source id="BatRig_Spine-Matrix-animation-input"><float_array id="BatRig_Spine-Matrix-animation-input-array" count="22">

0.000000 0.041667 0.083333 0.125000 0.166667 0.208333 0.250000 0.291667 0.333333 0.375000 0.416667 0.458333 0.500000 0.541667 0.583333 0.625000
0.666667 0.708333 0.750000 0.791667 0.833333 0.875000</float_array><technique_common><accessor source="#BatRig_Spine-Matrix-animation-input-array" count="22"><param name="TIME" type="float"/></accessor></technique_common></source><source id="BatRig_Spine-Matrix-animation-output-transform"><float_array id="BatRig_Spine-Matrix-animation-output-transform-array" count="352">

0.991721 0.099325 -0.081394 0.000006 -0.096681 0.994671 0.035811 3.725675 0.084517 -0.027645 0.996038 -0.000004 0.000000 0.000000 0.000000 1.000000
0.991721 0.099325 -0.081394 0.000006 -0.096681 0.994671 0.035811 3.725675 0.084517 -0.027645 0.996038 -0.000004 0.000000 0.000000 0.000000 1.000000
0.987627 0.102296 -0.118864 0.000006 -0.098279 0.994387 0.039196 3.725675 0.122206 -0.027029 0.992137 -0.000004 0.000000 0.000000 0.000000 1.000000
0.987627 0.102296 -0.118864 0.000006 -0.098279 0.994387 0.039197 3.725675 0.122207 -0.027030 0.992136 -0.000004 0.000000 0.000000 0.000000 1.000000
0.987627 0.102296 -0.118864 0.000006 -0.098279 0.994387 0.039196 3.725675 0.122206 -0.027029 0.992137 -0.000004 0.000000 0.000000 0.000000 1.000000
0.987991 0.098672 -0.118900 0.000006 -0.094751 0.994768 0.038205 3.725675 0.122048 -0.026480 0.992171 -0.000004 0.000000 0.000000 0.000000 1.000000
0.980668 0.166021 -0.103577 0.000006 -0.162885 0.985909 0.038092 3.725675 0.108442 -0.020484 0.993892 -0.000004 0.000000 0.000000 0.000000 1.000000
0.976151 0.146789 -0.159945 0.000006 -0.141993 0.989015 0.041077 3.725675 0.164218 -0.017386 0.986271 -0.000004 0.000000 0.000000 0.000000 1.000000
0.978076 0.138559 -0.155464 0.000006 -0.132765 0.990028 0.047104 3.725675 0.160440 -0.025431 0.986718 -0.000004 0.000000 0.000000 0.000000 1.000000
0.972334 0.215085 -0.091133 0.000006 -0.216301 0.976320 -0.003559 3.725675 0.088210 0.023173 0.995832 -0.000004 0.000000 0.000000 0.000000 1.000000
0.972334 0.215085 -0.091133 0.000006 -0.216301 0.976320 -0.003559 3.725675 0.088210 0.023173 0.995832 -0.000004 0.000000 0.000000 0.000000 1.000000
0.989947 0.113431 -0.084486 0.000006 -0.111508 0.993393 0.027152 3.725675 0.087008 -0.017458 0.996055 -0.000004 0.000000 0.000000 0.000000 1.000000
0.993865 0.085587 -0.070049 0.000006 -0.083316 0.995918 0.034722 3.725675 0.072735 -0.028673 0.996939 -0.000004 0.000000 0.000000 0.000000 1.000000
0.995660 0.074326 -0.056005 0.000006 -0.072297 0.996681 0.037421 3.725675 0.058600 -0.033210 0.997729 -0.000004 0.000000 0.000000 0.000000 1.000000
0.996315 0.071364 -0.047573 0.000006 -0.069595 0.996857 0.037853 3.725675 0.050125 -0.034403 0.998150 -0.000004 0.000000 0.000000 0.000000 1.000000
0.994453 0.094720 -0.045724 0.000006 -0.092972 0.994906 0.038957 3.725675 0.049181 -0.034490 0.998194 -0.000004 0.000000 0.000000 0.000000 1.000000
0.994309 0.096460 -0.045220 0.000006 -0.094728 0.994739 0.039001 3.725675 0.048744 -0.034495 0.998215 -0.000004 0.000000 0.000000 0.000000 1.000000
0.994141 0.098328 -0.044882 0.000006 -0.096605 0.994556 0.039066 3.725675 0.048479 -0.034501 0.998228 -0.000004 0.000000 0.000000 0.000000 1.000000
0.993942 0.100336 -0.044861 0.000006 -0.098610 0.994355 0.039169 3.725675 0.048538 -0.034508 0.998225 -0.000004 0.000000 0.000000 0.000000 1.000000
0.996366 0.073335 -0.043315 0.000006 -0.071677 0.996678 0.038674 3.725675 0.046007 -0.035429 0.998313 -0.000004 0.000000 0.000000 0.000000 1.000000
0.996641 0.071319 -0.040258 0.000006 -0.069779 0.996822 0.038435 3.725675 0.042871 -0.035497 0.998450 -0.000004 0.000000 0.000000 0.000000 1.000000
0.997616 0.060235 -0.033683 0.000006 -0.058949 0.997540 0.037943 3.725675 0.035886 -0.035867 0.998712 -0.000004 0.000000 0.000000 0.000000 1.000000</float_array><technique_common><accessor source="#BatRig_Spine-Matrix-animation-output-transform-array" count="22" stride="16"><param type="float4x4"/></accessor></technique_common></source><source id="BatRig_Spine-Interpolations"><Name_array id="BatRig_Spine-Interpolations-array" count="22">
 LINEAR LINEAR LINEAR LINEAR LINEAR LINEAR LINEAR LINEAR LINEAR LINEAR LINEAR
LINEAR LINEAR LINEAR LINEAR LINEAR LINEAR LINEAR LINEAR LINEAR LINEAR LINEAR</Name_array><technique_common><accessor source="#BatRig_Spine-Interpolations-array" count="22"><param type="name"/></accessor></technique_common></source><sampler id="BatRig_Spine-Matrix-animation-transform"><input semantic="INPUT" source="#BatRig_Spine-Matrix-animation-input"/><input semantic="OUTPUT" source="#BatRig_Spine-Matrix-animation-output-transform"/><input semantic="INTERPOLATION" source="#BatRig_Spine-Interpolations"/></sampler><channel source="#BatRig_Spine-Matrix-animation-transform" target="BatRig_Spine/matrix"/></animation><animation><source id="BatRig_Spine-visibility-animation-input"><float_array id="BatRig_Spine-visibility-animation-input-array" count="22">

0.000000 0.041667 0.083333 0.125000 0.166667 0.208333 0.250000 0.291667 0.333333 0.375000 0.416667 0.458333 0.500000 0.541667 0.583333 0.625000
0.666667 0.708333 0.750000 0.791667 0.833333 0.875000</float_array><technique_common><accessor source="#BatRig_Spine-visibility-animation-input-array" count="22"><param name="TIME" type="float"/></accessor></technique_common></source><source id="BatRig_Spine-visibility-animation-output"><float_array id="BatRig_Spine-visibility-animation-output-array" count="22">

1.000000 1.000000 1.000000 1.000000 1.000000 1.000000 1.000000 1.000000 1.000000 1.000000 1.000000 1.000000 1.000000 1.000000 1.000000 1.000000
1.000000 1.000000 1.000000 1.000000 1.000000 1.000000</float_array><technique_common><accessor source="#BatRig_Spine-visibility-animation-output-array" count="22"><param type="float"/></accessor></technique_common></source><source id="BatRig_Spine-visibility-animation-intan"><float_array id="BatRig_Spine-visibility-animation-intan-array" count="22">

0.000000 0.000000 0.000000 0.000000 0.000000 0.000000 0.000000 0.000000 0.000000 0.000000 0.000000 0.000000 0.000000 0.000000 0.000000 0.000000
0.000000 0.000000 0.000000 0.000000 0.000000 0.000000</float_array><technique_common><accessor source="#BatRig_Spine-visibility-animation-intan-array" count="22"><param type="float"/></accessor></technique_common></source><source id="BatRig_Spine-visibility-animation-outtan"><float_array id="BatRig_Spine-visibility-animation-outtan-array" count="22">

0.000000 0.000000 0.000000 0.000000 0.000000 0.000000 0.000000 0.000000 0.000000 0.000000 0.000000 0.000000 0.000000 0.000000 0.000000 0.000000
0.000000 0.000000 0.000000 0.000000 0.000000 0.000000</float_array><technique_common><accessor source="#BatRig_Spine-visibility-animation-outtan-array" count="22"><param type="float"/></accessor></technique_common></source><source id="BatRig_Spine-visibility-animation-interpolation"><Name_array id="BatRig_Spine-visibility-animation-interpolation-array" count="22">
 STEP STEP STEP STEP STEP STEP STEP STEP STEP STEP STEP STEP STEP STEP STEP STEP STEP
STEP STEP STEP STEP BEZIER</Name_array><technique_common><accessor source="#BatRig_Spine-visibility-animation-interpolation-array" count="22"><param type="name"/></accessor></technique_common></source><sampler id="BatRig_Spine-visibility-animation"><input semantic="INPUT" source="#BatRig_Spine-visibility-animation-input"/><input semantic="OUTPUT" source="#BatRig_Spine-visibility-animation-output"/><input semantic="IN_TANGENT" source="#BatRig_Spine-visibility-animation-intan"/><input semantic="OUT_TANGENT" source="#BatRig_Spine-visibility-animation-outtan"/><input semantic="INTERPOLATION" source="#BatRig_Spine-visibility-animation-interpolation"/></sampler><channel source="#BatRig_Spine-visibility-animation" target="BatRig_Spine/visibility"/></animation></animation>
    <animation id="BatRig_Spine1-anim" name="BatRig_Spine1"><animation><source id="BatRig_Spine1-Matrix-animation-input"><float_array id="BatRig_Spine1-Matrix-animation-input-array" count="22">

0.000000 0.041667 0.083333 0.125000 0.166667 0.208333 0.250000 0.291667 0.333333 0.375000 0.416667 0.458333 0.500000 0.541667 0.583333 0.625000
0.666667 0.708333 0.750000 0.791667 0.833333 0.875000</float_array><technique_common><accessor source="#BatRig_Spine1-Matrix-animation-input-array" count="22"><param name="TIME" type="float"/></accessor></technique_common></source><source id="BatRig_Spine1-Matrix-animation-output-transform"><float_array id="BatRig_Spine1-Matrix-animation-output-transform-array" count="352">

0.996498 -0.006298 -0.083376 -0.000004 -0.002338 0.994670 -0.103083 10.999834 0.083581 0.102917 0.991172 0.000001 0.000000 0.000000 0.000000 1.000000
0.996498 -0.006298 -0.083376 -0.000004 -0.002338 0.994670 -0.103083 10.999834 0.083581 0.102917 0.991172 0.000001 0.000000 0.000000 0.000000 1.000000
0.989690 -0.006876 -0.143058 -0.000004 -0.008092 0.994567 -0.103785 10.999834 0.142994 0.103873 0.984258 0.000001 0.000000 0.000000 0.000000 1.000000
0.989690 -0.006876 -0.143059 -0.000004 -0.008092 0.994567 -0.103785 10.999834 0.142995 0.103873 0.984257 0.000001 0.000000 0.000000 0.000000 1.000000
0.989690 -0.006876 -0.143059 -0.000004 -0.008092 0.994567 -0.103785 10.999834 0.142995 0.103873 0.984257 0.000001 0.000000 0.000000 0.000000 1.000000
0.989556 -0.038086 -0.139029 -0.000004 0.021796 0.992909 -0.116864 10.999834 0.142494 0.112613 0.983369 0.000001 0.000000 0.000000 0.000000 1.000000
0.994567 0.090338 -0.051724 -0.000004 -0.096080 0.987852 -0.122136 10.999834 0.040062 0.126442 0.991165 0.000001 0.000000 0.000000 0.000000 1.000000
0.988615 0.013847 -0.149828 -0.000004 -0.032371 0.992013 -0.121913 10.999834 0.146943 0.125375 0.981167 0.000001 0.000000 0.000000 0.000000 1.000000
0.994568 -0.071551 -0.075592 -0.000004 0.065336 0.994512 -0.081714 10.999834 0.081024 0.076331 0.993785 0.000001 0.000000 0.000000 0.000000 1.000000
0.996808 -0.079441 0.007997 -0.000004 0.079804 0.994419 -0.069008 10.999834 -0.002470 0.069426 0.997584 0.000001 0.000000 0.000000 0.000000 1.000000
0.996808 -0.079441 0.007997 -0.000004 0.079804 0.994419 -0.069008 10.999834 -0.002470 0.069426 0.997584 0.000001 0.000000 0.000000 0.000000 1.000000
0.999502 -0.030633 0.007571 -0.000004 0.031152 0.996140 -0.082062 10.999834 -0.005028 0.082257 0.996598 0.000001 0.000000 0.000000 0.000000 1.000000
0.999827 -0.017369 0.006673 -0.000004 0.017877 0.996168 -0.085610 10.999834 -0.005160 0.085714 0.996306 0.000001 0.000000 0.000000 0.000000 1.000000
0.999912 -0.012014 0.005584 -0.000004 0.012455 0.996127 -0.087044 10.999834 -0.004517 0.087106 0.996189 0.000001 0.000000 0.000000 0.000000 1.000000
0.999934 -0.010606 0.004437 -0.000004 0.010953 0.996111 -0.087428 10.999834 -0.003493 0.087471 0.996161 0.000001 0.000000 0.000000 0.000000 1.000000
0.999995 -0.000892 0.002878 -0.000004 0.001146 0.995979 -0.089577 10.999834 -0.002787 0.089580 0.995976 0.000001 0.000000 0.000000 0.000000 1.000000
0.999999 -0.000167 0.001186 -0.000004 0.000273 0.995965 -0.089737 10.999834 -0.001166 0.089737 0.995965 0.000001 0.000000 0.000000 0.000000 1.000000
1.000000 0.000611 0.000219 -0.000004 -0.000589 0.995950 -0.089905 10.999834 -0.000273 0.089905 0.995950 0.000001 0.000000 0.000000 0.000000 1.000000
0.999999 0.001448 0.000201 -0.000004 -0.001424 0.995933 -0.090086 10.999834 -0.000331 0.090086 0.995934 0.000001 0.000000 0.000000 0.000000 1.000000
0.999999 0.001448 0.000201 -0.000004 -0.001424 0.995933 -0.090086 10.999834 -0.000331 0.090086 0.995934 0.000001 0.000000 0.000000 0.000000 1.000000
0.999999 0.001448 0.000201 -0.000004 -0.001424 0.995933 -0.090086 10.999834 -0.000331 0.090086 0.995934 0.000001 0.000000 0.000000 0.000000 1.000000
0.999999 0.001448 0.000201 -0.000004 -0.001424 0.995933 -0.090086 10.999834 -0.000331 0.090086 0.995934 0.000001 0.000000 0.000000 0.000000 1.000000</float_array><technique_common><accessor source="#BatRig_Spine1-Matrix-animation-output-transform-array" count="22" stride="16"><param type="float4x4"/></accessor></technique_common></source><source id="BatRig_Spine1-Interpolations"><Name_array id="BatRig_Spine1-Interpolations-array" count="22">
 LINEAR LINEAR LINEAR LINEAR LINEAR LINEAR LINEAR LINEAR LINEAR LINEAR LINEAR
LINEAR LINEAR LINEAR LINEAR LINEAR LINEAR LINEAR LINEAR LINEAR LINEAR LINEAR</Name_array><technique_common><accessor source="#BatRig_Spine1-Interpolations-array" count="22"><param type="name"/></accessor></technique_common></source><sampler id="BatRig_Spine1-Matrix-animation-transform"><input semantic="INPUT" source="#BatRig_Spine1-Matrix-animation-input"/><input semantic="OUTPUT" source="#BatRig_Spine1-Matrix-animation-output-transform"/><input semantic="INTERPOLATION" source="#BatRig_Spine1-Interpolations"/></sampler><channel source="#BatRig_Spine1-Matrix-animation-transform" target="BatRig_Spine1/matrix"/></animation><animation><source id="BatRig_Spine1-visibility-animation-input"><float_array id="BatRig_Spine1-visibility-animation-input-array" count="22">

0.000000 0.041667 0.083333 0.125000 0.166667 0.208333 0.250000 0.291667 0.333333 0.375000 0.416667 0.458333 0.500000 0.541667 0.583333 0.625000
0.666667 0.708333 0.750000 0.791667 0.833333 0.875000</float_array><technique_common><accessor source="#BatRig_Spine1-visibility-animation-input-array" count="22"><param name="TIME" type="float"/></accessor></technique_common></source><source id="BatRig_Spine1-visibility-animation-output"><float_array id="BatRig_Spine1-visibility-animation-output-array" count="22">

1.000000 1.000000 1.000000 1.000000 1.000000 1.000000 1.000000 1.000000 1.000000 1.000000 1.000000 1.000000 1.000000 1.000000 1.000000 1.000000
1.000000 1.000000 1.000000 1.000000 1.000000 1.000000</float_array><technique_common><accessor source="#BatRig_Spine1-visibility-animation-output-array" count="22"><param type="float"/></accessor></technique_common></source><source id="BatRig_Spine1-visibility-animation-intan"><float_array id="BatRig_Spine1-visibility-animation-intan-array" count="22">

0.000000 0.000000 0.000000 0.000000 0.000000 0.000000 0.000000 0.000000 0.000000 0.000000 0.000000 0.000000 0.000000 0.000000 0.000000 0.000000
0.000000 0.000000 0.000000 0.000000 0.000000 0.000000</float_array><technique_common><accessor source="#BatRig_Spine1-visibility-animation-intan-array" count="22"><param type="float"/></accessor></technique_common></source><source id="BatRig_Spine1-visibility-animation-outtan"><float_array id="BatRig_Spine1-visibility-animation-outtan-array" count="22">

0.000000 0.000000 0.000000 0.000000 0.000000 0.000000 0.000000 0.000000 0.000000 0.000000 0.000000 0.000000 0.000000 0.000000 0.000000 0.000000
0.000000 0.000000 0.000000 0.000000 0.000000 0.000000</float_array><technique_common><accessor source="#BatRig_Spine1-visibility-animation-outtan-array" count="22"><param type="float"/></accessor></technique_common></source><source id="BatRig_Spine1-visibility-animation-interpolation"><Name_array id="BatRig_Spine1-visibility-animation-interpolation-array" count="22">
 STEP STEP STEP STEP STEP STEP STEP STEP STEP STEP STEP STEP STEP STEP STEP STEP STEP
STEP STEP STEP STEP BEZIER</Name_array><technique_common><accessor source="#BatRig_Spine1-visibility-animation-interpolation-array" count="22"><param type="name"/></accessor></technique_common></source><sampler id="BatRig_Spine1-visibility-animation"><input semantic="INPUT" source="#BatRig_Spine1-visibility-animation-input"/><input semantic="OUTPUT" source="#BatRig_Spine1-visibility-animation-output"/><input semantic="IN_TANGENT" source="#BatRig_Spine1-visibility-animation-intan"/><input semantic="OUT_TANGENT" source="#BatRig_Spine1-visibility-animation-outtan"/><input semantic="INTERPOLATION" source="#BatRig_Spine1-visibility-animation-interpolation"/></sampler><channel source="#BatRig_Spine1-visibility-animation" target="BatRig_Spine1/visibility"/></animation></animation>
    <animation id="BatRig_Spine2-anim" name="BatRig_Spine2"><animation><source id="BatRig_Spine2-Matrix-animation-input"><float_array id="BatRig_Spine2-Matrix-animation-input-array" count="22">

0.000000 0.041667 0.083333 0.125000 0.166667 0.208333 0.250000 0.291667 0.333333 0.375000 0.416667 0.458333 0.500000 0.541667 0.583333 0.625000
0.666667 0.708333 0.750000 0.791667 0.833333 0.875000</float_array><technique_common><accessor source="#BatRig_Spine2-Matrix-animation-input-array" count="22"><param name="TIME" type="float"/></accessor></technique_common></source><source id="BatRig_Spine2-Matrix-animation-output-transform"><float_array id="BatRig_Spine2-Matrix-animation-output-transform-array" count="352">

0.996499 -0.014247 -0.082376 -0.000007 0.005658 0.994606 -0.103569 11.776693 0.083407 0.102740 0.991205 0.000010 0.000000 0.000000 0.000000 1.000000
0.996499 -0.014247 -0.082376 -0.000007 0.005658 0.994606 -0.103569 11.776693 0.083407 0.102740 0.991205 0.000010 0.000000 0.000000 0.000000 1.000000
0.989703 -0.019756 -0.141765 -0.000007 0.004823 0.994469 -0.104916 11.776693 0.143054 0.103152 0.984325 0.000010 0.000000 0.000000 0.000000 1.000000
0.989703 -0.019756 -0.141765 -0.000007 0.004823 0.994469 -0.104916 11.776693 0.143054 0.103152 0.984325 0.000010 0.000000 0.000000 0.000000 1.000000
0.989703 -0.019756 -0.141766 -0.000007 0.004823 0.994469 -0.104916 11.776693 0.143055 0.103152 0.984325 0.000010 0.000000 0.000000 0.000000 1.000000
0.989686 -0.048798 -0.134688 -0.000007 0.032311 0.992005 -0.121989 11.776693 0.139564 0.116379 0.983350 0.000010 0.000000 0.000000 0.000000 1.000000
0.995002 0.080773 -0.058709 -0.000007 -0.085658 0.992597 -0.086102 11.776693 0.051320 0.090701 0.994555 0.000010 0.000000 0.000000 0.000000 1.000000
0.988761 -0.002896 -0.149476 -0.000007 -0.014157 0.993506 -0.112898 11.776693 0.148832 0.113745 0.982299 0.000010 0.000000 0.000000 0.000000 1.000000
0.994447 -0.080527 -0.067756 -0.000007 0.073994 0.992823 -0.093953 11.776693 0.074836 0.088418 0.993268 0.000010 0.000000 0.000000 0.000000 1.000000
0.996526 -0.081398 0.017589 -0.000007 0.082560 0.993313 -0.080707 11.776693 -0.010902 0.081879 0.996583 0.000010 0.000000 0.000000 0.000000 1.000000
0.996526 -0.081398 0.017589 -0.000007 0.082560 0.993313 -0.080707 11.776693 -0.010902 0.081879 0.996583 0.000010 0.000000 0.000000 0.000000 1.000000
0.999440 -0.030956 0.012679 -0.000007 0.031943 0.995698 -0.086978 11.776693 -0.009932 0.087334 0.996130 0.000010 0.000000 0.000000 0.000000 1.000000
0.999800 -0.017358 0.009952 -0.000007 0.018173 0.995897 -0.088655 11.776693 -0.008372 0.088818 0.996013 0.000010 0.000000 0.000000 0.000000 1.000000
0.999899 -0.011965 0.007662 -0.000007 0.012602 0.995922 -0.089330 11.776693 -0.006562 0.089417 0.995973 0.000010 0.000000 0.000000 0.000000 1.000000
0.999927 -0.010650 0.005788 -0.000007 0.011126 0.995923 -0.089517 11.776693 -0.004811 0.089575 0.995968 0.000010 0.000000 0.000000 0.000000 1.000000
0.999995 -0.000736 0.003174 -0.000007 0.001019 0.995943 -0.089984 11.776693 -0.003095 0.089987 0.995938 0.000010 0.000000 0.000000 0.000000 1.000000
0.999999 -0.000130 0.001350 -0.000007 0.000251 0.995940 -0.090018 11.776693 -0.001333 0.090018 0.995939 0.000010 0.000000 0.000000 0.000000 1.000000
1.000000 0.000591 0.000229 -0.000007 -0.000568 0.995937 -0.090051 11.776693 -0.000281 0.090051 0.995937 0.000010 0.000000 0.000000 0.000000 1.000000
0.999999 0.001455 0.000139 -0.000007 -0.001437 0.995933 -0.090086 11.776693 -0.000270 0.090086 0.995934 0.000010 0.000000 0.000000 0.000000 1.000000
0.999999 0.001455 0.000139 -0.000007 -0.001437 0.995933 -0.090086 11.776693 -0.000270 0.090086 0.995934 0.000010 0.000000 0.000000 0.000000 1.000000
0.999999 0.001455 0.000139 -0.000007 -0.001437 0.995933 -0.090086 11.776693 -0.000270 0.090086 0.995934 0.000010 0.000000 0.000000 0.000000 1.000000
0.999999 0.001455 0.000139 -0.000007 -0.001437 0.995933 -0.090086 11.776693 -0.000270 0.090086 0.995934 0.000010 0.000000 0.000000 0.000000 1.000000</float_array><technique_common><accessor source="#BatRig_Spine2-Matrix-animation-output-transform-array" count="22" stride="16"><param type="float4x4"/></accessor></technique_common></source><source id="BatRig_Spine2-Interpolations"><Name_array id="BatRig_Spine2-Interpolations-array" count="22">
 LINEAR LINEAR LINEAR LINEAR LINEAR LINEAR LINEAR LINEAR LINEAR LINEAR LINEAR
LINEAR LINEAR LINEAR LINEAR LINEAR LINEAR LINEAR LINEAR LINEAR LINEAR LINEAR</Name_array><technique_common><accessor source="#BatRig_Spine2-Interpolations-array" count="22"><param type="name"/></accessor></technique_common></source><sampler id="BatRig_Spine2-Matrix-animation-transform"><input semantic="INPUT" source="#BatRig_Spine2-Matrix-animation-input"/><input semantic="OUTPUT" source="#BatRig_Spine2-Matrix-animation-output-transform"/><input semantic="INTERPOLATION" source="#BatRig_Spine2-Interpolations"/></sampler><channel source="#BatRig_Spine2-Matrix-animation-transform" target="BatRig_Spine2/matrix"/></animation><animation><source id="BatRig_Spine2-visibility-animation-input"><float_array id="BatRig_Spine2-visibility-animation-input-array" count="22">

0.000000 0.041667 0.083333 0.125000 0.166667 0.208333 0.250000 0.291667 0.333333 0.375000 0.416667 0.458333 0.500000 0.541667 0.583333 0.625000
0.666667 0.708333 0.750000 0.791667 0.833333 0.875000</float_array><technique_common><accessor source="#BatRig_Spine2-visibility-animation-input-array" count="22"><param name="TIME" type="float"/></accessor></technique_common></source><source id="BatRig_Spine2-visibility-animation-output"><float_array id="BatRig_Spine2-visibility-animation-output-array" count="22">

1.000000 1.000000 1.000000 1.000000 1.000000 1.000000 1.000000 1.000000 1.000000 1.000000 1.000000 1.000000 1.000000 1.000000 1.000000 1.000000
1.000000 1.000000 1.000000 1.000000 1.000000 1.000000</float_array><technique_common><accessor source="#BatRig_Spine2-visibility-animation-output-array" count="22"><param type="float"/></accessor></technique_common></source><source id="BatRig_Spine2-visibility-animation-intan"><float_array id="BatRig_Spine2-visibility-animation-intan-array" count="22">

0.000000 0.000000 0.000000 0.000000 0.000000 0.000000 0.000000 0.000000 0.000000 0.000000 0.000000 0.000000 0.000000 0.000000 0.000000 0.000000
0.000000 0.000000 0.000000 0.000000 0.000000 0.000000</float_array><technique_common><accessor source="#BatRig_Spine2-visibility-animation-intan-array" count="22"><param type="float"/></accessor></technique_common></source><source id="BatRig_Spine2-visibility-animation-outtan"><float_array id="BatRig_Spine2-visibility-animation-outtan-array" count="22">

0.000000 0.000000 0.000000 0.000000 0.000000 0.000000 0.000000 0.000000 0.000000 0.000000 0.000000 0.000000 0.000000 0.000000 0.000000 0.000000
0.000000 0.000000 0.000000 0.000000 0.000000 0.000000</float_array><technique_common><accessor source="#BatRig_Spine2-visibility-animation-outtan-array" count="22"><param type="float"/></accessor></technique_common></source><source id="BatRig_Spine2-visibility-animation-interpolation"><Name_array id="BatRig_Spine2-visibility-animation-interpolation-array" count="22">
 STEP STEP STEP STEP STEP STEP STEP STEP STEP STEP STEP STEP STEP STEP STEP STEP STEP
