<?xml version="1.0" encoding="utf-8"?>
<COLLADA xmlns="http://www.collada.org/2005/11/COLLADASchema" version="1.4.1">
  <asset><contributor><author></author><authoring_tool>FBX COLLADA exporter</authoring_tool><comments></comments></contributor><created>2017-08-30T19:24:49Z</created><keywords></keywords><modified>2017-08-30T19:24:49Z</modified><revision></revision><subject></subject><title></title><unit meter="0.010000" name="centimeter"></unit><up_axis>Y_UP</up_axis></asset>
  <library_animations>
    <animation id="BatRig_Reference-anim" name="BatRig_Reference"><animation><source id="BatRig_Reference-Matrix-animation-input"><float_array id="BatRig_Reference-Matrix-animation-input-array" count="18">

0.000000 0.041667 0.083333 0.125000 0.166667 0.208333 0.250000 0.291667 0.333333 0.375000 0.416667 0.458333 0.500000 0.541667 0.583333 0.625000
0.666667 0.708333</float_array><technique_common><accessor source="#BatRig_Reference-Matrix-animation-input-array" count="18"><param name="TIME" type="float"/></accessor></technique_common></source><source id="BatRig_Reference-Matrix-animation-output-transform"><float_array id="BatRig_Reference-Matrix-animation-output-transform-array" count="288">

1.000000 0.000000 0.000000 5.818095 0.000000 1.000000 0.000000 31.343050 0.000000 0.000000 1.000000 271.179138 0.000000 0.000000 0.000000 1.000000
1.000000 0.000000 0.000000 5.818095 0.000000 1.000000 0.000000 31.343050 0.000000 0.000000 1.000000 271.179138 0.000000 0.000000 0.000000 1.000000
1.000000 0.000000 0.000000 2.613925 0.000000 1.000000 0.000000 0.925448 0.000000 0.000000 1.000000 306.379486 0.000000 0.000000 0.000000 1.000000
1.000000 0.000000 0.000000 2.615629 0.000000 1.000000 0.000000 0.000000 0.000000 0.000000 1.000000 307.405640 0.000000 0.000000 0.000000 1.000000
1.000000 0.000000 0.000000 2.616938 0.000000 1.000000 0.000000 0.000000 0.000000 0.000000 1.000000 309.591797 0.000000 0.000000 0.000000 1.000000
1.000000 0.000000 0.000000 2.610699 0.000000 1.000000 0.000000 0.000000 0.000000 0.000000 1.000000 313.060516 0.000000 0.000000 0.000000 1.000000
1.000000 0.000000 0.000000 2.584911 0.000000 1.000000 0.000000 0.000000 0.000000 0.000000 1.000000 315.215240 0.000000 0.000000 0.000000 1.000000
1.000000 0.000000 0.000000 2.562216 0.000000 1.000000 0.000000 0.000000 0.000000 0.000000 1.000000 307.525299 0.000000 0.000000 0.000000 1.000000
1.000000 0.000000 0.000000 2.700602 0.000000 1.000000 0.000000 0.000000 0.000000 0.000000 1.000000 306.247162 0.000000 0.000000 0.000000 1.000000
1.000000 0.000000 0.000000 2.494218 0.000000 1.000000 0.000000 0.000000 0.000000 0.000000 1.000000 306.371979 0.000000 0.000000 0.000000 1.000000
1.000000 0.000000 0.000000 2.564273 0.000000 1.000000 0.000000 0.000000 0.000000 0.000000 1.000000 306.367340 0.000000 0.000000 0.000000 1.000000
1.000000 0.000000 0.000000 2.590703 0.000000 1.000000 0.000000 0.000000 0.000000 0.000000 1.000000 306.405731 0.000000 0.000000 0.000000 1.000000
1.000000 0.000000 0.000000 2.548341 0.000000 1.000000 0.000000 0.000000 0.000000 0.000000 1.000000 306.383514 0.000000 0.000000 0.000000 1.000000
1.000000 0.000000 0.000000 2.563892 0.000000 1.000000 0.000000 0.000000 0.000000 0.000000 1.000000 306.237823 0.000000 0.000000 0.000000 1.000000
1.000000 0.000000 0.000000 2.630206 0.000000 1.000000 0.000000 0.000000 0.000000 0.000000 1.000000 306.042267 0.000000 0.000000 0.000000 1.000000
1.000000 0.000000 0.000000 2.670430 0.000000 1.000000 0.000000 0.000000 0.000000 0.000000 1.000000 305.744873 0.000000 0.000000 0.000000 1.000000
1.000000 0.000000 0.000000 2.640785 0.000000 1.000000 0.000000 0.000000 0.000000 0.000000 1.000000 305.432343 0.000000 0.000000 0.000000 1.000000
1.000000 0.000000 0.000000 2.640785 0.000000 1.000000 0.000000 0.000000 0.000000 0.000000 1.000000 305.432343 0.000000 0.000000 0.000000 1.000000</float_array><technique_common><accessor source="#BatRig_Reference-Matrix-animation-output-transform-array" count="18" stride="16"><param type="float4x4"/></accessor></technique_common></source><source id="BatRig_Reference-Interpolations"><Name_array id="BatRig_Reference-Interpolations-array" count="18">
 LINEAR LINEAR LINEAR LINEAR LINEAR LINEAR LINEAR LINEAR LINEAR LINEAR LINEAR
LINEAR LINEAR LINEAR LINEAR LINEAR LINEAR LINEAR</Name_array><technique_common><accessor source="#BatRig_Reference-Interpolations-array" count="18"><param type="name"/></accessor></technique_common></source><sampler id="BatRig_Reference-Matrix-animation-transform"><input semantic="INPUT" source="#BatRig_Reference-Matrix-animation-input"/><input semantic="OUTPUT" source="#BatRig_Reference-Matrix-animation-output-transform"/><input semantic="INTERPOLATION" source="#BatRig_Reference-Interpolations"/></sampler><channel source="#BatRig_Reference-Matrix-animation-transform" target="BatRig_Reference/matrix"/></animation><animation><source id="BatRig_Reference-visibility-animation-input"><float_array id="BatRig_Reference-visibility-animation-input-array" count="18">

0.000000 0.041667 0.083333 0.125000 0.166667 0.208333 0.250000 0.291667 0.333333 0.375000 0.416667 0.458333 0.500000 0.541667 0.583333 0.625000
0.666667 0.708333</float_array><technique_common><accessor source="#BatRig_Reference-visibility-animation-input-array" count="18"><param name="TIME" type="float"/></accessor></technique_common></source><source id="BatRig_Reference-visibility-animation-output"><float_array id="BatRig_Reference-visibility-animation-output-array" count="18">

1.000000 1.000000 1.000000 1.000000 1.000000 1.000000 1.000000 1.000000 1.000000 1.000000 1.000000 1.000000 1.000000 1.000000 1.000000 1.000000
1.000000 1.000000</float_array><technique_common><accessor source="#BatRig_Reference-visibility-animation-output-array" count="18"><param type="float"/></accessor></technique_common></source><source id="BatRig_Reference-visibility-animation-intan"><float_array id="BatRig_Reference-visibility-animation-intan-array" count="18">

0.000000 0.000000 0.000000 0.000000 0.000000 0.000000 0.000000 0.000000 0.000000 0.000000 0.000000 0.000000 0.000000 0.000000 0.000000 0.000000
0.000000 0.000000</float_array><technique_common><accessor source="#BatRig_Reference-visibility-animation-intan-array" count="18"><param type="float"/></accessor></technique_common></source><source id="BatRig_Reference-visibility-animation-outtan"><float_array id="BatRig_Reference-visibility-animation-outtan-array" count="18">

0.000000 0.000000 0.000000 0.000000 0.000000 0.000000 0.000000 0.000000 0.000000 0.000000 0.000000 0.000000 0.000000 0.000000 0.000000 0.000000
0.000000 0.000000</float_array><technique_common><accessor source="#BatRig_Reference-visibility-animation-outtan-array" count="18"><param type="float"/></accessor></technique_common></source><source id="BatRig_Reference-visibility-animation-interpolation"><Name_array id="BatRig_Reference-visibility-animation-interpolation-array" count="18">
 STEP STEP STEP STEP STEP STEP STEP STEP STEP STEP STEP STEP STEP STEP STEP STEP STEP
BEZIER</Name_array><technique_common><accessor source="#BatRig_Reference-visibility-animation-interpolation-array" count="18"><param type="name"/></accessor></technique_common></source><sampler id="BatRig_Reference-visibility-animation"><input semantic="INPUT" source="#BatRig_Reference-visibility-animation-input"/><input semantic="OUTPUT" source="#BatRig_Reference-visibility-animation-output"/><input semantic="IN_TANGENT" source="#BatRig_Reference-visibility-animation-intan"/><input semantic="OUT_TANGENT" source="#BatRig_Reference-visibility-animation-outtan"/><input semantic="INTERPOLATION" source="#BatRig_Reference-visibility-animation-interpolation"/></sampler><channel source="#BatRig_Reference-visibility-animation" target="BatRig_Reference/visibility"/></animation></animation>
    <animation id="BatRig_Hips-anim" name="BatRig_Hips"><animation><source id="BatRig_Hips-Matrix-animation-input"><float_array id="BatRig_Hips-Matrix-animation-input-array" count="18">

0.000000 0.041667 0.083333 0.125000 0.166667 0.208333 0.250000 0.291667 0.333333 0.375000 0.416667 0.458333 0.500000 0.541667 0.583333 0.625000
0.666667 0.708333</float_array><technique_common><accessor source="#BatRig_Hips-Matrix-animation-input-array" count="18"><param name="TIME" type="float"/></accessor></technique_common></source><source id="BatRig_Hips-Matrix-animation-output-transform"><float_array id="BatRig_Hips-Matrix-animation-output-transform-array" count="288">

0.951342 0.259671 0.165891 0.000000 -0.024771 0.601073 -0.798810 92.900208 -0.307141 0.755832 0.578258 0.000000 0.000000 0.000000 0.000000 1.000000
0.951342 0.259671 0.165891 0.000000 -0.024771 0.601073 -0.798810 92.900208 -0.307141 0.755832 0.578258 0.000000 0.000000 0.000000 0.000000 1.000000
0.950385 0.259890 0.170954 0.000000 -0.029721 0.622904 -0.781733 94.524658 -0.309653 0.737867 0.599723 0.000000 0.000000 0.000000 0.000000 1.000000
0.949001 0.258692 0.180207 0.000000 -0.037768 0.660761 -0.749646 88.980331 -0.313001 0.704609 0.636833 0.000000 0.000000 0.000000 0.000000 1.000000
0.946919 0.256274 0.194082 0.000000 -0.050535 0.714888 -0.697411 80.554932 -0.317475 0.650584 0.689892 0.000000 0.000000 0.000000 0.000000 1.000000
0.942205 0.245440 0.228054 0.000000 -0.079406 0.824881 -0.559702 78.029953 -0.325490 0.509245 0.796697 0.000000 0.000000 0.000000 0.000000 1.000000
0.937554 0.223751 0.266323 0.000000 -0.117027 0.923919 -0.364251 95.187881 -0.327562 0.310338 0.892409 0.000000 0.000000 0.000000 0.000000 1.000000
0.935742 0.208350 0.284565 0.000000 -0.149710 0.965204 -0.214400 82.248611 -0.319334 0.158021 0.934374 0.000000 0.000000 0.000000 0.000000 1.000000
0.939114 0.259226 0.225535 0.000000 -0.205980 0.950086 -0.234325 67.730133 -0.275021 0.173602 0.945635 0.000000 0.000000 0.000000 0.000000 1.000000
0.957360 0.109471 0.267354 0.000000 0.055889 0.837765 -0.543163 66.042580 -0.283441 0.534944 0.795924 0.000000 0.000000 0.000000 0.000000 1.000000
0.957876 0.110144 0.265220 0.000000 0.081280 0.781788 -0.618224 65.726990 -0.275440 0.613739 0.739903 0.000000 0.000000 0.000000 0.000000 1.000000
0.958678 0.125917 0.255109 0.000000 0.072178 0.759725 -0.646226 66.770355 -0.275184 0.637936 0.719244 0.000000 0.000000 0.000000 0.000000 1.000000
0.969355 0.112457 0.218414 0.000000 0.051606 0.776020 -0.628594 67.908569 -0.240183 0.620602 0.746435 0.000000 0.000000 0.000000 0.000000 1.000000
0.957359 0.109472 0.267355 0.000000 0.055889 0.837765 -0.543163 66.968025 -0.283442 0.534944 0.795924 0.000000 0.000000 0.000000 0.000000 1.000000
0.908294 0.113124 0.402747 0.000000 0.083818 0.894009 -0.440140 76.032700 -0.409850 0.433534 0.802541 0.000000 0.000000 0.000000 0.000000 1.000000
0.806208 0.093132 0.584255 0.000000 0.099561 0.952093 -0.289149 78.232246 -0.583194 0.291284 0.758313 0.000000 0.000000 0.000000 0.000000 1.000000
0.673568 0.043654 0.737835 0.000000 0.084148 0.987235 -0.135229 79.174622 -0.734320 0.153173 0.661296 0.000000 0.000000 0.000000 0.000000 1.000000
0.673568 0.043654 0.737835 0.000000 0.084148 0.987235 -0.135229 79.174622 -0.734320 0.153173 0.661296 0.000000 0.000000 0.000000 0.000000 1.000000</float_array><technique_common><accessor source="#BatRig_Hips-Matrix-animation-output-transform-array" count="18" stride="16"><param type="float4x4"/></accessor></technique_common></source><source id="BatRig_Hips-Interpolations"><Name_array id="BatRig_Hips-Interpolations-array" count="18">
 LINEAR LINEAR LINEAR LINEAR LINEAR LINEAR LINEAR LINEAR LINEAR LINEAR LINEAR
LINEAR LINEAR LINEAR LINEAR LINEAR LINEAR LINEAR</Name_array><technique_common><accessor source="#BatRig_Hips-Interpolations-array" count="18"><param type="name"/></accessor></technique_common></source><sampler id="BatRig_Hips-Matrix-animation-transform"><input semantic="INPUT" source="#BatRig_Hips-Matrix-animation-input"/><input semantic="OUTPUT" source="#BatRig_Hips-Matrix-animation-output-transform"/><input semantic="INTERPOLATION" source="#BatRig_Hips-Interpolations"/></sampler><channel source="#BatRig_Hips-Matrix-animation-transform" target="BatRig_Hips/matrix"/></animation><animation><source id="BatRig_Hips-visibility-animation-input"><float_array id="BatRig_Hips-visibility-animation-input-array" count="18">

0.000000 0.041667 0.083333 0.125000 0.166667 0.208333 0.250000 0.291667 0.333333 0.375000 0.416667 0.458333 0.500000 0.541667 0.583333 0.625000
0.666667 0.708333</float_array><technique_common><accessor source="#BatRig_Hips-visibility-animation-input-array" count="18"><param name="TIME" type="float"/></accessor></technique_common></source><source id="BatRig_Hips-visibility-animation-output"><float_array id="BatRig_Hips-visibility-animation-output-array" count="18">

1.000000 1.000000 1.000000 1.000000 1.000000 1.000000 1.000000 1.000000 1.000000 1.000000 1.000000 1.000000 1.000000 1.000000 1.000000 1.000000
1.000000 1.000000</float_array><technique_common><accessor source="#BatRig_Hips-visibility-animation-output-array" count="18"><param type="float"/></accessor></technique_common></source><source id="BatRig_Hips-visibility-animation-intan"><float_array id="BatRig_Hips-visibility-animation-intan-array" count="18">

0.000000 0.000000 0.000000 0.000000 0.000000 0.000000 0.000000 0.000000 0.000000 0.000000 0.000000 0.000000 0.000000 0.000000 0.000000 0.000000
0.000000 0.000000</float_array><technique_common><accessor source="#BatRig_Hips-visibility-animation-intan-array" count="18"><param type="float"/></accessor></technique_common></source><source id="BatRig_Hips-visibility-animation-outtan"><float_array id="BatRig_Hips-visibility-animation-outtan-array" count="18">

0.000000 0.000000 0.000000 0.000000 0.000000 0.000000 0.000000 0.000000 0.000000 0.000000 0.000000 0.000000 0.000000 0.000000 0.000000 0.000000
0.000000 0.000000</float_array><technique_common><accessor source="#BatRig_Hips-visibility-animation-outtan-array" count="18"><param type="float"/></accessor></technique_common></source><source id="BatRig_Hips-visibility-animation-interpolation"><Name_array id="BatRig_Hips-visibility-animation-interpolation-array" count="18">
 STEP STEP STEP STEP STEP STEP STEP STEP STEP STEP STEP STEP STEP STEP STEP STEP STEP
BEZIER</Name_array><technique_common><accessor source="#BatRig_Hips-visibility-animation-interpolation-array" count="18"><param type="name"/></accessor></technique_common></source><sampler id="BatRig_Hips-visibility-animation"><input semantic="INPUT" source="#BatRig_Hips-visibility-animation-input"/><input semantic="OUTPUT" source="#BatRig_Hips-visibility-animation-output"/><input semantic="IN_TANGENT" source="#BatRig_Hips-visibility-animation-intan"/><input semantic="OUT_TANGENT" source="#BatRig_Hips-visibility-animation-outtan"/><input semantic="INTERPOLATION" source="#BatRig_Hips-visibility-animation-interpolation"/></sampler><channel source="#BatRig_Hips-visibility-animation" target="BatRig_Hips/visibility"/></animation></animation>
    <animation id="BatRig_Spine-anim" name="BatRig_Spine"><animation><source id="BatRig_Spine-Matrix-animation-input"><float_array id="BatRig_Spine-Matrix-animation-input-array" count="18">

0.000000 0.041667 0.083333 0.125000 0.166667 0.208333 0.250000 0.291667 0.333333 0.375000 0.416667 0.458333 0.500000 0.541667 0.583333 0.625000
0.666667 0.708333</float_array><technique_common><accessor source="#BatRig_Spine-Matrix-animation-input-array" count="18"><param name="TIME" type="float"/></accessor></technique_common></source><source id="BatRig_Spine-Matrix-animation-output-transform"><float_array id="BatRig_Spine-Matrix-animation-output-transform-array" count="288">

0.997986 -0.048490 -0.040894 -0.000001 0.049132 0.998682 0.014832 3.725677 0.040121 -0.016811 0.999053 0.000001 0.000000 0.000000 0.000000 1.000000
0.997986 -0.048490 -0.040894 -0.000001 0.049132 0.998682 0.014832 3.725677 0.040121 -0.016811 0.999053 0.000001 0.000000 0.000000 0.000000 1.000000
0.997992 -0.047183 -0.042264 -0.000001 0.048036 0.998657 0.019389 3.725677 0.041292 -0.021380 0.998918 0.000001 0.000000 0.000000 0.000000 1.000000
0.997990 -0.043893 -0.045711 -0.000001 0.045329 0.998495 0.030875 3.725677 0.044287 -0.032885 0.998477 0.000001 0.000000 0.000000 0.000000 1.000000
0.997925 -0.037704 -0.052196 -0.000001 0.040446 0.997801 0.052512 3.725677 0.050101 -0.054514 0.997255 0.000001 0.000000 0.000000 0.000000 1.000000
0.997430 -0.022613 -0.067992 -0.000001 0.029719 0.993988 0.105383 3.725677 0.065200 -0.107133 0.992105 0.000001 0.000000 0.000000 0.000000 1.000000
0.996065 -0.002907 -0.088578 -0.000001 0.018384 0.984499 0.174424 3.725677 0.086698 -0.175366 0.980678 0.000001 0.000000 0.000000 0.000000 1.000000
0.995084 0.006892 -0.098790 -0.000001 0.013939 0.977895 0.208630 3.725677 0.098044 -0.208981 0.972992 0.000001 0.000000 0.000000 0.000000 1.000000
0.997162 -0.071527 -0.023488 -0.000001 0.074842 0.975618 0.206322 3.725677 0.008158 -0.207494 0.978202 0.000001 0.000000 0.000000 0.000000 1.000000
0.997988 0.054700 -0.032070 -0.000001 -0.053407 0.997776 0.039872 3.725677 0.034180 -0.038079 0.998690 0.000001 0.000000 0.000000 0.000000 1.000000
0.998021 0.054140 -0.031988 -0.000001 -0.052987 0.997951 0.035868 3.725677 0.033864 -0.034102 0.998844 0.000001 0.000000 0.000000 0.000000 1.000000
0.998244 0.050226 -0.031413 -0.000001 -0.050003 0.998718 0.007837 3.725677 0.031766 -0.006253 0.999476 0.000001 0.000000 0.000000 0.000000 1.000000
0.999539 0.021915 -0.020991 -0.000001 -0.025773 0.978219 -0.205968 3.725677 0.016020 0.206414 0.978334 0.000001 0.000000 0.000000 0.000000 1.000000
0.999934 -0.003056 -0.011037 -0.000001 -0.001464 0.921720 -0.387853 3.725677 0.011358 0.387844 0.921655 0.000001 0.000000 0.000000 0.000000 1.000000
0.998606 0.046333 -0.025302 -0.000001 -0.047683 0.997311 -0.055649 3.725677 0.022656 0.056778 0.998130 0.000001 0.000000 0.000000 0.000000 1.000000
0.998094 0.055077 -0.027820 -0.000001 -0.054933 0.998472 0.005925 3.725677 0.028104 -0.004385 0.999595 0.000001 0.000000 0.000000 0.000000 1.000000
0.997871 0.058515 -0.028809 -0.000001 -0.057630 0.997867 0.030650 3.725677 0.030541 -0.028924 0.999115 0.000001 0.000000 0.000000 0.000000 1.000000
0.997871 0.058515 -0.028809 -0.000001 -0.057630 0.997867 0.030650 3.725677 0.030541 -0.028924 0.999115 0.000001 0.000000 0.000000 0.000000 1.000000</float_array><technique_common><accessor source="#BatRig_Spine-Matrix-animation-output-transform-array" count="18" stride="16"><param type="float4x4"/></accessor></technique_common></source><source id="BatRig_Spine-Interpolations"><Name_array id="BatRig_Spine-Interpolations-array" count="18">
 LINEAR LINEAR LINEAR LINEAR LINEAR LINEAR LINEAR LINEAR LINEAR LINEAR LINEAR
LINEAR LINEAR LINEAR LINEAR LINEAR LINEAR LINEAR</Name_array><technique_common><accessor source="#BatRig_Spine-Interpolations-array" count="18"><param type="name"/></accessor></technique_common></source><sampler id="BatRig_Spine-Matrix-animation-transform"><input semantic="INPUT" source="#BatRig_Spine-Matrix-animation-input"/><input semantic="OUTPUT" source="#BatRig_Spine-Matrix-animation-output-transform"/><input semantic="INTERPOLATION" source="#BatRig_Spine-Interpolations"/></sampler><channel source="#BatRig_Spine-Matrix-animation-transform" target="BatRig_Spine/matrix"/></animation><animation><source id="BatRig_Spine-visibility-animation-input"><float_array id="BatRig_Spine-visibility-animation-input-array" count="18">

0.000000 0.041667 0.083333 0.125000 0.166667 0.208333 0.250000 0.291667 0.333333 0.375000 0.416667 0.458333 0.500000 0.541667 0.583333 0.625000
0.666667 0.708333</float_array><technique_common><accessor source="#BatRig_Spine-visibility-animation-input-array" count="18"><param name="TIME" type="float"/></accessor></technique_common></source><source id="BatRig_Spine-visibility-animation-output"><float_array id="BatRig_Spine-visibility-animation-output-array" count="18">

1.000000 1.000000 1.000000 1.000000 1.000000 1.000000 1.000000 1.000000 1.000000 1.000000 1.000000 1.000000 1.000000 1.000000 1.000000 1.000000
1.000000 1.000000</float_array><technique_common><accessor source="#BatRig_Spine-visibility-animation-output-array" count="18"><param type="float"/></accessor></technique_common></source><source id="BatRig_Spine-visibility-animation-intan"><float_array id="BatRig_Spine-visibility-animation-intan-array" count="18">

0.000000 0.000000 0.000000 0.000000 0.000000 0.000000 0.000000 0.000000 0.000000 0.000000 0.000000 0.000000 0.000000 0.000000 0.000000 0.000000
0.000000 0.000000</float_array><technique_common><accessor source="#BatRig_Spine-visibility-animation-intan-array" count="18"><param type="float"/></accessor></technique_common></source><source id="BatRig_Spine-visibility-animation-outtan"><float_array id="BatRig_Spine-visibility-animation-outtan-array" count="18">

0.000000 0.000000 0.000000 0.000000 0.000000 0.000000 0.000000 0.000000 0.000000 0.000000 0.000000 0.000000 0.000000 0.000000 0.000000 0.000000
0.000000 0.000000</float_array><technique_common><accessor source="#BatRig_Spine-visibility-animation-outtan-array" count="18"><param type="float"/></accessor></technique_common></source><source id="BatRig_Spine-visibility-animation-interpolation"><Name_array id="BatRig_Spine-visibility-animation-interpolation-array" count="18">
 STEP STEP STEP STEP STEP STEP STEP STEP STEP STEP STEP STEP STEP STEP STEP STEP STEP
BEZIER</Name_array><technique_common><accessor source="#BatRig_Spine-visibility-animation-interpolation-array" count="18"><param type="name"/></accessor></technique_common></source><sampler id="BatRig_Spine-visibility-animation"><input semantic="INPUT" source="#BatRig_Spine-visibility-animation-input"/><input semantic="OUTPUT" source="#BatRig_Spine-visibility-animation-output"/><input semantic="IN_TANGENT" source="#BatRig_Spine-visibility-animation-intan"/><input semantic="OUT_TANGENT" source="#BatRig_Spine-visibility-animation-outtan"/><input semantic="INTERPOLATION" source="#BatRig_Spine-visibility-animation-interpolation"/></sampler><channel source="#BatRig_Spine-visibility-animation" target="BatRig_Spine/visibility"/></animation></animation>
    <animation id="BatRig_Spine1-anim" name="BatRig_Spine1"><animation><source id="BatRig_Spine1-Matrix-animation-input"><float_array id="BatRig_Spine1-Matrix-animation-input-array" count="18">

0.000000 0.041667 0.083333 0.125000 0.166667 0.208333 0.250000 0.291667 0.333333 0.375000 0.416667 0.458333 0.500000 0.541667 0.583333 0.625000
0.666667 0.708333</float_array><technique_common><accessor source="#BatRig_Spine1-Matrix-animation-input-array" count="18"><param name="TIME" type="float"/></accessor></technique_common></source><source id="BatRig_Spine1-Matrix-animation-output-transform"><float_array id="BatRig_Spine1-Matrix-animation-output-transform-array" count="288">

0.997229 -0.074345 0.002572 0.000002 0.072475 0.963194 -0.258852 10.999832 0.016767 0.258321 0.965914 -0.000003 0.000000 0.000000 0.000000 1.000000
0.997229 -0.074345 0.002572 0.000002 0.072475 0.963194 -0.258852 10.999832 0.016767 0.258321 0.965914 -0.000003 0.000000 0.000000 0.000000 1.000000
0.997352 -0.072722 0.000339 0.000002 0.070495 0.965645 -0.250121 10.999832 0.017862 0.249483 0.968214 -0.000003 0.000000 0.000000 0.000000 1.000000
0.997628 -0.068634 -0.005288 0.000002 0.065624 0.971446 -0.228003 10.999832 0.020786 0.227115 0.973646 -0.000003 0.000000 0.000000 0.000000 1.000000
0.998015 -0.060944 -0.015876 0.000002 0.056941 0.980905 -0.185967 10.999832 0.026906 0.184694 0.982428 -0.000003 0.000000 0.000000 0.000000 1.000000
0.998239 -0.042187 -0.041706 0.000002 0.038682 0.995918 -0.081553 10.999832 0.044976 0.079796 0.995796 -0.000003 0.000000 0.000000 0.000000 1.000000
0.996995 -0.017679 -0.075417 0.000002 0.022019 0.998125 0.057104 10.999832 0.074266 -0.058593 0.995516 -0.000003 0.000000 0.000000 0.000000 1.000000
0.995731 -0.005491 -0.092144 0.000002 0.017143 0.991863 0.126147 10.999832 0.090702 -0.127188 0.987723 -0.000003 0.000000 0.000000 0.000000 1.000000
0.997846 -0.011183 -0.064639 0.000002 0.017680 0.994746 0.100837 10.999832 0.063172 -0.101763 0.992801 -0.000003 0.000000 0.000000 0.000000 1.000000
0.997825 -0.058870 -0.029660 0.000002 0.056025 0.994454 -0.089007 10.999832 0.034735 0.087152 0.995589 -0.000003 0.000000 0.000000 0.000000 1.000000
0.997729 -0.061510 -0.027461 0.000002 0.057965 0.991652 -0.115179 10.999832 0.034316 0.113326 0.992965 -0.000003 0.000000 0.000000 0.000000 1.000000
0.997527 -0.066395 -0.023040 0.000002 0.061700 0.984323 -0.165229 10.999832 0.033649 0.163399 0.985986 -0.000003 0.000000 0.000000 0.000000 1.000000
0.997217 -0.072732 -0.016352 0.000002 0.066889 0.969822 -0.234459 10.999832 0.032911 0.232713 0.971988 -0.000003 0.000000 0.000000 0.000000 1.000000
0.996974 -0.076824 -0.011887 0.000002 0.070461 0.957616 -0.279298 10.999832 0.032840 0.277615 0.960131 -0.000003 0.000000 0.000000 0.000000 1.000000
0.999883 -0.015141 -0.002338 0.000002 0.014708 0.991393 -0.130091 10.999832 0.004288 0.130041 0.991499 -0.000003 0.000000 0.000000 0.000000 1.000000
0.999991 -0.004125 -0.000640 0.000002 0.004037 0.994637 -0.103349 10.999832 0.001063 0.103346 0.994645 -0.000003 0.000000 0.000000 0.000000 1.000000
1.000000 0.000254 0.000029 0.000002 -0.000250 0.995683 -0.092822 10.999832 -0.000052 0.092822 0.995683 -0.000003 0.000000 0.000000 0.000000 1.000000
1.000000 0.000254 0.000029 0.000002 -0.000250 0.995683 -0.092822 10.999832 -0.000052 0.092822 0.995683 -0.000003 0.000000 0.000000 0.000000 1.000000</float_array><technique_common><accessor source="#BatRig_Spine1-Matrix-animation-output-transform-array" count="18" stride="16"><param type="float4x4"/></accessor></technique_common></source><source id="BatRig_Spine1-Interpolations"><Name_array id="BatRig_Spine1-Interpolations-array" count="18">
 LINEAR LINEAR LINEAR LINEAR LINEAR LINEAR LINEAR LINEAR LINEAR LINEAR LINEAR
LINEAR LINEAR LINEAR LINEAR LINEAR LINEAR LINEAR</Name_array><technique_common><accessor source="#BatRig_Spine1-Interpolations-array" count="18"><param type="name"/></accessor></technique_common></source><sampler id="BatRig_Spine1-Matrix-animation-transform"><input semantic="INPUT" source="#BatRig_Spine1-Matrix-animation-input"/><input semantic="OUTPUT" source="#BatRig_Spine1-Matrix-animation-output-transform"/><input semantic="INTERPOLATION" source="#BatRig_Spine1-Interpolations"/></sampler><channel source="#BatRig_Spine1-Matrix-animation-transform" target="BatRig_Spine1/matrix"/></animation><animation><source id="BatRig_Spine1-visibility-animation-input"><float_array id="BatRig_Spine1-visibility-animation-input-array" count="18">

0.000000 0.041667 0.083333 0.125000 0.166667 0.208333 0.250000 0.291667 0.333333 0.375000 0.416667 0.458333 0.500000 0.541667 0.583333 0.625000
0.666667 0.708333</float_array><technique_common><accessor source="#BatRig_Spine1-visibility-animation-input-array" count="18"><param name="TIME" type="float"/></accessor></technique_common></source><source id="BatRig_Spine1-visibility-animation-output"><float_array id="BatRig_Spine1-visibility-animation-output-array" count="18">

1.000000 1.000000 1.000000 1.000000 1.000000 1.000000 1.000000 1.000000 1.000000 1.000000 1.000000 1.000000 1.000000 1.000000 1.000000 1.000000
1.000000 1.000000</float_array><technique_common><accessor source="#BatRig_Spine1-visibility-animation-output-array" count="18"><param type="float"/></accessor></technique_common></source><source id="BatRig_Spine1-visibility-animation-intan"><float_array id="BatRig_Spine1-visibility-animation-intan-array" count="18">

0.000000 0.000000 0.000000 0.000000 0.000000 0.000000 0.000000 0.000000 0.000000 0.000000 0.000000 0.000000 0.000000 0.000000 0.000000 0.000000
0.000000 0.000000</float_array><technique_common><accessor source="#BatRig_Spine1-visibility-animation-intan-array" count="18"><param type="float"/></accessor></technique_common></source><source id="BatRig_Spine1-visibility-animation-outtan"><float_array id="BatRig_Spine1-visibility-animation-outtan-array" count="18">

0.000000 0.000000 0.000000 0.000000 0.000000 0.000000 0.000000 0.000000 0.000000 0.000000 0.000000 0.000000 0.000000 0.000000 0.000000 0.000000
0.000000 0.000000</float_array><technique_common><accessor source="#BatRig_Spine1-visibility-animation-outtan-array" count="18"><param type="float"/></accessor></technique_common></source><source id="BatRig_Spine1-visibility-animation-interpolation"><Name_array id="BatRig_Spine1-visibility-animation-interpolation-array" count="18">
 STEP STEP STEP STEP STEP STEP STEP STEP STEP STEP STEP STEP STEP STEP STEP STEP STEP
BEZIER</Name_array><technique_common><accessor source="#BatRig_Spine1-visibility-animation-interpolation-array" count="18"><param type="name"/></accessor></technique_common></source><sampler id="BatRig_Spine1-visibility-animation"><input semantic="INPUT" source="#BatRig_Spine1-visibility-animation-input"/><input semantic="OUTPUT" source="#BatRig_Spine1-visibility-animation-output"/><input semantic="IN_TANGENT" source="#BatRig_Spine1-visibility-animation-intan"/><input semantic="OUT_TANGENT" source="#BatRig_Spine1-visibility-animation-outtan"/><input semantic="INTERPOLATION" source="#BatRig_Spine1-visibility-animation-interpolation"/></sampler><channel source="#BatRig_Spine1-visibility-animation" target="BatRig_Spine1/visibility"/></animation></animation>
    <animation id="BatRig_Spine2-anim" name="BatRig_Spine2"><animation><source id="BatRig_Spine2-Matrix-animation-input"><float_array id="BatRig_Spine2-Matrix-animation-input-array" count="18">

0.000000 0.041667 0.083333 0.125000 0.166667 0.208333 0.250000 0.291667 0.333333 0.375000 0.416667 0.458333 0.500000 0.541667 0.583333 0.625000
0.666667 0.708333</float_array><technique_common><accessor source="#BatRig_Spine2-Matrix-animation-input-array" count="18"><param name="TIME" type="float"/></accessor></technique_common></source><source id="BatRig_Spine2-Matrix-animation-output-transform"><float_array id="BatRig_Spine2-Matrix-animation-output-transform-array" count="288">

0.997505 -0.070560 -0.002021 -0.000000 0.067621 0.963391 -0.259434 11.776703 0.020253 0.258650 0.965759 0.000004 0.000000 0.000000 0.000000 1.000000
0.997505 -0.070560 -0.002021 -0.000000 0.067621 0.963391 -0.259434 11.776703 0.020253 0.258650 0.965759 0.000004 0.000000 0.000000 0.000000 1.000000
0.997562 -0.069683 -0.003901 0.000000 0.066487 0.965836 -0.250479 11.776703 0.021222 0.249609 0.968114 0.000004 0.000000 0.000000 0.000000 1.000000
0.997684 -0.067473 -0.008635 -0.000000 0.063738 0.971617 -0.227810 11.776703 0.023761 0.226732 0.973667 0.000004 0.000000 0.000000 0.000000 1.000000
0.997839 -0.063316 -0.017538 0.000000 0.059000 0.981004 -0.184797 11.776703 0.028906 0.183363 0.982620 0.000004 0.000000 0.000000 0.000000 1.000000
0.997813 -0.053181 -0.039252 0.000000 0.049986 0.995674 -0.078320 11.776703 0.043247 0.076187 0.996155 0.000004 0.000000 0.000000 0.000000 1.000000
0.996913 -0.039939 -0.067594 0.000000 0.044170 0.997079 0.062310 11.776703 0.064908 -0.065103 0.995765 0.000004 0.000000 0.000000 0.000000 1.000000
0.996101 -0.033351 -0.081673 0.000000 0.043982 0.990269 0.132035 11.776703 0.076475 -0.135112 0.987875 0.000004 0.000000 0.000000 0.000000 1.000000
0.998056 -0.031443 -0.053813 0.000000 0.037000 0.993721 0.105591 11.776703 0.050155 -0.107377 0.992952 0.000004 0.000000 0.000000 0.000000 1.000000
0.997829 -0.061315 -0.024050 0.000000 0.058989 0.994395 -0.087744 11.776703 0.029295 0.086135 0.995853 0.000004 0.000000 0.000000 0.000000 1.000000
0.997735 -0.063128 -0.023252 0.000000 0.060086 0.991658 -0.114035 11.776703 0.030257 0.112379 0.993205 0.000004 0.000000 0.000000 0.000000 1.000000
0.997550 -0.066540 -0.021580 0.000000 0.062111 0.984449 -0.164323 11.776703 0.032178 0.162580 0.986171 0.000004 0.000000 0.000000 0.000000 1.000000
0.997289 -0.071115 -0.018882 0.000000 0.064748 0.970102 -0.233902 11.776703 0.034951 0.232045 0.972077 0.000004 0.000000 0.000000 0.000000 1.000000
0.997105 -0.074094 -0.017058 -0.000000 0.066415 0.957994 -0.278991 11.776703 0.037013 0.277050 0.960142 0.000004 0.000000 0.000000 0.000000 1.000000
0.999888 -0.014562 -0.003480 0.000000 0.013987 0.991424 -0.129936 11.776703 0.005342 0.129873 0.991516 0.000004 0.000000 0.000000 0.000000 1.000000
0.999992 -0.003929 -0.001062 0.000000 0.003798 0.994644 -0.103293 11.776703 0.001462 0.103288 0.994650 0.000004 0.000000 0.000000 0.000000 1.000000
1.000000 0.000300 -0.000110 0.000000 -0.000309 0.995684 -0.092810 11.776703 0.000082 0.092810 0.995684 0.000004 0.000000 0.000000 0.000000 1.000000
1.000000 0.000300 -0.000110 0.000000 -0.000309 0.995684 -0.092810 11.776703 0.000082 0.092810 0.995684 0.000004 0.000000 0.000000 0.000000 1.000000</float_array><technique_common><accessor source="#BatRig_Spine2-Matrix-animation-output-transform-array" count="18" stride="16"><param type="float4x4"/></accessor></technique_common></source><source id="BatRig_Spine2-Interpolations"><Name_array id="BatRig_Spine2-Interpolations-array" count="18">
 LINEAR LINEAR LINEAR LINEAR LINEAR LINEAR LINEAR LINEAR LINEAR LINEAR LINEAR
LINEAR LINEAR LINEAR LINEAR LINEAR LINEAR LINEAR</Name_array><technique_common><accessor source="#BatRig_Spine2-Interpolations-array" count="18"><param type="name"/></accessor></technique_common></source><sampler id="BatRig_Spine2-Matrix-animation-transform"><input semantic="INPUT" source="#BatRig_Spine2-Matrix-animation-input"/><input semantic="OUTPUT" source="#BatRig_Spine2-Matrix-animation-output-transform"/><input semantic="INTERPOLATION" source="#BatRig_Spine2-Interpolations"/></sampler><channel source="#BatRig_Spine2-Matrix-animation-transform" target="BatRig_Spine2/matrix"/></animation><animation><source id="BatRig_Spine2-visibility-animation-input"><float_array id="BatRig_Spine2-visibility-animation-input-array" count="18">

0.000000 0.041667 0.083333 0.125000 0.166667 0.208333 0.250000 0.291667 0.333333 0.375000 0.416667 0.458333 0.500000 0.541667 0.583333 0.625000
0.666667 0.708333</float_array><technique_common><accessor source="#BatRig_Spine2-visibility-animation-input-array" count="18"><param name="TIME" type="float"/></accessor></technique_common></source><source id="BatRig_Spine2-visibility-animation-output"><float_array id="BatRig_Spine2-visibility-animation-output-array" count="18">

1.000000 1.000000 1.000000 1.000000 1.000000 1.000000 1.000000 1.000000 1.000000 1.000000 1.000000 1.000000 1.000000 1.000000 1.000000 1.000000
1.000000 1.000000</float_array><technique_common><accessor source="#BatRig_Spine2-visibility-animation-output-array" count="18"><param type="float"/></accessor></technique_common></source><source id="BatRig_Spine2-visibility-animation-intan"><float_array id="BatRig_Spine2-visibility-animation-intan-array" count="18">

0.000000 0.000000 0.000000 0.000000 0.000000 0.000000 0.000000 0.000000 0.000000 0.000000 0.000000 0.000000 0.000000 0.000000 0.000000 0.000000
0.000000 0.000000</float_array><technique_common><accessor source="#BatRig_Spine2-visibility-animation-intan-array" count="18"><param type="float"/></accessor></technique_common></source><source id="BatRig_Spine2-visibility-animation-outtan"><float_array id="BatRig_Spine2-visibility-animation-outtan-array" count="18">

0.000000 0.000000 0.000000 0.000000 0.000000 0.000000 0.000000 0.000000 0.000000 0.000000 0.000000 0.000000 0.000000 0.000000 0.000000 0.000000
0.000000 0.000000</float_array><technique_common><accessor source="#BatRig_Spine2-visibility-animation-outtan-array" count="18"><param type="float"/></accessor></technique_common></source><source id="BatRig_Spine2-visibility-animation-interpolation"><Name_array id="BatRig_Spine2-visibility-animation-interpolation-array" count="18">
 STEP STEP STEP STEP STEP STEP STEP STEP STEP STEP STEP STEP STEP STEP STEP STEP STEP
BEZIER</Name_array><technique_common><accessor source="#BatRig_Spine2-visibility-animation-interpolation-array" count="18"><param type="name"/></accessor></technique_common></source><sampler id="BatRig_Spine2-visibility-animation"><input semantic="INPUT" source="#BatRig_Spine2-visibility-animation-input"/><input semantic="OUTPUT" source="#BatRig_Spine2-visibility-animation-output"/><input semantic="IN_TANGENT" source="#BatRig_Spine2-visibility-animation-intan"/><input semantic="OUT_TANGENT" source="#BatRig_Spine2-visibility-animation-outtan"/><input semantic="INTERPOLATION" source="#BatRig_Spine2-visibility-animation-interpolation"/></sampler><channel source="#BatRig_Spine2-visibility-animation" target="BatRig_Spine2/visibility"/></animation></animation>
    <animation id="BatRig_Spine3-anim" name="BatRig_Spine3"><animation><source id="BatRig_Spine3-Matrix-animation-input"><float_array id="BatRig_Spine3-Matrix-animation-input-array" count="18">

0.000000 0.041667 0.083333 0.125000 0.166667 0.208333 0.250000 0.291667 0.333333 0.375000 0.416667 0.458333 0.500000 0.541667 0.583333 0.625000
0.666667 0.708333</float_array><technique_common><accessor source="#BatRig_Spine3-Matrix-animation-input-array" count="18"><param name="TIME" type="float"/></accessor></technique_common></source><source id="BatRig_Spine3-Matrix-animation-output-transform"><float_array id="BatRig_Spine3-Matrix-animation-output-transform-array" count="288">

0.997642 -0.068261 -0.007186 0.000001 0.064071 0.963688 -0.259230 13.030716 0.024620 0.258158 0.965789 -1.061704 0.000000 0.000000 0.000000 1.000000
0.997642 -0.068261 -0.007186 0.000001 0.064071 0.963688 -0.259230 13.030716 0.024620 0.258158 0.965789 -1.061704 0.000000 0.000000 0.000000 1.000000
0.997641 -0.068137 -0.008380 0.000001 0.063883 0.966111 -0.250096 13.030716 0.025137 0.248971 0.968185 -1.061704 0.000000 0.000000 0.000000 1.000000
0.997632 -0.067826 -0.011390 0.000001 0.063480 0.971826 -0.226990 13.030716 0.026465 0.225729 0.973831 -1.061704 0.000000 0.000000 0.000000 1.000000
0.997591 -0.067240 -0.017047 0.000001 0.062995 0.981055 -0.183203 13.030716 0.029043 0.181688 0.982927 -1.061704 0.000000 0.000000 0.000000 1.000000
0.997299 -0.066666 -0.030836 0.000001 0.064196 0.995105 -0.075138 13.030716 0.035694 0.072956 0.996696 -1.061704 0.000000 0.000000 0.000000 1.000000
0.996647 -0.065655 -0.048828 0.000001 0.068853 0.995375 0.066991 13.030716 0.044204 -0.070128 0.996558 -1.061704 0.000000 0.000000 0.000000 1.000000
0.996338 -0.063022 -0.057778 0.000001 0.070461 0.988011 0.137368 13.030716 0.048428 -0.140936 0.988834 -1.061704 0.000000 0.000000 0.000000 1.000000
0.998043 -0.051890 -0.034899 0.000001 0.055430 0.992432 0.109574 13.030716 0.028949 -0.111294 0.993366 -1.061704 0.000000 0.000000 0.000000 1.000000
0.997833 -0.063232 -0.018173 0.000001 0.061437 0.994358 -0.086471 13.030716 0.023538 0.085167 0.996089 -1.061704 0.000000 0.000000 0.000000 1.000000
0.997739 -0.064495 -0.018900 0.000001 0.061967 0.991686 -0.112778 13.030716 0.026016 0.111352 0.993440 -1.061704 0.000000 0.000000 0.000000 1.000000
0.997551 -0.066970 -0.020191 0.000001 0.062800 0.984608 -0.163107 13.030716 0.030804 0.161439 0.986402 -1.061704 0.000000 0.000000 0.000000 1.000000
0.997271 -0.070560 -0.021727 0.000001 0.063592 0.970455 -0.232753 13.030716 0.037508 0.230736 0.972293 -1.061704 0.000000 0.000000 0.000000 1.000000
0.997078 -0.072938 -0.022697 0.000001 0.063789 0.958490 -0.277899 13.030716 0.042024 0.275639 0.960342 -1.061704 0.000000 0.000000 0.000000 1.000000
0.999886 -0.014315 -0.004725 0.000001 0.013582 0.991464 -0.129675 13.030716 0.006541 0.129596 0.991545 -1.061704 0.000000 0.000000 0.000000 1.000000
0.999991 -0.003844 -0.001523 0.000001 0.003666 0.994654 -0.103203 13.030716 0.001912 0.103197 0.994659 -1.061704 0.000000 0.000000 0.000000 1.000000
1.000000 0.000321 -0.000261 0.000001 -0.000344 0.995686 -0.092791 13.030716 0.000230 0.092791 0.995686 -1.061704 0.000000 0.000000 0.000000 1.000000
