<?xml version="1.0" encoding="utf-8"?>
<COLLADA xmlns="http://www.collada.org/2005/11/COLLADASchema" version="1.4.1">
  <asset><contributor><author></author><authoring_tool>FBX COLLADA exporter</authoring_tool><comments></comments></contributor><created>2017-08-30T19:25:22Z</created><keywords></keywords><modified>2017-08-30T19:25:22Z</modified><revision></revision><subject></subject><title></title><unit meter="0.010000" name="centimeter"></unit><up_axis>Y_UP</up_axis></asset>
  <library_animations>
    <animation id="BatRig_Reference-anim" name="BatRig_Reference"><animation><source id="BatRig_Reference-Matrix-animation-input"><float_array id="BatRig_Reference-Matrix-animation-input-array" count="18">

0.000000 0.041667 0.083333 0.125000 0.166667 0.208333 0.250000 0.291667 0.333333 0.375000 0.416667 0.458333 0.500000 0.541667 0.583333 0.625000
0.666667 0.708333</float_array><technique_common><accessor source="#BatRig_Reference-Matrix-animation-input-array" count="18"><param name="TIME" type="float"/></accessor></technique_common></source><source id="BatRig_Reference-Matrix-animation-output-transform"><float_array id="BatRig_Reference-Matrix-animation-output-transform-array" count="288">

1.000000 0.000000 0.000000 6.512325 0.000000 1.000000 0.000000 0.000000 0.000000 0.000000 1.000000 0.054275 0.000000 0.000000 0.000000 1.000000
1.000000 0.000000 0.000000 6.512325 0.000000 1.000000 0.000000 0.000000 0.000000 0.000000 1.000000 0.054275 0.000000 0.000000 0.000000 1.000000
1.000000 0.000000 0.000000 14.502636 0.000000 1.000000 0.000000 0.000000 0.000000 0.000000 1.000000 -0.108136 0.000000 0.000000 0.000000 1.000000
1.000000 0.000000 0.000000 22.650944 0.000000 1.000000 0.000000 0.000000 0.000000 0.000000 1.000000 -0.293673 0.000000 0.000000 0.000000 1.000000
1.000000 0.000000 0.000000 30.546635 0.000000 1.000000 0.000000 0.000000 0.000000 0.000000 1.000000 -0.486242 0.000000 0.000000 0.000000 1.000000
1.000000 0.000000 0.000000 38.008587 0.000000 1.000000 0.000000 0.000000 0.000000 0.000000 1.000000 -0.667373 0.000000 0.000000 0.000000 1.000000
1.000000 0.000000 0.000000 45.541832 0.000000 1.000000 0.000000 0.000000 0.000000 0.000000 1.000000 -0.820953 0.000000 0.000000 0.000000 1.000000
1.000000 0.000000 0.000000 53.148270 0.000000 1.000000 0.000000 0.000000 0.000000 0.000000 1.000000 -0.954468 0.000000 0.000000 0.000000 1.000000
1.000000 0.000000 0.000000 60.871307 0.000000 1.000000 0.000000 0.000000 0.000000 0.000000 1.000000 -1.072377 0.000000 0.000000 0.000000 1.000000
1.000000 0.000000 0.000000 69.447411 0.000000 1.000000 0.000000 0.000000 0.000000 0.000000 1.000000 -1.114234 0.000000 0.000000 0.000000 1.000000
1.000000 0.000000 0.000000 79.223137 0.000000 1.000000 0.000000 0.000000 0.000000 0.000000 1.000000 -0.613700 0.000000 0.000000 0.000000 1.000000
1.000000 0.000000 0.000000 89.660141 0.000000 1.000000 0.000000 0.000000 0.000000 0.000000 1.000000 0.474796 0.000000 0.000000 0.000000 1.000000
1.000000 0.000000 0.000000 100.200706 0.000000 1.000000 0.000000 0.000000 0.000000 0.000000 1.000000 1.564176 0.000000 0.000000 0.000000 1.000000
1.000000 0.000000 0.000000 110.296150 0.000000 1.000000 0.000000 0.000000 0.000000 0.000000 1.000000 2.063821 0.000000 0.000000 0.000000 1.000000
1.000000 0.000000 0.000000 120.099571 0.000000 1.000000 0.000000 0.000000 0.000000 0.000000 1.000000 1.831178 0.000000 0.000000 0.000000 1.000000
1.000000 0.000000 0.000000 129.884277 0.000000 1.000000 0.000000 0.000000 0.000000 0.000000 1.000000 1.335846 0.000000 0.000000 0.000000 1.000000
1.000000 0.000000 0.000000 139.351593 0.000000 1.000000 0.000000 0.000000 0.000000 0.000000 1.000000 0.730807 0.000000 0.000000 0.000000 1.000000
1.000000 0.000000 0.000000 139.351593 0.000000 1.000000 0.000000 0.000000 0.000000 0.000000 1.000000 0.730807 0.000000 0.000000 0.000000 1.000000</float_array><technique_common><accessor source="#BatRig_Reference-Matrix-animation-output-transform-array" count="18" stride="16"><param type="float4x4"/></accessor></technique_common></source><source id="BatRig_Reference-Interpolations"><Name_array id="BatRig_Reference-Interpolations-array" count="18">
 LINEAR LINEAR LINEAR LINEAR LINEAR LINEAR LINEAR LINEAR LINEAR LINEAR LINEAR
LINEAR LINEAR LINEAR LINEAR LINEAR LINEAR LINEAR</Name_array><technique_common><accessor source="#BatRig_Reference-Interpolations-array" count="18"><param type="name"/></accessor></technique_common></source><sampler id="BatRig_Reference-Matrix-animation-transform"><input semantic="INPUT" source="#BatRig_Reference-Matrix-animation-input"/><input semantic="OUTPUT" source="#BatRig_Reference-Matrix-animation-output-transform"/><input semantic="INTERPOLATION" source="#BatRig_Reference-Interpolations"/></sampler><channel source="#BatRig_Reference-Matrix-animation-transform" target="BatRig_Reference/matrix"/></animation><animation><source id="BatRig_Reference-visibility-animation-input"><float_array id="BatRig_Reference-visibility-animation-input-array" count="18">

0.000000 0.041667 0.083333 0.125000 0.166667 0.208333 0.250000 0.291667 0.333333 0.375000 0.416667 0.458333 0.500000 0.541667 0.583333 0.625000
0.666667 0.708333</float_array><technique_common><accessor source="#BatRig_Reference-visibility-animation-input-array" count="18"><param name="TIME" type="float"/></accessor></technique_common></source><source id="BatRig_Reference-visibility-animation-output"><float_array id="BatRig_Reference-visibility-animation-output-array" count="18">

1.000000 1.000000 1.000000 1.000000 1.000000 1.000000 1.000000 1.000000 1.000000 1.000000 1.000000 1.000000 1.000000 1.000000 1.000000 1.000000
1.000000 1.000000</float_array><technique_common><accessor source="#BatRig_Reference-visibility-animation-output-array" count="18"><param type="float"/></accessor></technique_common></source><source id="BatRig_Reference-visibility-animation-intan"><float_array id="BatRig_Reference-visibility-animation-intan-array" count="18">

0.000000 0.000000 0.000000 0.000000 0.000000 0.000000 0.000000 0.000000 0.000000 0.000000 0.000000 0.000000 0.000000 0.000000 0.000000 0.000000
0.000000 0.000000</float_array><technique_common><accessor source="#BatRig_Reference-visibility-animation-intan-array" count="18"><param type="float"/></accessor></technique_common></source><source id="BatRig_Reference-visibility-animation-outtan"><float_array id="BatRig_Reference-visibility-animation-outtan-array" count="18">

0.000000 0.000000 0.000000 0.000000 0.000000 0.000000 0.000000 0.000000 0.000000 0.000000 0.000000 0.000000 0.000000 0.000000 0.000000 0.000000
0.000000 0.000000</float_array><technique_common><accessor source="#BatRig_Reference-visibility-animation-outtan-array" count="18"><param type="float"/></accessor></technique_common></source><source id="BatRig_Reference-visibility-animation-interpolation"><Name_array id="BatRig_Reference-visibility-animation-interpolation-array" count="18">
 STEP STEP STEP STEP STEP STEP STEP STEP STEP STEP STEP STEP STEP STEP STEP STEP STEP
BEZIER</Name_array><technique_common><accessor source="#BatRig_Reference-visibility-animation-interpolation-array" count="18"><param type="name"/></accessor></technique_common></source><sampler id="BatRig_Reference-visibility-animation"><input semantic="INPUT" source="#BatRig_Reference-visibility-animation-input"/><input semantic="OUTPUT" source="#BatRig_Reference-visibility-animation-output"/><input semantic="IN_TANGENT" source="#BatRig_Reference-visibility-animation-intan"/><input semantic="OUT_TANGENT" source="#BatRig_Reference-visibility-animation-outtan"/><input semantic="INTERPOLATION" source="#BatRig_Reference-visibility-animation-interpolation"/></sampler><channel source="#BatRig_Reference-visibility-animation" target="BatRig_Reference/visibility"/></animation></animation>
    <animation id="BatRig_Hips-anim" name="BatRig_Hips"><animation><source id="BatRig_Hips-Matrix-animation-input"><float_array id="BatRig_Hips-Matrix-animation-input-array" count="18">

0.000000 0.041667 0.083333 0.125000 0.166667 0.208333 0.250000 0.291667 0.333333 0.375000 0.416667 0.458333 0.500000 0.541667 0.583333 0.625000
0.666667 0.708333</float_array><technique_common><accessor source="#BatRig_Hips-Matrix-animation-input-array" count="18"><param name="TIME" type="float"/></accessor></technique_common></source><source id="BatRig_Hips-Matrix-animation-output-transform"><float_array id="BatRig_Hips-Matrix-animation-output-transform-array" count="288">

0.664380 -0.008509 0.747347 0.000000 0.053639 0.997900 -0.036323 77.798737 -0.745468 0.064219 0.663441 0.000000 0.000000 0.000000 0.000000 1.000000
0.664380 -0.008509 0.747347 0.000000 0.053639 0.997900 -0.036323 77.798737 -0.745468 0.064219 0.663441 0.000000 0.000000 0.000000 0.000000 1.000000
0.591328 0.060067 0.804191 0.000000 0.050216 0.992544 -0.111060 79.652840 -0.804866 0.106056 0.583903 0.000000 0.000000 0.000000 0.000000 1.000000
0.505957 0.130347 0.852653 0.000000 0.054284 0.981744 -0.182293 81.220604 -0.860849 0.138518 0.489645 0.000000 0.000000 0.000000 0.000000 1.000000
0.443620 0.176214 0.878720 0.000000 0.060568 0.972343 -0.225566 82.145470 -0.894166 0.153288 0.420678 0.000000 0.000000 0.000000 0.000000 1.000000
0.416804 0.176456 0.891705 0.000000 0.057705 0.973862 -0.219687 82.350929 -0.907163 0.143022 0.395727 0.000000 0.000000 0.000000 0.000000 1.000000
0.423784 0.130118 0.896369 0.000000 0.051267 0.984596 -0.167163 82.423447 -0.904311 0.116795 0.410585 0.000000 0.000000 0.000000 0.000000 1.000000
0.406678 0.086689 0.909449 0.000000 0.054399 0.991423 -0.118829 81.723106 -0.911951 0.097798 0.398474 0.000000 0.000000 0.000000 0.000000 1.000000
0.389649 0.033404 0.920357 0.000000 0.058916 0.996391 -0.061107 80.393372 -0.919077 0.078034 0.386275 0.000000 0.000000 0.000000 0.000000 1.000000
0.407241 -0.000586 0.913321 0.000000 0.062101 0.997703 -0.027050 79.675995 -0.911207 0.067734 0.406342 0.000000 0.000000 0.000000 0.000000 1.000000
0.464249 0.001714 0.885703 0.000000 0.063450 0.997364 -0.035188 80.239975 -0.883429 0.072534 0.462917 0.000000 0.000000 0.000000 0.000000 1.000000
0.545758 0.019176 0.837724 0.000000 0.062186 0.996054 -0.063313 81.475204 -0.835632 0.086648 0.542412 0.000000 0.000000 0.000000 0.000000 1.000000
0.623659 0.036089 0.780863 0.000000 0.057429 0.994119 -0.091813 82.709061 -0.779584 0.102104 0.617919 0.000000 0.000000 0.000000 0.000000 1.000000
0.675468 0.039188 0.736347 0.000000 0.053084 0.993412 -0.101565 83.271614 -0.735476 0.107692 0.668938 0.000000 0.000000 0.000000 0.000000 1.000000
0.696752 0.022534 0.716958 0.000000 0.052911 0.995169 -0.082698 82.380585 -0.715358 0.095555 0.692194 0.000000 0.000000 0.000000 0.000000 1.000000
0.701727 -0.005193 0.712427 0.000000 0.055284 0.997355 -0.047184 80.529892 -0.710298 0.072496 0.700158 0.000000 0.000000 0.000000 0.000000 1.000000
0.699376 -0.034021 0.713944 0.000000 0.058144 0.998264 -0.009388 78.248611 -0.712385 0.048077 0.700140 0.000000 0.000000 0.000000 0.000000 1.000000
0.699376 -0.034021 0.713944 0.000000 0.058144 0.998264 -0.009388 78.248611 -0.712385 0.048077 0.700140 0.000000 0.000000 0.000000 0.000000 1.000000</float_array><technique_common><accessor source="#BatRig_Hips-Matrix-animation-output-transform-array" count="18" stride="16"><param type="float4x4"/></accessor></technique_common></source><source id="BatRig_Hips-Interpolations"><Name_array id="BatRig_Hips-Interpolations-array" count="18">
 LINEAR LINEAR LINEAR LINEAR LINEAR LINEAR LINEAR LINEAR LINEAR LINEAR LINEAR
LINEAR LINEAR LINEAR LINEAR LINEAR LINEAR LINEAR</Name_array><technique_common><accessor source="#BatRig_Hips-Interpolations-array" count="18"><param type="name"/></accessor></technique_common></source><sampler id="BatRig_Hips-Matrix-animation-transform"><input semantic="INPUT" source="#BatRig_Hips-Matrix-animation-input"/><input semantic="OUTPUT" source="#BatRig_Hips-Matrix-animation-output-transform"/><input semantic="INTERPOLATION" source="#BatRig_Hips-Interpolations"/></sampler><channel source="#BatRig_Hips-Matrix-animation-transform" target="BatRig_Hips/matrix"/></animation><animation><source id="BatRig_Hips-visibility-animation-input"><float_array id="BatRig_Hips-visibility-animation-input-array" count="18">

0.000000 0.041667 0.083333 0.125000 0.166667 0.208333 0.250000 0.291667 0.333333 0.375000 0.416667 0.458333 0.500000 0.541667 0.583333 0.625000
0.666667 0.708333</float_array><technique_common><accessor source="#BatRig_Hips-visibility-animation-input-array" count="18"><param name="TIME" type="float"/></accessor></technique_common></source><source id="BatRig_Hips-visibility-animation-output"><float_array id="BatRig_Hips-visibility-animation-output-array" count="18">

1.000000 1.000000 1.000000 1.000000 1.000000 1.000000 1.000000 1.000000 1.000000 1.000000 1.000000 1.000000 1.000000 1.000000 1.000000 1.000000
1.000000 1.000000</float_array><technique_common><accessor source="#BatRig_Hips-visibility-animation-output-array" count="18"><param type="float"/></accessor></technique_common></source><source id="BatRig_Hips-visibility-animation-intan"><float_array id="BatRig_Hips-visibility-animation-intan-array" count="18">

0.000000 0.000000 0.000000 0.000000 0.000000 0.000000 0.000000 0.000000 0.000000 0.000000 0.000000 0.000000 0.000000 0.000000 0.000000 0.000000
0.000000 0.000000</float_array><technique_common><accessor source="#BatRig_Hips-visibility-animation-intan-array" count="18"><param type="float"/></accessor></technique_common></source><source id="BatRig_Hips-visibility-animation-outtan"><float_array id="BatRig_Hips-visibility-animation-outtan-array" count="18">

0.000000 0.000000 0.000000 0.000000 0.000000 0.000000 0.000000 0.000000 0.000000 0.000000 0.000000 0.000000 0.000000 0.000000 0.000000 0.000000
0.000000 0.000000</float_array><technique_common><accessor source="#BatRig_Hips-visibility-animation-outtan-array" count="18"><param type="float"/></accessor></technique_common></source><source id="BatRig_Hips-visibility-animation-interpolation"><Name_array id="BatRig_Hips-visibility-animation-interpolation-array" count="18">
 STEP STEP STEP STEP STEP STEP STEP STEP STEP STEP STEP STEP STEP STEP STEP STEP STEP
BEZIER</Name_array><technique_common><accessor source="#BatRig_Hips-visibility-animation-interpolation-array" count="18"><param type="name"/></accessor></technique_common></source><sampler id="BatRig_Hips-visibility-animation"><input semantic="INPUT" source="#BatRig_Hips-visibility-animation-input"/><input semantic="OUTPUT" source="#BatRig_Hips-visibility-animation-output"/><input semantic="IN_TANGENT" source="#BatRig_Hips-visibility-animation-intan"/><input semantic="OUT_TANGENT" source="#BatRig_Hips-visibility-animation-outtan"/><input semantic="INTERPOLATION" source="#BatRig_Hips-visibility-animation-interpolation"/></sampler><channel source="#BatRig_Hips-visibility-animation" target="BatRig_Hips/visibility"/></animation></animation>
    <animation id="BatRig_Spine-anim" name="BatRig_Spine"><animation><source id="BatRig_Spine-Matrix-animation-input"><float_array id="BatRig_Spine-Matrix-animation-input-array" count="18">

0.000000 0.041667 0.083333 0.125000 0.166667 0.208333 0.250000 0.291667 0.333333 0.375000 0.416667 0.458333 0.500000 0.541667 0.583333 0.625000
0.666667 0.708333</float_array><technique_common><accessor source="#BatRig_Spine-Matrix-animation-input-array" count="18"><param name="TIME" type="float"/></accessor></technique_common></source><source id="BatRig_Spine-Matrix-animation-output-transform"><float_array id="BatRig_Spine-Matrix-animation-output-transform-array" count="288">

0.987465 0.147171 -0.057035 -0.000004 -0.142474 0.986628 0.079161 3.725675 0.067923 -0.070043 0.995229 0.000005 0.000000 0.000000 0.000000 1.000000
0.987465 0.147171 -0.057035 -0.000004 -0.142474 0.986628 0.079161 3.725675 0.067923 -0.070043 0.995229 0.000005 0.000000 0.000000 0.000000 1.000000
0.985911 0.148031 -0.077892 -0.000004 -0.140952 0.985947 0.089673 3.725675 0.090072 -0.077430 0.992921 0.000005 0.000000 0.000000 0.000000 1.000000
0.984051 0.148845 -0.097415 -0.000004 -0.139125 0.985216 0.099965 3.725675 0.110854 -0.084818 0.990211 0.000005 0.000000 0.000000 0.000000 1.000000
0.982266 0.149493 -0.113158 -0.000004 -0.137331 0.984554 0.108597 3.725675 0.127645 -0.091131 0.987624 0.000005 0.000000 0.000000 0.000000 1.000000
0.981537 0.149375 -0.119464 -0.000004 -0.137379 0.985142 0.103069 3.725675 0.133085 -0.084754 0.987474 0.000005 0.000000 0.000000 0.000000 1.000000
0.981336 0.149284 -0.121221 -0.000004 -0.137975 0.985683 0.096907 3.725675 0.133952 -0.078373 0.987884 0.000005 0.000000 0.000000 0.000000 1.000000
0.980864 0.149828 -0.124330 -0.000004 -0.139148 0.986119 0.090593 3.725675 0.136178 -0.071559 0.988097 0.000005 0.000000 0.000000 0.000000 1.000000
0.980422 0.150497 -0.126975 -0.000004 -0.140705 0.986575 0.082897 3.725675 0.137746 -0.063408 0.988436 0.000005 0.000000 0.000000 0.000000 1.000000
0.980192 0.151055 -0.128085 -0.000004 -0.142118 0.986904 0.076305 3.725675 0.137934 -0.056590 0.988823 0.000005 0.000000 0.000000 0.000000 1.000000
0.981246 0.150190 -0.120825 -0.000004 -0.141308 0.986805 0.079040 3.725675 0.131102 -0.060484 0.989522 0.000005 0.000000 0.000000 0.000000 1.000000
0.983355 0.149200 -0.103695 -0.000004 -0.141160 0.986666 0.081014 3.725675 0.114400 -0.065028 0.991304 0.000005 0.000000 0.000000 0.000000 1.000000
0.985400 0.148242 -0.083734 -0.000004 -0.141387 0.986500 0.082625 3.725675 0.094852 -0.069580 0.993057 0.000005 0.000000 0.000000 0.000000 1.000000
0.986728 0.147440 -0.068044 -0.000004 -0.141573 0.986337 0.084238 3.725675 0.079534 -0.073487 0.994120 0.000005 0.000000 0.000000 0.000000 1.000000
0.987383 0.147212 -0.058343 -0.000004 -0.142324 0.986534 0.080585 3.725675 0.069421 -0.071265 0.995039 0.000005 0.000000 0.000000 0.000000 1.000000
0.987861 0.146939 -0.050400 -0.000004 -0.142861 0.986763 0.076742 3.725675 0.061009 -0.068610 0.995776 0.000005 0.000000 0.000000 0.000000 1.000000
0.988224 0.146660 -0.043629 -0.000004 -0.143250 0.986986 0.073064 3.725675 0.053777 -0.065954 0.996372 0.000005 0.000000 0.000000 0.000000 1.000000
0.988224 0.146660 -0.043629 -0.000004 -0.143250 0.986986 0.073064 3.725675 0.053777 -0.065954 0.996372 0.000005 0.000000 0.000000 0.000000 1.000000</float_array><technique_common><accessor source="#BatRig_Spine-Matrix-animation-output-transform-array" count="18" stride="16"><param type="float4x4"/></accessor></technique_common></source><source id="BatRig_Spine-Interpolations"><Name_array id="BatRig_Spine-Interpolations-array" count="18">
 LINEAR LINEAR LINEAR LINEAR LINEAR LINEAR LINEAR LINEAR LINEAR LINEAR LINEAR
LINEAR LINEAR LINEAR LINEAR LINEAR LINEAR LINEAR</Name_array><technique_common><accessor source="#BatRig_Spine-Interpolations-array" count="18"><param type="name"/></accessor></technique_common></source><sampler id="BatRig_Spine-Matrix-animation-transform"><input semantic="INPUT" source="#BatRig_Spine-Matrix-animation-input"/><input semantic="OUTPUT" source="#BatRig_Spine-Matrix-animation-output-transform"/><input semantic="INTERPOLATION" source="#BatRig_Spine-Interpolations"/></sampler><channel source="#BatRig_Spine-Matrix-animation-transform" target="BatRig_Spine/matrix"/></animation><animation><source id="BatRig_Spine-visibility-animation-input"><float_array id="BatRig_Spine-visibility-animation-input-array" count="18">

0.000000 0.041667 0.083333 0.125000 0.166667 0.208333 0.250000 0.291667 0.333333 0.375000 0.416667 0.458333 0.500000 0.541667 0.583333 0.625000
0.666667 0.708333</float_array><technique_common><accessor source="#BatRig_Spine-visibility-animation-input-array" count="18"><param name="TIME" type="float"/></accessor></technique_common></source><source id="BatRig_Spine-visibility-animation-output"><float_array id="BatRig_Spine-visibility-animation-output-array" count="18">

1.000000 1.000000 1.000000 1.000000 1.000000 1.000000 1.000000 1.000000 1.000000 1.000000 1.000000 1.000000 1.000000 1.000000 1.000000 1.000000
1.000000 1.000000</float_array><technique_common><accessor source="#BatRig_Spine-visibility-animation-output-array" count="18"><param type="float"/></accessor></technique_common></source><source id="BatRig_Spine-visibility-animation-intan"><float_array id="BatRig_Spine-visibility-animation-intan-array" count="18">

0.000000 0.000000 0.000000 0.000000 0.000000 0.000000 0.000000 0.000000 0.000000 0.000000 0.000000 0.000000 0.000000 0.000000 0.000000 0.000000
0.000000 0.000000</float_array><technique_common><accessor source="#BatRig_Spine-visibility-animation-intan-array" count="18"><param type="float"/></accessor></technique_common></source><source id="BatRig_Spine-visibility-animation-outtan"><float_array id="BatRig_Spine-visibility-animation-outtan-array" count="18">

0.000000 0.000000 0.000000 0.000000 0.000000 0.000000 0.000000 0.000000 0.000000 0.000000 0.000000 0.000000 0.000000 0.000000 0.000000 0.000000
0.000000 0.000000</float_array><technique_common><accessor source="#BatRig_Spine-visibility-animation-outtan-array" count="18"><param type="float"/></accessor></technique_common></source><source id="BatRig_Spine-visibility-animation-interpolation"><Name_array id="BatRig_Spine-visibility-animation-interpolation-array" count="18">
 STEP STEP STEP STEP STEP STEP STEP STEP STEP STEP STEP STEP STEP STEP STEP STEP STEP
BEZIER</Name_array><technique_common><accessor source="#BatRig_Spine-visibility-animation-interpolation-array" count="18"><param type="name"/></accessor></technique_common></source><sampler id="BatRig_Spine-visibility-animation"><input semantic="INPUT" source="#BatRig_Spine-visibility-animation-input"/><input semantic="OUTPUT" source="#BatRig_Spine-visibility-animation-output"/><input semantic="IN_TANGENT" source="#BatRig_Spine-visibility-animation-intan"/><input semantic="OUT_TANGENT" source="#BatRig_Spine-visibility-animation-outtan"/><input semantic="INTERPOLATION" source="#BatRig_Spine-visibility-animation-interpolation"/></sampler><channel source="#BatRig_Spine-visibility-animation" target="BatRig_Spine/visibility"/></animation></animation>
    <animation id="BatRig_Spine1-anim" name="BatRig_Spine1"><animation><source id="BatRig_Spine1-Matrix-animation-input"><float_array id="BatRig_Spine1-Matrix-animation-input-array" count="18">

0.000000 0.041667 0.083333 0.125000 0.166667 0.208333 0.250000 0.291667 0.333333 0.375000 0.416667 0.458333 0.500000 0.541667 0.583333 0.625000
0.666667 0.708333</float_array><technique_common><accessor source="#BatRig_Spine1-Matrix-animation-input-array" count="18"><param name="TIME" type="float"/></accessor></technique_common></source><source id="BatRig_Spine1-Matrix-animation-output-transform"><float_array id="BatRig_Spine1-Matrix-animation-output-transform-array" count="288">

0.999822 -0.010634 -0.015597 0.000003 0.010039 0.999237 -0.037757 10.999828 0.015987 0.037594 0.999165 -0.000004 0.000000 0.000000 0.000000 1.000000
0.999822 -0.010634 -0.015597 0.000003 0.010039 0.999237 -0.037757 10.999828 0.015987 0.037594 0.999165 -0.000004 0.000000 0.000000 0.000000 1.000000
0.998017 -0.012153 -0.061754 0.000003 0.010748 0.999677 -0.023039 10.999828 0.062014 0.022330 0.997825 -0.000004 0.000000 0.000000 0.000000 1.000000
0.994546 -0.013873 -0.103376 0.000003 0.013066 0.999879 -0.008479 10.999828 0.103481 0.007082 0.994606 -0.000004 0.000000 0.000000 0.000000 1.000000
0.990930 -0.015443 -0.133486 0.000003 0.016108 0.999863 0.003901 10.999828 0.133407 -0.006016 0.991043 -0.000004 0.000000 0.000000 0.000000 1.000000
0.989502 -0.015236 -0.143713 0.000003 0.014099 0.999861 -0.008930 10.999828 0.143829 0.006810 0.989579 -0.000004 0.000000 0.000000 0.000000 1.000000
0.989121 -0.014941 -0.146345 0.000003 0.011905 0.999696 -0.021601 10.999828 0.146623 0.019624 0.988998 -0.000004 0.000000 0.000000 0.000000 1.000000
0.988595 -0.012310 -0.150095 0.000003 0.007239 0.999386 -0.034285 10.999828 0.150425 0.032807 0.988077 -0.000004 0.000000 0.000000 0.000000 1.000000
0.988217 -0.009164 -0.152785 0.000003 0.001610 0.998773 -0.049491 10.999828 0.153051 0.048662 0.987019 -0.000004 0.000000 0.000000 0.000000 1.000000
0.988079 -0.006502 -0.153812 0.000003 -0.003097 0.998066 -0.062089 10.999828 0.153918 0.061825 0.986148 -0.000004 0.000000 0.000000 0.000000 1.000000
0.990155 -0.007345 -0.139786 0.000003 -0.000340 0.998493 -0.054874 10.999828 0.139978 0.054381 0.988660 -0.000004 0.000000 0.000000 0.000000 1.000000
0.994268 -0.008276 -0.106599 0.000003 0.003339 0.998917 -0.046405 10.999828 0.106868 0.045783 0.993219 -0.000004 0.000000 0.000000 0.000000 1.000000
0.997664 -0.009094 -0.067697 0.000003 0.006550 0.999268 -0.037699 10.999828 0.067990 0.037168 0.996993 -0.000004 0.000000 0.000000 0.000000 1.000000
0.999278 -0.009700 -0.036729 0.000003 0.008599 0.999512 -0.030024 10.999828 0.037002 0.029686 0.998874 -0.000004 0.000000 0.000000 0.000000 1.000000
0.999810 -0.009601 -0.016951 0.000003 0.009010 0.999361 -0.034597 10.999828 0.017272 0.034438 0.999258 -0.000004 0.000000 0.000000 0.000000 1.000000
0.999954 -0.009551 -0.000315 0.000003 0.009531 0.999146 -0.040210 10.999828 0.000699 0.040205 0.999191 -0.000004 0.000000 0.000000 0.000000 1.000000
0.999854 -0.009538 0.014202 0.000003 0.010180 0.998897 -0.045834 10.999828 -0.013749 0.045972 0.998848 -0.000004 0.000000 0.000000 0.000000 1.000000
0.999854 -0.009538 0.014202 0.000003 0.010180 0.998897 -0.045834 10.999828 -0.013749 0.045972 0.998848 -0.000004 0.000000 0.000000 0.000000 1.000000</float_array><technique_common><accessor source="#BatRig_Spine1-Matrix-animation-output-transform-array" count="18" stride="16"><param type="float4x4"/></accessor></technique_common></source><source id="BatRig_Spine1-Interpolations"><Name_array id="BatRig_Spine1-Interpolations-array" count="18">
 LINEAR LINEAR LINEAR LINEAR LINEAR LINEAR LINEAR LINEAR LINEAR LINEAR LINEAR
LINEAR LINEAR LINEAR LINEAR LINEAR LINEAR LINEAR</Name_array><technique_common><accessor source="#BatRig_Spine1-Interpolations-array" count="18"><param type="name"/></accessor></technique_common></source><sampler id="BatRig_Spine1-Matrix-animation-transform"><input semantic="INPUT" source="#BatRig_Spine1-Matrix-animation-input"/><input semantic="OUTPUT" source="#BatRig_Spine1-Matrix-animation-output-transform"/><input semantic="INTERPOLATION" source="#BatRig_Spine1-Interpolations"/></sampler><channel source="#BatRig_Spine1-Matrix-animation-transform" target="BatRig_Spine1/matrix"/></animation><animation><source id="BatRig_Spine1-visibility-animation-input"><float_array id="BatRig_Spine1-visibility-animation-input-array" count="18">

0.000000 0.041667 0.083333 0.125000 0.166667 0.208333 0.250000 0.291667 0.333333 0.375000 0.416667 0.458333 0.500000 0.541667 0.583333 0.625000
0.666667 0.708333</float_array><technique_common><accessor source="#BatRig_Spine1-visibility-animation-input-array" count="18"><param name="TIME" type="float"/></accessor></technique_common></source><source id="BatRig_Spine1-visibility-animation-output"><float_array id="BatRig_Spine1-visibility-animation-output-array" count="18">

1.000000 1.000000 1.000000 1.000000 1.000000 1.000000 1.000000 1.000000 1.000000 1.000000 1.000000 1.000000 1.000000 1.000000 1.000000 1.000000
1.000000 1.000000</float_array><technique_common><accessor source="#BatRig_Spine1-visibility-animation-output-array" count="18"><param type="float"/></accessor></technique_common></source><source id="BatRig_Spine1-visibility-animation-intan"><float_array id="BatRig_Spine1-visibility-animation-intan-array" count="18">

0.000000 0.000000 0.000000 0.000000 0.000000 0.000000 0.000000 0.000000 0.000000 0.000000 0.000000 0.000000 0.000000 0.000000 0.000000 0.000000
0.000000 0.000000</float_array><technique_common><accessor source="#BatRig_Spine1-visibility-animation-intan-array" count="18"><param type="float"/></accessor></technique_common></source><source id="BatRig_Spine1-visibility-animation-outtan"><float_array id="BatRig_Spine1-visibility-animation-outtan-array" count="18">

0.000000 0.000000 0.000000 0.000000 0.000000 0.000000 0.000000 0.000000 0.000000 0.000000 0.000000 0.000000 0.000000 0.000000 0.000000 0.000000
0.000000 0.000000</float_array><technique_common><accessor source="#BatRig_Spine1-visibility-animation-outtan-array" count="18"><param type="float"/></accessor></technique_common></source><source id="BatRig_Spine1-visibility-animation-interpolation"><Name_array id="BatRig_Spine1-visibility-animation-interpolation-array" count="18">
 STEP STEP STEP STEP STEP STEP STEP STEP STEP STEP STEP STEP STEP STEP STEP STEP STEP
BEZIER</Name_array><technique_common><accessor source="#BatRig_Spine1-visibility-animation-interpolation-array" count="18"><param type="name"/></accessor></technique_common></source><sampler id="BatRig_Spine1-visibility-animation"><input semantic="INPUT" source="#BatRig_Spine1-visibility-animation-input"/><input semantic="OUTPUT" source="#BatRig_Spine1-visibility-animation-output"/><input semantic="IN_TANGENT" source="#BatRig_Spine1-visibility-animation-intan"/><input semantic="OUT_TANGENT" source="#BatRig_Spine1-visibility-animation-outtan"/><input semantic="INTERPOLATION" source="#BatRig_Spine1-visibility-animation-interpolation"/></sampler><channel source="#BatRig_Spine1-visibility-animation" target="BatRig_Spine1/visibility"/></animation></animation>
    <animation id="BatRig_Spine2-anim" name="BatRig_Spine2"><animation><source id="BatRig_Spine2-Matrix-animation-input"><float_array id="BatRig_Spine2-Matrix-animation-input-array" count="18">

0.000000 0.041667 0.083333 0.125000 0.166667 0.208333 0.250000 0.291667 0.333333 0.375000 0.416667 0.458333 0.500000 0.541667 0.583333 0.625000
0.666667 0.708333</float_array><technique_common><accessor source="#BatRig_Spine2-Matrix-animation-input-array" count="18"><param name="TIME" type="float"/></accessor></technique_common></source><source id="BatRig_Spine2-Matrix-animation-output-transform"><float_array id="BatRig_Spine2-Matrix-animation-output-transform-array" count="288">

0.999776 -0.015427 -0.014486 0.000001 0.014854 0.999134 -0.038874 11.776699 0.015073 0.038650 0.999139 0.000003 0.000000 0.000000 0.000000 1.000000
0.999776 -0.015427 -0.014486 0.000001 0.014854 0.999134 -0.038874 11.776699 0.015073 0.038650 0.999139 0.000003 0.000000 0.000000 0.000000 1.000000
0.997960 -0.021211 -0.060217 0.000001 0.019761 0.999503 -0.024581 11.776699 0.060708 0.023341 0.997883 0.000003 0.000000 0.000000 0.000000 1.000000
0.994475 -0.026836 -0.101487 0.000001 0.025892 0.999608 -0.010605 11.776699 0.101732 0.007919 0.994780 0.000003 0.000000 0.000000 0.000000 1.000000
0.990827 -0.031312 -0.131457 0.000001 0.031747 0.999495 0.001218 11.776699 0.131352 -0.005380 0.991321 0.000003 0.000000 0.000000 0.000000 1.000000
0.989391 -0.030816 -0.141971 0.000001 0.029445 0.999497 -0.011751 11.776699 0.142262 0.007446 0.989801 0.000003 0.000000 0.000000 0.000000 1.000000
0.989025 -0.029603 -0.144754 0.000001 0.026339 0.999355 -0.024414 11.776699 0.145383 0.020333 0.989166 0.000003 0.000000 0.000000 0.000000 1.000000
0.988555 -0.024562 -0.148846 0.000001 0.019413 0.999165 -0.035949 11.776699 0.149605 0.032648 0.988207 0.000003 0.000000 0.000000 0.000000 1.000000
0.988225 -0.018405 -0.151897 0.000001 0.010954 0.998702 -0.049745 11.776699 0.152615 0.047495 0.987144 0.000003 0.000000 0.000000 0.000000 1.000000
0.988097 -0.013116 -0.153270 0.000001 0.003766 0.998123 -0.061133 11.776699 0.153784 0.059828 0.986292 0.000003 0.000000 0.000000 0.000000 1.000000
0.990179 -0.013870 -0.139118 0.000001 0.006378 0.998512 -0.054157 11.776699 0.139662 0.052738 0.988794 0.000003 0.000000 0.000000 0.000000 1.000000
0.994295 -0.013344 -0.105823 0.000001 0.008526 0.998912 -0.045847 11.776699 0.106320 0.044683 0.993327 0.000003 0.000000 0.000000 0.000000 1.000000
0.997688 -0.012244 -0.066842 0.000001 0.009766 0.999257 -0.037275 11.776699 0.067249 0.036536 0.997067 0.000003 0.000000 0.000000 0.000000 1.000000
0.999293 -0.011396 -0.035833 0.000001 0.010332 0.999505 -0.029728 11.776699 0.036154 0.029337 0.998916 0.000003 0.000000 0.000000 0.000000 1.000000
0.999813 -0.010692 -0.016098 0.000001 0.010130 0.999350 -0.034601 11.776699 0.016457 0.034431 0.999272 0.000003 0.000000 0.000000 0.000000 1.000000
0.999945 -0.010475 0.000495 0.000001 0.010486 0.999122 -0.040555 11.776699 -0.000070 0.040558 0.999177 0.000003 0.000000 0.000000 0.000000 1.000000
0.999833 -0.010466 0.014965 0.000001 0.011152 0.998856 -0.046504 11.776699 -0.014461 0.046663 0.998806 0.000003 0.000000 0.000000 0.000000 1.000000
0.999833 -0.010466 0.014965 0.000001 0.011152 0.998856 -0.046504 11.776699 -0.014461 0.046663 0.998806 0.000003 0.000000 0.000000 0.000000 1.000000</float_array><technique_common><accessor source="#BatRig_Spine2-Matrix-animation-output-transform-array" count="18" stride="16"><param type="float4x4"/></accessor></technique_common></source><source id="BatRig_Spine2-Interpolations"><Name_array id="BatRig_Spine2-Interpolations-array" count="18">
 LINEAR LINEAR LINEAR LINEAR LINEAR LINEAR LINEAR LINEAR LINEAR LINEAR LINEAR
LINEAR LINEAR LINEAR LINEAR LINEAR LINEAR LINEAR</Name_array><technique_common><accessor source="#BatRig_Spine2-Interpolations-array" count="18"><param type="name"/></accessor></technique_common></source><sampler id="BatRig_Spine2-Matrix-animation-transform"><input semantic="INPUT" source="#BatRig_Spine2-Matrix-animation-input"/><input semantic="OUTPUT" source="#BatRig_Spine2-Matrix-animation-output-transform"/><input semantic="INTERPOLATION" source="#BatRig_Spine2-Interpolations"/></sampler><channel source="#BatRig_Spine2-Matrix-animation-transform" target="BatRig_Spine2/matrix"/></animation><animation><source id="BatRig_Spine2-visibility-animation-input"><float_array id="BatRig_Spine2-visibility-animation-input-array" count="18">

0.000000 0.041667 0.083333 0.125000 0.166667 0.208333 0.250000 0.291667 0.333333 0.375000 0.416667 0.458333 0.500000 0.541667 0.583333 0.625000
0.666667 0.708333</float_array><technique_common><accessor source="#BatRig_Spine2-visibility-animation-input-array" count="18"><param name="TIME" type="float"/></accessor></technique_common></source><source id="BatRig_Spine2-visibility-animation-output"><float_array id="BatRig_Spine2-visibility-animation-output-array" count="18">

1.000000 1.000000 1.000000 1.000000 1.000000 1.000000 1.000000 1.000000 1.000000 1.000000 1.000000 1.000000 1.000000 1.000000 1.000000 1.000000
1.000000 1.000000</float_array><technique_common><accessor source="#BatRig_Spine2-visibility-animation-output-array" count="18"><param type="float"/></accessor></technique_common></source><source id="BatRig_Spine2-visibility-animation-intan"><float_array id="BatRig_Spine2-visibility-animation-intan-array" count="18">

0.000000 0.000000 0.000000 0.000000 0.000000 0.000000 0.000000 0.000000 0.000000 0.000000 0.000000 0.000000 0.000000 0.000000 0.000000 0.000000
0.000000 0.000000</float_array><technique_common><accessor source="#BatRig_Spine2-visibility-animation-intan-array" count="18"><param type="float"/></accessor></technique_common></source><source id="BatRig_Spine2-visibility-animation-outtan"><float_array id="BatRig_Spine2-visibility-animation-outtan-array" count="18">

0.000000 0.000000 0.000000 0.000000 0.000000 0.000000 0.000000 0.000000 0.000000 0.000000 0.000000 0.000000 0.000000 0.000000 0.000000 0.000000
0.000000 0.000000</float_array><technique_common><accessor source="#BatRig_Spine2-visibility-animation-outtan-array" count="18"><param type="float"/></accessor></technique_common></source><source id="BatRig_Spine2-visibility-animation-interpolation"><Name_array id="BatRig_Spine2-visibility-animation-interpolation-array" count="18">
 STEP STEP STEP STEP STEP STEP STEP STEP STEP STEP STEP STEP STEP STEP STEP STEP STEP
BEZIER</Name_array><technique_common><accessor source="#BatRig_Spine2-visibility-animation-interpolation-array" count="18"><param type="name"/></accessor></technique_common></source><sampler id="BatRig_Spine2-visibility-animation"><input semantic="INPUT" source="#BatRig_Spine2-visibility-animation-input"/><input semantic="OUTPUT" source="#BatRig_Spine2-visibility-animation-output"/><input semantic="IN_TANGENT" source="#BatRig_Spine2-visibility-animation-intan"/><input semantic="OUT_TANGENT" source="#BatRig_Spine2-visibility-animation-outtan"/><input semantic="INTERPOLATION" source="#BatRig_Spine2-visibility-animation-interpolation"/></sampler><channel source="#BatRig_Spine2-visibility-animation" target="BatRig_Spine2/visibility"/></animation></animation>
    <animation id="BatRig_Spine3-anim" name="BatRig_Spine3"><animation><source id="BatRig_Spine3-Matrix-animation-input"><float_array id="BatRig_Spine3-Matrix-animation-input-array" count="18">

0.000000 0.041667 0.083333 0.125000 0.166667 0.208333 0.250000 0.291667 0.333333 0.375000 0.416667 0.458333 0.500000 0.541667 0.583333 0.625000
0.666667 0.708333</float_array><technique_common><accessor source="#BatRig_Spine3-Matrix-animation-input-array" count="18"><param name="TIME" type="float"/></accessor></technique_common></source><source id="BatRig_Spine3-Matrix-animation-output-transform"><float_array id="BatRig_Spine3-Matrix-animation-output-transform-array" count="288">

0.999762 -0.017768 -0.012694 0.000002 0.017260 0.999089 -0.039030 13.030717 0.013376 0.038802 0.999157 -1.061704 0.000000 0.000000 0.000000 1.000000
0.999762 -0.017768 -0.012694 0.000002 0.017260 0.999089 -0.039030 13.030717 0.013376 0.038802 0.999157 -1.061704 0.000000 0.000000 0.000000 1.000000
0.998014 -0.025775 -0.057473 0.000002 0.024380 0.999394 -0.024851 13.030717 0.058079 0.023400 0.998038 -1.061704 0.000000 0.000000 0.000000 1.000000
0.994583 -0.033979 -0.098231 0.000002 0.033016 0.999390 -0.011416 13.030717 0.098559 0.008111 0.995098 -1.061704 0.000000 0.000000 0.000000 1.000000
0.990847 -0.041068 -0.128592 0.000002 0.041364 0.999144 -0.000368 13.030717 0.128497 -0.004954 0.991698 -1.061704 0.000000 0.000000 0.000000 1.000000
0.989438 -0.039300 -0.139524 0.000002 0.037752 0.999193 -0.013727 13.030717 0.139951 0.008315 0.990124 -1.061704 0.000000 0.000000 0.000000 1.000000
0.989088 -0.037440 -0.142488 0.000002 0.033974 0.999066 -0.026684 13.030717 0.143354 0.021552 0.989437 -1.061704 0.000000 0.000000 0.000000 1.000000
0.988597 -0.031689 -0.147216 0.000002 0.026481 0.998957 -0.037202 13.030717 0.148241 0.032879 0.988405 -1.061704 0.000000 0.000000 0.000000 1.000000
0.988227 -0.024828 -0.150967 0.000002 0.017489 0.998609 -0.049750 13.030717 0.151992 0.046524 0.987286 -1.061704 0.000000 0.000000 0.000000 1.000000
0.988121 -0.019041 -0.152495 0.000002 0.009965 0.998145 -0.060063 13.030717 0.153356 0.057830 0.986477 -1.061704 0.000000 0.000000 0.000000 1.000000
0.990221 -0.017614 -0.138393 0.000002 0.010348 0.998538 -0.053051 13.030717 0.139125 0.051100 0.988956 -1.061704 0.000000 0.000000 0.000000 1.000000
0.994341 -0.015873 -0.105039 0.000002 0.011214 0.998933 -0.044795 13.030717 0.105638 0.043364 0.993459 -1.061704 0.000000 0.000000 0.000000 1.000000
0.997723 -0.014025 -0.065967 0.000002 0.011634 0.999266 -0.036497 13.030717 0.066430 0.035646 0.997154 -1.061704 0.000000 0.000000 0.000000 1.000000
0.999314 -0.012375 -0.034919 0.000002 0.011351 0.999504 -0.029368 13.030717 0.035265 0.028951 0.998959 -1.061704 0.000000 0.000000 0.000000 1.000000
0.999813 -0.012026 -0.015165 0.000002 0.011499 0.999343 -0.034381 13.030717 0.015569 0.034200 0.999294 -1.061704 0.000000 0.000000 0.000000 1.000000
0.999931 -0.011688 0.001387 0.000002 0.011735 0.999109 -0.040531 13.030717 -0.000912 0.040544 0.999177 -1.061704 0.000000 0.000000 0.000000 1.000000
0.999810 -0.011389 0.015794 0.000002 0.012116 0.998835 -0.046706 13.030717 -0.015244 0.046888 0.998784 -1.061704 0.000000 0.000000 0.000000 1.000000
