<?xml version="1.0" encoding="utf-8"?>
<COLLADA xmlns="http://www.collada.org/2005/11/COLLADASchema" version="1.4.1">
  <asset><contributor><author></author><authoring_tool>FBX COLLADA exporter</authoring_tool><comments></comments></contributor><created>2017-08-30T19:27:55Z</created><keywords></keywords><modified>2017-08-30T19:27:55Z</modified><revision></revision><subject></subject><title></title><unit meter="0.010000" name="centimeter"></unit><up_axis>Y_UP</up_axis></asset>
  <library_animations>
    <animation id="BatRig_Reference-anim" name="BatRig_Reference"><animation><source id="BatRig_Reference-Matrix-animation-input"><float_array id="BatRig_Reference-Matrix-animation-input-array" count="26">

0.000000 0.041667 0.083333 0.125000 0.166667 0.208333 0.250000 0.291667 0.333333 0.375000 0.416667 0.458333 0.500000 0.541667 0.583333 0.625000
0.666667 0.708333 0.750000 0.791667 0.833333 0.875000 0.916667 0.958333 1.000000 1.041667</float_array><technique_common><accessor source="#BatRig_Reference-Matrix-animation-input-array" count="26"><param name="TIME" type="float"/></accessor></technique_common></source><source id="BatRig_Reference-Matrix-animation-output-transform"><float_array id="BatRig_Reference-Matrix-animation-output-transform-array" count="416">

1.000000 0.000000 0.000000 3.448642 0.000000 1.000000 0.000000 0.000000 0.000000 0.000000 1.000000 75.215248 0.000000 0.000000 0.000000 1.000000
1.000000 0.000000 0.000000 3.448642 0.000000 1.000000 0.000000 0.000000 0.000000 0.000000 1.000000 75.215248 0.000000 0.000000 0.000000 1.000000
1.000000 0.000000 0.000000 3.798496 0.000000 1.000000 0.000000 0.000000 0.000000 0.000000 1.000000 75.285126 0.000000 0.000000 0.000000 1.000000
1.000000 0.000000 0.000000 4.154956 0.000000 1.000000 0.000000 0.000000 0.000000 0.000000 1.000000 75.496880 0.000000 0.000000 0.000000 1.000000
1.000000 0.000000 0.000000 4.331213 0.000000 1.000000 0.000000 0.000000 0.000000 0.000000 1.000000 75.928345 0.000000 0.000000 0.000000 1.000000
1.000000 0.000000 0.000000 0.756993 0.000000 1.000000 0.000000 0.000000 0.000000 0.000000 1.000000 96.738403 0.000000 0.000000 0.000000 1.000000
1.000000 0.000000 0.000000 1.265115 0.000000 1.000000 0.000000 0.000000 0.000000 0.000000 1.000000 106.552750 0.000000 0.000000 0.000000 1.000000
1.000000 0.000000 0.000000 1.746347 0.000000 1.000000 0.000000 0.000000 0.000000 0.000000 1.000000 110.606216 0.000000 0.000000 0.000000 1.000000
1.000000 0.000000 0.000000 1.746347 0.000000 1.000000 0.000000 0.000000 0.000000 0.000000 1.000000 110.606216 0.000000 0.000000 0.000000 1.000000
1.000000 0.000000 0.000000 2.175125 0.000000 1.000000 0.000000 0.000000 0.000000 0.000000 1.000000 109.736519 0.000000 0.000000 0.000000 1.000000
1.000000 0.000000 0.000000 2.633129 0.000000 1.000000 0.000000 0.000000 0.000000 0.000000 1.000000 108.729721 0.000000 0.000000 0.000000 1.000000
1.000000 0.000000 0.000000 3.063928 0.000000 1.000000 0.000000 0.000000 0.000000 0.000000 1.000000 107.697212 0.000000 0.000000 0.000000 1.000000
1.000000 0.000000 0.000000 3.458827 0.000000 1.000000 0.000000 0.000000 0.000000 0.000000 1.000000 106.655113 0.000000 0.000000 0.000000 1.000000
1.000000 0.000000 0.000000 3.809798 0.000000 1.000000 0.000000 0.000000 0.000000 0.000000 1.000000 105.612144 0.000000 0.000000 0.000000 1.000000
1.000000 0.000000 0.000000 4.104326 0.000000 1.000000 0.000000 0.000000 0.000000 0.000000 1.000000 104.575981 0.000000 0.000000 0.000000 1.000000
1.000000 0.000000 0.000000 4.318929 0.000000 1.000000 0.000000 0.000000 0.000000 0.000000 1.000000 103.555397 0.000000 0.000000 0.000000 1.000000
1.000000 0.000000 0.000000 4.400974 0.000000 1.000000 0.000000 0.000000 0.000000 0.000000 1.000000 102.564445 0.000000 0.000000 0.000000 1.000000
1.000000 0.000000 0.000000 4.304568 0.000000 1.000000 0.000000 0.000000 0.000000 0.000000 1.000000 101.822906 0.000000 0.000000 0.000000 1.000000
1.000000 0.000000 0.000000 5.091920 0.000000 1.000000 0.000000 0.000000 0.000000 0.000000 1.000000 102.384064 0.000000 0.000000 0.000000 1.000000
1.000000 0.000000 0.000000 5.062287 0.000000 1.000000 0.000000 0.000000 0.000000 0.000000 1.000000 102.363136 0.000000 0.000000 0.000000 1.000000
1.000000 0.000000 0.000000 4.840967 0.000000 1.000000 0.000000 0.000000 0.000000 0.000000 1.000000 102.207474 0.000000 0.000000 0.000000 1.000000
1.000000 0.000000 0.000000 3.563261 0.000000 1.000000 0.000000 0.000000 0.000000 0.000000 1.000000 101.315720 0.000000 0.000000 0.000000 1.000000
1.000000 0.000000 0.000000 3.486361 0.000000 1.000000 0.000000 0.000000 0.000000 0.000000 1.000000 101.257324 0.000000 0.000000 0.000000 1.000000
1.000000 0.000000 0.000000 3.483444 0.000000 1.000000 0.000000 0.000000 0.000000 0.000000 1.000000 101.254623 0.000000 0.000000 0.000000 1.000000
1.000000 0.000000 0.000000 3.468946 0.000000 1.000000 0.000000 0.000000 0.000000 0.000000 1.000000 101.242752 0.000000 0.000000 0.000000 1.000000
1.000000 0.000000 0.000000 3.438703 0.000000 1.000000 0.000000 0.000000 0.000000 0.000000 1.000000 101.220154 0.000000 0.000000 0.000000 1.000000</float_array><technique_common><accessor source="#BatRig_Reference-Matrix-animation-output-transform-array" count="26" stride="16"><param type="float4x4"/></accessor></technique_common></source><source id="BatRig_Reference-Interpolations"><Name_array id="BatRig_Reference-Interpolations-array" count="26">
 LINEAR LINEAR LINEAR LINEAR LINEAR LINEAR LINEAR LINEAR LINEAR LINEAR LINEAR
LINEAR LINEAR LINEAR LINEAR LINEAR LINEAR LINEAR LINEAR LINEAR LINEAR LINEAR LINEAR
LINEAR LINEAR LINEAR</Name_array><technique_common><accessor source="#BatRig_Reference-Interpolations-array" count="26"><param type="name"/></accessor></technique_common></source><sampler id="BatRig_Reference-Matrix-animation-transform"><input semantic="INPUT" source="#BatRig_Reference-Matrix-animation-input"/><input semantic="OUTPUT" source="#BatRig_Reference-Matrix-animation-output-transform"/><input semantic="INTERPOLATION" source="#BatRig_Reference-Interpolations"/></sampler><channel source="#BatRig_Reference-Matrix-animation-transform" target="BatRig_Reference/matrix"/></animation><animation><source id="BatRig_Reference-visibility-animation-input"><float_array id="BatRig_Reference-visibility-animation-input-array" count="26">

0.000000 0.041667 0.083333 0.125000 0.166667 0.208333 0.250000 0.291667 0.333333 0.375000 0.416667 0.458333 0.500000 0.541667 0.583333 0.625000
0.666667 0.708333 0.750000 0.791667 0.833333 0.875000 0.916667 0.958333 1.000000 1.041667</float_array><technique_common><accessor source="#BatRig_Reference-visibility-animation-input-array" count="26"><param name="TIME" type="float"/></accessor></technique_common></source><source id="BatRig_Reference-visibility-animation-output"><float_array id="BatRig_Reference-visibility-animation-output-array" count="26">

1.000000 1.000000 1.000000 1.000000 1.000000 1.000000 1.000000 1.000000 1.000000 1.000000 1.000000 1.000000 1.000000 1.000000 1.000000 1.000000
1.000000 1.000000 1.000000 1.000000 1.000000 1.000000 1.000000 1.000000 1.000000 1.000000</float_array><technique_common><accessor source="#BatRig_Reference-visibility-animation-output-array" count="26"><param type="float"/></accessor></technique_common></source><source id="BatRig_Reference-visibility-animation-intan"><float_array id="BatRig_Reference-visibility-animation-intan-array" count="26">

0.000000 0.000000 0.000000 0.000000 0.000000 0.000000 0.000000 0.000000 0.000000 0.000000 0.000000 0.000000 0.000000 0.000000 0.000000 0.000000
0.000000 0.000000 0.000000 0.000000 0.000000 0.000000 0.000000 0.000000 0.000000 0.000000</float_array><technique_common><accessor source="#BatRig_Reference-visibility-animation-intan-array" count="26"><param type="float"/></accessor></technique_common></source><source id="BatRig_Reference-visibility-animation-outtan"><float_array id="BatRig_Reference-visibility-animation-outtan-array" count="26">

0.000000 0.000000 0.000000 0.000000 0.000000 0.000000 0.000000 0.000000 0.000000 0.000000 0.000000 0.000000 0.000000 0.000000 0.000000 0.000000
0.000000 0.000000 0.000000 0.000000 0.000000 0.000000 0.000000 0.000000 0.000000 0.000000</float_array><technique_common><accessor source="#BatRig_Reference-visibility-animation-outtan-array" count="26"><param type="float"/></accessor></technique_common></source><source id="BatRig_Reference-visibility-animation-interpolation"><Name_array id="BatRig_Reference-visibility-animation-interpolation-array" count="26">
 STEP STEP STEP STEP STEP STEP STEP STEP STEP STEP STEP STEP STEP STEP STEP STEP STEP
STEP STEP STEP STEP STEP STEP STEP STEP BEZIER</Name_array><technique_common><accessor source="#BatRig_Reference-visibility-animation-interpolation-array" count="26"><param type="name"/></accessor></technique_common></source><sampler id="BatRig_Reference-visibility-animation"><input semantic="INPUT" source="#BatRig_Reference-visibility-animation-input"/><input semantic="OUTPUT" source="#BatRig_Reference-visibility-animation-output"/><input semantic="IN_TANGENT" source="#BatRig_Reference-visibility-animation-intan"/><input semantic="OUT_TANGENT" source="#BatRig_Reference-visibility-animation-outtan"/><input semantic="INTERPOLATION" source="#BatRig_Reference-visibility-animation-interpolation"/></sampler><channel source="#BatRig_Reference-visibility-animation" target="BatRig_Reference/visibility"/></animation></animation>
    <animation id="BatRig_Hips-anim" name="BatRig_Hips"><animation><source id="BatRig_Hips-Matrix-animation-input"><float_array id="BatRig_Hips-Matrix-animation-input-array" count="26">

0.000000 0.041667 0.083333 0.125000 0.166667 0.208333 0.250000 0.291667 0.333333 0.375000 0.416667 0.458333 0.500000 0.541667 0.583333 0.625000
0.666667 0.708333 0.750000 0.791667 0.833333 0.875000 0.916667 0.958333 1.000000 1.041667</float_array><technique_common><accessor source="#BatRig_Hips-Matrix-animation-input-array" count="26"><param name="TIME" type="float"/></accessor></technique_common></source><source id="BatRig_Hips-Matrix-animation-output-transform"><float_array id="BatRig_Hips-Matrix-animation-output-transform-array" count="416">

0.571812 0.031424 0.819782 0.000000 0.062369 0.994709 -0.081633 79.464188 -0.818010 0.097808 0.566827 0.000000 0.000000 0.000000 0.000000 1.000000
0.571812 0.031424 0.819782 0.000000 0.062369 0.994709 -0.081633 79.464188 -0.818010 0.097808 0.566827 0.000000 0.000000 0.000000 0.000000 1.000000
0.570371 0.019679 0.821151 0.000000 0.064139 0.995593 -0.068410 79.463371 -0.818879 0.091687 0.566595 0.000000 0.000000 0.000000 0.000000 1.000000
0.569549 0.011453 0.821878 0.000000 0.064368 0.996211 -0.058489 79.446335 -0.819433 0.086215 0.566654 0.000000 0.000000 0.000000 0.000000 1.000000
0.570979 0.015294 0.820822 0.000000 0.061137 0.996258 -0.061091 79.401299 -0.818685 0.085064 0.567907 0.000000 0.000000 0.000000 0.000000 1.000000
0.593755 0.138903 0.792566 0.000000 0.014380 0.982998 -0.183050 76.486610 -0.804518 0.120084 0.581662 0.000000 0.000000 0.000000 0.000000 1.000000
0.578395 0.163033 0.799299 0.000000 0.031815 0.974572 -0.221805 74.709755 -0.815136 0.153721 0.558501 0.000000 0.000000 0.000000 0.000000 1.000000
0.560518 0.172518 0.809974 0.000000 0.055815 0.967967 -0.244794 73.846474 -0.826259 0.182420 0.532934 0.000000 0.000000 0.000000 0.000000 1.000000
0.560518 0.172518 0.809974 0.000000 0.055815 0.967967 -0.244794 73.846474 -0.826259 0.182420 0.532934 0.000000 0.000000 0.000000 0.000000 1.000000
0.561409 0.159969 0.811930 0.000000 0.056128 0.971518 -0.230221 74.407143 -0.825633 0.174820 0.536440 0.000000 0.000000 0.000000 0.000000 1.000000
0.562663 0.142157 0.814372 0.000000 0.056596 0.976169 -0.209503 75.056023 -0.824747 0.163970 0.541208 0.000000 0.000000 0.000000 0.000000 1.000000
0.564147 0.120782 0.816792 0.000000 0.057199 0.981149 -0.184592 75.720589 -0.823690 0.150857 0.546604 0.000000 0.000000 0.000000 0.000000 1.000000
0.565737 0.097567 0.818793 0.000000 0.057905 0.985823 -0.157479 76.389481 -0.822550 0.136504 0.552067 0.000000 0.000000 0.000000 0.000000 1.000000
0.567307 0.074260 0.820151 0.000000 0.058668 0.989751 -0.130198 77.056404 -0.821414 0.121979 0.557136 0.000000 0.000000 0.000000 0.000000 1.000000
0.568741 0.052629 0.820831 0.000000 0.059427 0.992714 -0.104825 77.716225 -0.820367 0.108398 0.561469 0.000000 0.000000 0.000000 0.000000 1.000000
0.569930 0.034432 0.820972 0.000000 0.060106 0.994698 -0.083445 78.363327 -0.819492 0.096903 0.564839 0.000000 0.000000 0.000000 0.000000 1.000000
0.570767 0.021431 0.820832 0.000000 0.060620 0.995832 -0.068152 78.988586 -0.818871 0.088658 0.567089 0.000000 0.000000 0.000000 0.000000 1.000000
0.571016 0.015992 0.820783 0.000000 0.061134 0.996206 -0.061941 79.402298 -0.818660 0.085547 0.567872 0.000000 0.000000 0.000000 0.000000 1.000000
0.571015 -0.010682 0.820870 0.000000 0.061584 0.997655 -0.029857 79.515320 -0.818626 0.067601 0.570334 0.000000 0.000000 0.000000 0.000000 1.000000
0.571036 -0.008350 0.820883 0.000000 0.061555 0.997569 -0.032673 79.484932 -0.818614 0.069187 0.570162 0.000000 0.000000 0.000000 0.000000 1.000000
0.571216 0.000916 0.820799 0.000000 0.061446 0.997146 -0.043875 79.450226 -0.818497 0.075497 0.569529 0.000000 0.000000 0.000000 0.000000 1.000000
0.572488 0.029666 0.819376 0.000000 0.061233 0.995008 -0.078807 79.452881 -0.817624 0.095289 0.567813 0.000000 0.000000 0.000000 0.000000 1.000000
0.572334 0.033594 0.819332 0.000000 0.061124 0.994633 -0.083479 79.447762 -0.817739 0.097859 0.567209 0.000000 0.000000 0.000000 0.000000 1.000000
0.572028 0.034034 0.819528 0.000000 0.061045 0.994601 -0.083914 79.446579 -0.817959 0.098029 0.566862 0.000000 0.000000 0.000000 0.000000 1.000000
0.568244 0.031179 0.822269 0.000000 0.061619 0.994864 -0.080306 79.449501 -0.820550 0.096301 0.563404 0.000000 0.000000 0.000000 0.000000 1.000000
0.564503 0.027921 0.824959 0.000000 0.062194 0.995148 -0.076240 79.453934 -0.823085 0.094345 0.560027 0.000000 0.000000 0.000000 0.000000 1.000000</float_array><technique_common><accessor source="#BatRig_Hips-Matrix-animation-output-transform-array" count="26" stride="16"><param type="float4x4"/></accessor></technique_common></source><source id="BatRig_Hips-Interpolations"><Name_array id="BatRig_Hips-Interpolations-array" count="26">
 LINEAR LINEAR LINEAR LINEAR LINEAR LINEAR LINEAR LINEAR LINEAR LINEAR LINEAR
LINEAR LINEAR LINEAR LINEAR LINEAR LINEAR LINEAR LINEAR LINEAR LINEAR LINEAR LINEAR
LINEAR LINEAR LINEAR</Name_array><technique_common><accessor source="#BatRig_Hips-Interpolations-array" count="26"><param type="name"/></accessor></technique_common></source><sampler id="BatRig_Hips-Matrix-animation-transform"><input semantic="INPUT" source="#BatRig_Hips-Matrix-animation-input"/><input semantic="OUTPUT" source="#BatRig_Hips-Matrix-animation-output-transform"/><input semantic="INTERPOLATION" source="#BatRig_Hips-Interpolations"/></sampler><channel source="#BatRig_Hips-Matrix-animation-transform" target="BatRig_Hips/matrix"/></animation><animation><source id="BatRig_Hips-visibility-animation-input"><float_array id="BatRig_Hips-visibility-animation-input-array" count="26">

0.000000 0.041667 0.083333 0.125000 0.166667 0.208333 0.250000 0.291667 0.333333 0.375000 0.416667 0.458333 0.500000 0.541667 0.583333 0.625000
0.666667 0.708333 0.750000 0.791667 0.833333 0.875000 0.916667 0.958333 1.000000 1.041667</float_array><technique_common><accessor source="#BatRig_Hips-visibility-animation-input-array" count="26"><param name="TIME" type="float"/></accessor></technique_common></source><source id="BatRig_Hips-visibility-animation-output"><float_array id="BatRig_Hips-visibility-animation-output-array" count="26">

1.000000 1.000000 1.000000 1.000000 1.000000 1.000000 1.000000 1.000000 1.000000 1.000000 1.000000 1.000000 1.000000 1.000000 1.000000 1.000000
1.000000 1.000000 1.000000 1.000000 1.000000 1.000000 1.000000 1.000000 1.000000 1.000000</float_array><technique_common><accessor source="#BatRig_Hips-visibility-animation-output-array" count="26"><param type="float"/></accessor></technique_common></source><source id="BatRig_Hips-visibility-animation-intan"><float_array id="BatRig_Hips-visibility-animation-intan-array" count="26">

0.000000 0.000000 0.000000 0.000000 0.000000 0.000000 0.000000 0.000000 0.000000 0.000000 0.000000 0.000000 0.000000 0.000000 0.000000 0.000000
0.000000 0.000000 0.000000 0.000000 0.000000 0.000000 0.000000 0.000000 0.000000 0.000000</float_array><technique_common><accessor source="#BatRig_Hips-visibility-animation-intan-array" count="26"><param type="float"/></accessor></technique_common></source><source id="BatRig_Hips-visibility-animation-outtan"><float_array id="BatRig_Hips-visibility-animation-outtan-array" count="26">

0.000000 0.000000 0.000000 0.000000 0.000000 0.000000 0.000000 0.000000 0.000000 0.000000 0.000000 0.000000 0.000000 0.000000 0.000000 0.000000
0.000000 0.000000 0.000000 0.000000 0.000000 0.000000 0.000000 0.000000 0.000000 0.000000</float_array><technique_common><accessor source="#BatRig_Hips-visibility-animation-outtan-array" count="26"><param type="float"/></accessor></technique_common></source><source id="BatRig_Hips-visibility-animation-interpolation"><Name_array id="BatRig_Hips-visibility-animation-interpolation-array" count="26">
 STEP STEP STEP STEP STEP STEP STEP STEP STEP STEP STEP STEP STEP STEP STEP STEP STEP
STEP STEP STEP STEP STEP STEP STEP STEP BEZIER</Name_array><technique_common><accessor source="#BatRig_Hips-visibility-animation-interpolation-array" count="26"><param type="name"/></accessor></technique_common></source><sampler id="BatRig_Hips-visibility-animation"><input semantic="INPUT" source="#BatRig_Hips-visibility-animation-input"/><input semantic="OUTPUT" source="#BatRig_Hips-visibility-animation-output"/><input semantic="IN_TANGENT" source="#BatRig_Hips-visibility-animation-intan"/><input semantic="OUT_TANGENT" source="#BatRig_Hips-visibility-animation-outtan"/><input semantic="INTERPOLATION" source="#BatRig_Hips-visibility-animation-interpolation"/></sampler><channel source="#BatRig_Hips-visibility-animation" target="BatRig_Hips/visibility"/></animation></animation>
    <animation id="BatRig_Spine-anim" name="BatRig_Spine"><animation><source id="BatRig_Spine-Matrix-animation-input"><float_array id="BatRig_Spine-Matrix-animation-input-array" count="26">

0.000000 0.041667 0.083333 0.125000 0.166667 0.208333 0.250000 0.291667 0.333333 0.375000 0.416667 0.458333 0.500000 0.541667 0.583333 0.625000
0.666667 0.708333 0.750000 0.791667 0.833333 0.875000 0.916667 0.958333 1.000000 1.041667</float_array><technique_common><accessor source="#BatRig_Spine-Matrix-animation-input-array" count="26"><param name="TIME" type="float"/></accessor></technique_common></source><source id="BatRig_Spine-Matrix-animation-output-transform"><float_array id="BatRig_Spine-Matrix-animation-output-transform-array" count="416">

0.997961 0.056824 -0.029063 -0.000001 -0.055864 0.997898 0.032856 3.725677 0.030869 -0.031165 0.999037 0.000001 0.000000 0.000000 0.000000 1.000000
0.997961 0.056824 -0.029063 -0.000001 -0.055864 0.997898 0.032856 3.725677 0.030869 -0.031165 0.999037 0.000001 0.000000 0.000000 0.000000 1.000000
0.997974 0.056818 -0.028639 -0.000001 -0.055639 0.997632 0.040424 3.725677 0.030868 -0.038749 0.998772 0.000001 0.000000 0.000000 0.000000 1.000000
0.997987 0.056804 -0.028213 -0.000001 -0.055409 0.997310 0.047991 3.725677 0.030863 -0.046331 0.998449 0.000001 0.000000 0.000000 0.000000 1.000000
0.997994 0.056776 -0.028019 -0.000001 -0.055284 0.997145 0.051428 3.725677 0.030859 -0.049776 0.998284 0.000001 0.000000 0.000000 0.000000 1.000000
0.998883 0.018951 -0.043280 -0.000001 -0.020737 0.998936 -0.041199 3.725677 0.042453 0.042051 0.998213 0.000001 0.000000 0.000000 0.000000 1.000000
0.997308 -0.066331 -0.031266 -0.000001 0.064019 0.995496 -0.069919 3.725677 0.035763 0.067729 0.997063 0.000001 0.000000 0.000000 0.000000 1.000000
0.992390 -0.121624 -0.019234 -0.000001 0.119857 0.989913 -0.075538 3.725677 0.028227 0.072658 0.996957 0.000001 0.000000 0.000000 0.000000 1.000000
0.992390 -0.121624 -0.019234 -0.000001 0.119857 0.989913 -0.075538 3.725677 0.028227 0.072658 0.996957 0.000001 0.000000 0.000000 0.000000 1.000000
0.994460 -0.103377 -0.019045 -0.000001 0.102051 0.992915 -0.060866 3.725677 0.025202 0.058585 0.997964 0.000001 0.000000 0.000000 0.000000 1.000000
0.996400 -0.082328 -0.020205 -0.000001 0.081390 0.995732 -0.043510 3.725677 0.023701 0.041709 0.998849 0.000001 0.000000 0.000000 0.000000 1.000000
0.997915 -0.060820 -0.021577 -0.000001 0.060252 0.997842 -0.026084 3.725677 0.023117 0.024730 0.999427 0.000001 0.000000 0.000000 0.000000 1.000000
0.998967 -0.039177 -0.023008 -0.000001 0.038979 0.999199 -0.009006 3.725677 0.023342 0.008100 0.999695 0.000001 0.000000 0.000000 0.000000 1.000000
0.999547 -0.017565 -0.024423 -0.000001 0.017751 0.999815 0.007426 3.725677 0.024288 -0.007856 0.999674 0.000001 0.000000 0.000000 0.000000 1.000000
0.999661 0.003870 -0.025758 -0.000001 -0.003281 0.999733 0.022852 3.725677 0.025840 -0.022760 0.999407 0.000001 0.000000 0.000000 0.000000 1.000000
0.999326 0.024944 -0.026939 -0.000001 -0.023947 0.999039 0.036709 3.725677 0.027829 -0.036039 0.998963 0.000001 0.000000 0.000000 0.000000 1.000000
0.998585 0.045328 -0.027826 -0.000001 -0.043963 0.997886 0.047860 3.725677 0.029937 -0.046569 0.998466 0.000001 0.000000 0.000000 0.000000 1.000000
0.997993 0.056777 -0.028038 -0.000001 -0.055297 0.997166 0.051021 3.725677 0.030855 -0.049368 0.998304 0.000001 0.000000 0.000000 0.000000 1.000000
0.998025 0.056691 -0.027053 -0.000001 -0.054724 0.996140 0.068630 3.725677 0.030839 -0.067014 0.997275 0.000001 0.000000 0.000000 0.000000 1.000000
0.998024 0.056695 -0.027083 -0.000001 -0.054742 0.996176 0.068092 3.725677 0.030840 -0.066475 0.997311 0.000001 0.000000 0.000000 0.000000 1.000000
0.998017 0.056718 -0.027294 -0.000001 -0.054868 0.996419 0.064329 3.725677 0.030845 -0.062704 0.997555 0.000001 0.000000 0.000000 0.000000 1.000000
0.997965 0.056814 -0.028947 -0.000001 -0.055797 0.997835 0.034820 3.725677 0.030863 -0.033134 0.998974 0.000001 0.000000 0.000000 0.000000 1.000000
0.997963 0.056816 -0.029012 -0.000001 -0.055834 0.997874 0.033610 3.725677 0.030860 -0.031922 0.999014 0.000001 0.000000 0.000000 0.000000 1.000000
0.997963 0.056817 -0.029016 -0.000001 -0.055836 0.997876 0.033556 3.725677 0.030861 -0.031867 0.999016 0.000001 0.000000 0.000000 0.000000 1.000000
0.997962 0.056817 -0.029030 -0.000001 -0.055844 0.997884 0.033303 3.725677 0.030861 -0.031614 0.999024 0.000001 0.000000 0.000000 0.000000 1.000000
0.997961 0.056819 -0.029066 -0.000001 -0.055864 0.997903 0.032678 3.725677 0.030862 -0.030988 0.999043 0.000001 0.000000 0.000000 0.000000 1.000000</float_array><technique_common><accessor source="#BatRig_Spine-Matrix-animation-output-transform-array" count="26" stride="16"><param type="float4x4"/></accessor></technique_common></source><source id="BatRig_Spine-Interpolations"><Name_array id="BatRig_Spine-Interpolations-array" count="26">
 LINEAR LINEAR LINEAR LINEAR LINEAR LINEAR LINEAR LINEAR LINEAR LINEAR LINEAR
LINEAR LINEAR LINEAR LINEAR LINEAR LINEAR LINEAR LINEAR LINEAR LINEAR LINEAR LINEAR
LINEAR LINEAR LINEAR</Name_array><technique_common><accessor source="#BatRig_Spine-Interpolations-array" count="26"><param type="name"/></accessor></technique_common></source><sampler id="BatRig_Spine-Matrix-animation-transform"><input semantic="INPUT" source="#BatRig_Spine-Matrix-animation-input"/><input semantic="OUTPUT" source="#BatRig_Spine-Matrix-animation-output-transform"/><input semantic="INTERPOLATION" source="#BatRig_Spine-Interpolations"/></sampler><channel source="#BatRig_Spine-Matrix-animation-transform" target="BatRig_Spine/matrix"/></animation><animation><source id="BatRig_Spine-visibility-animation-input"><float_array id="BatRig_Spine-visibility-animation-input-array" count="26">

0.000000 0.041667 0.083333 0.125000 0.166667 0.208333 0.250000 0.291667 0.333333 0.375000 0.416667 0.458333 0.500000 0.541667 0.583333 0.625000
0.666667 0.708333 0.750000 0.791667 0.833333 0.875000 0.916667 0.958333 1.000000 1.041667</float_array><technique_common><accessor source="#BatRig_Spine-visibility-animation-input-array" count="26"><param name="TIME" type="float"/></accessor></technique_common></source><source id="BatRig_Spine-visibility-animation-output"><float_array id="BatRig_Spine-visibility-animation-output-array" count="26">

1.000000 1.000000 1.000000 1.000000 1.000000 1.000000 1.000000 1.000000 1.000000 1.000000 1.000000 1.000000 1.000000 1.000000 1.000000 1.000000
1.000000 1.000000 1.000000 1.000000 1.000000 1.000000 1.000000 1.000000 1.000000 1.000000</float_array><technique_common><accessor source="#BatRig_Spine-visibility-animation-output-array" count="26"><param type="float"/></accessor></technique_common></source><source id="BatRig_Spine-visibility-animation-intan"><float_array id="BatRig_Spine-visibility-animation-intan-array" count="26">

0.000000 0.000000 0.000000 0.000000 0.000000 0.000000 0.000000 0.000000 0.000000 0.000000 0.000000 0.000000 0.000000 0.000000 0.000000 0.000000
0.000000 0.000000 0.000000 0.000000 0.000000 0.000000 0.000000 0.000000 0.000000 0.000000</float_array><technique_common><accessor source="#BatRig_Spine-visibility-animation-intan-array" count="26"><param type="float"/></accessor></technique_common></source><source id="BatRig_Spine-visibility-animation-outtan"><float_array id="BatRig_Spine-visibility-animation-outtan-array" count="26">

0.000000 0.000000 0.000000 0.000000 0.000000 0.000000 0.000000 0.000000 0.000000 0.000000 0.000000 0.000000 0.000000 0.000000 0.000000 0.000000
0.000000 0.000000 0.000000 0.000000 0.000000 0.000000 0.000000 0.000000 0.000000 0.000000</float_array><technique_common><accessor source="#BatRig_Spine-visibility-animation-outtan-array" count="26"><param type="float"/></accessor></technique_common></source><source id="BatRig_Spine-visibility-animation-interpolation"><Name_array id="BatRig_Spine-visibility-animation-interpolation-array" count="26">
 STEP STEP STEP STEP STEP STEP STEP STEP STEP STEP STEP STEP STEP STEP STEP STEP STEP
STEP STEP STEP STEP STEP STEP STEP STEP BEZIER</Name_array><technique_common><accessor source="#BatRig_Spine-visibility-animation-interpolation-array" count="26"><param type="name"/></accessor></technique_common></source><sampler id="BatRig_Spine-visibility-animation"><input semantic="INPUT" source="#BatRig_Spine-visibility-animation-input"/><input semantic="OUTPUT" source="#BatRig_Spine-visibility-animation-output"/><input semantic="IN_TANGENT" source="#BatRig_Spine-visibility-animation-intan"/><input semantic="OUT_TANGENT" source="#BatRig_Spine-visibility-animation-outtan"/><input semantic="INTERPOLATION" source="#BatRig_Spine-visibility-animation-interpolation"/></sampler><channel source="#BatRig_Spine-visibility-animation" target="BatRig_Spine/visibility"/></animation></animation>
    <animation id="BatRig_Spine1-anim" name="BatRig_Spine1"><animation><source id="BatRig_Spine1-Matrix-animation-input"><float_array id="BatRig_Spine1-Matrix-animation-input-array" count="26">

0.000000 0.041667 0.083333 0.125000 0.166667 0.208333 0.250000 0.291667 0.333333 0.375000 0.416667 0.458333 0.500000 0.541667 0.583333 0.625000
0.666667 0.708333 0.750000 0.791667 0.833333 0.875000 0.916667 0.958333 1.000000 1.041667</float_array><technique_common><accessor source="#BatRig_Spine1-Matrix-animation-input-array" count="26"><param name="TIME" type="float"/></accessor></technique_common></source><source id="BatRig_Spine1-Matrix-animation-output-transform"><float_array id="BatRig_Spine1-Matrix-animation-output-transform-array" count="416">

0.999993 0.003655 -0.000131 0.000002 -0.003657 0.999618 -0.027401 10.999832 0.000031 0.027401 0.999625 -0.000003 0.000000 0.000000 0.000000 1.000000
0.999993 0.003655 -0.000131 0.000002 -0.003657 0.999618 -0.027401 10.999832 0.000031 0.027401 0.999625 -0.000003 0.000000 0.000000 0.000000 1.000000
0.999993 0.003832 -0.000132 0.000002 -0.003834 0.999444 -0.033128 10.999832 0.000005 0.033128 0.999451 -0.000003 0.000000 0.000000 0.000000 1.000000
0.999992 0.004009 -0.000133 0.000002 -0.004011 0.999237 -0.038853 10.999832 -0.000023 0.038853 0.999245 -0.000003 0.000000 0.000000 0.000000 1.000000
0.999992 0.004090 -0.000135 0.000002 -0.004092 0.999132 -0.041455 10.999832 -0.000035 0.041455 0.999140 -0.000003 0.000000 0.000000 0.000000 1.000000
0.996906 -0.007177 -0.078280 0.000002 0.009531 0.999512 0.029737 10.999832 0.078028 -0.030391 0.996488 -0.000003 0.000000 0.000000 0.000000 1.000000
0.998969 -0.042800 -0.015163 0.000002 0.042941 0.999036 0.009115 10.999832 0.014758 -0.009757 0.999843 -0.000003 0.000000 0.000000 0.000000 1.000000
0.996629 -0.066609 0.047887 0.000002 0.067050 0.997720 -0.007655 10.999832 -0.047268 0.010840 0.998823 -0.000003 0.000000 0.000000 0.000000 1.000000
0.996629 -0.066609 0.047887 0.000002 0.067050 0.997720 -0.007655 10.999832 -0.047268 0.010840 0.998823 -0.000003 0.000000 0.000000 0.000000 1.000000
0.997011 -0.062597 0.045289 0.000002 0.063346 0.997875 -0.015287 10.999832 -0.044236 0.018110 0.998857 -0.000003 0.000000 0.000000 0.000000 1.000000
0.997723 -0.054446 0.039816 0.000002 0.055333 0.998236 -0.021514 10.999832 -0.038574 0.023668 0.998975 -0.000003 0.000000 0.000000 0.000000 1.000000
0.998388 -0.045573 0.033830 0.000002 0.046498 0.998551 -0.027088 10.999832 -0.032547 0.028617 0.999060 -0.000003 0.000000 0.000000 0.000000 1.000000
0.998954 -0.036419 0.027641 0.000002 0.037300 0.998790 -0.032053 10.999832 -0.026440 0.033050 0.999104 -0.000003 0.000000 0.000000 0.000000 1.000000
0.999401 -0.027193 0.021390 0.000002 0.027959 0.998947 -0.036364 10.999832 -0.020379 0.036940 0.999110 -0.000003 0.000000 0.000000 0.000000 1.000000
0.999722 -0.018049 0.015186 0.000002 0.018643 0.999029 -0.039911 10.999832 -0.014451 0.040183 0.999088 -0.000003 0.000000 0.000000 0.000000 1.000000
0.999916 -0.009163 0.009150 0.000002 0.009544 0.999052 -0.042471 10.999832 -0.008752 0.042555 0.999056 -0.000003 0.000000 0.000000 0.000000 1.000000
0.999994 -0.000840 0.003488 0.000002 0.000991 0.999050 -0.043559 10.999832 -0.003448 0.043562 0.999045 -0.000003 0.000000 0.000000 0.000000 1.000000
0.999992 0.004076 -0.000135 0.000002 -0.004078 0.999149 -0.041036 10.999832 -0.000032 0.041036 0.999158 -0.000003 0.000000 0.000000 0.000000 1.000000
0.999990 0.004474 -0.000153 0.000002 -0.004476 0.998536 -0.053898 10.999832 -0.000088 0.053898 0.998546 -0.000003 0.000000 0.000000 0.000000 1.000000
0.999990 0.004458 -0.000152 0.000002 -0.004460 0.998564 -0.053382 10.999832 -0.000086 0.053382 0.998574 -0.000003 0.000000 0.000000 0.000000 1.000000
0.999991 0.004346 -0.000147 0.000002 -0.004348 0.998751 -0.049771 10.999832 -0.000069 0.049771 0.998761 -0.000003 0.000000 0.000000 0.000000 1.000000
0.999993 0.003711 -0.000130 0.000002 -0.003713 0.999566 -0.029209 10.999832 0.000022 0.029209 0.999573 -0.000003 0.000000 0.000000 0.000000 1.000000
0.999993 0.003672 -0.000133 0.000002 -0.003674 0.999603 -0.027926 10.999832 0.000030 0.027926 0.999610 -0.000003 0.000000 0.000000 0.000000 1.000000
0.999993 0.003670 -0.000132 0.000002 -0.003672 0.999605 -0.027868 10.999832 0.000030 0.027868 0.999612 -0.000003 0.000000 0.000000 0.000000 1.000000
0.999993 0.003665 -0.000133 0.000002 -0.003667 0.999609 -0.027709 10.999832 0.000031 0.027709 0.999616 -0.000003 0.000000 0.000000 0.000000 1.000000
0.999993 0.003653 -0.000132 0.000002 -0.003655 0.999620 -0.027316 10.999832 0.000032 0.027316 0.999627 -0.000003 0.000000 0.000000 0.000000 1.000000</float_array><technique_common><accessor source="#BatRig_Spine1-Matrix-animation-output-transform-array" count="26" stride="16"><param type="float4x4"/></accessor></technique_common></source><source id="BatRig_Spine1-Interpolations"><Name_array id="BatRig_Spine1-Interpolations-array" count="26">
 LINEAR LINEAR LINEAR LINEAR LINEAR LINEAR LINEAR LINEAR LINEAR LINEAR LINEAR
LINEAR LINEAR LINEAR LINEAR LINEAR LINEAR LINEAR LINEAR LINEAR LINEAR LINEAR LINEAR
LINEAR LINEAR LINEAR</Name_array><technique_common><accessor source="#BatRig_Spine1-Interpolations-array" count="26"><param type="name"/></accessor></technique_common></source><sampler id="BatRig_Spine1-Matrix-animation-transform"><input semantic="INPUT" source="#BatRig_Spine1-Matrix-animation-input"/><input semantic="OUTPUT" source="#BatRig_Spine1-Matrix-animation-output-transform"/><input semantic="INTERPOLATION" source="#BatRig_Spine1-Interpolations"/></sampler><channel source="#BatRig_Spine1-Matrix-animation-transform" target="BatRig_Spine1/matrix"/></animation><animation><source id="BatRig_Spine1-visibility-animation-input"><float_array id="BatRig_Spine1-visibility-animation-input-array" count="26">

0.000000 0.041667 0.083333 0.125000 0.166667 0.208333 0.250000 0.291667 0.333333 0.375000 0.416667 0.458333 0.500000 0.541667 0.583333 0.625000
0.666667 0.708333 0.750000 0.791667 0.833333 0.875000 0.916667 0.958333 1.000000 1.041667</float_array><technique_common><accessor source="#BatRig_Spine1-visibility-animation-input-array" count="26"><param name="TIME" type="float"/></accessor></technique_common></source><source id="BatRig_Spine1-visibility-animation-output"><float_array id="BatRig_Spine1-visibility-animation-output-array" count="26">

1.000000 1.000000 1.000000 1.000000 1.000000 1.000000 1.000000 1.000000 1.000000 1.000000 1.000000 1.000000 1.000000 1.000000 1.000000 1.000000
1.000000 1.000000 1.000000 1.000000 1.000000 1.000000 1.000000 1.000000 1.000000 1.000000</float_array><technique_common><accessor source="#BatRig_Spine1-visibility-animation-output-array" count="26"><param type="float"/></accessor></technique_common></source><source id="BatRig_Spine1-visibility-animation-intan"><float_array id="BatRig_Spine1-visibility-animation-intan-array" count="26">

0.000000 0.000000 0.000000 0.000000 0.000000 0.000000 0.000000 0.000000 0.000000 0.000000 0.000000 0.000000 0.000000 0.000000 0.000000 0.000000
0.000000 0.000000 0.000000 0.000000 0.000000 0.000000 0.000000 0.000000 0.000000 0.000000</float_array><technique_common><accessor source="#BatRig_Spine1-visibility-animation-intan-array" count="26"><param type="float"/></accessor></technique_common></source><source id="BatRig_Spine1-visibility-animation-outtan"><float_array id="BatRig_Spine1-visibility-animation-outtan-array" count="26">

0.000000 0.000000 0.000000 0.000000 0.000000 0.000000 0.000000 0.000000 0.000000 0.000000 0.000000 0.000000 0.000000 0.000000 0.000000 0.000000
0.000000 0.000000 0.000000 0.000000 0.000000 0.000000 0.000000 0.000000 0.000000 0.000000</float_array><technique_common><accessor source="#BatRig_Spine1-visibility-animation-outtan-array" count="26"><param type="float"/></accessor></technique_common></source><source id="BatRig_Spine1-visibility-animation-interpolation"><Name_array id="BatRig_Spine1-visibility-animation-interpolation-array" count="26">
 STEP STEP STEP STEP STEP STEP STEP STEP STEP STEP STEP STEP STEP STEP STEP STEP STEP
STEP STEP STEP STEP STEP STEP STEP STEP BEZIER</Name_array><technique_common><accessor source="#BatRig_Spine1-visibility-animation-interpolation-array" count="26"><param type="name"/></accessor></technique_common></source><sampler id="BatRig_Spine1-visibility-animation"><input semantic="INPUT" source="#BatRig_Spine1-visibility-animation-input"/><input semantic="OUTPUT" source="#BatRig_Spine1-visibility-animation-output"/><input semantic="IN_TANGENT" source="#BatRig_Spine1-visibility-animation-intan"/><input semantic="OUT_TANGENT" source="#BatRig_Spine1-visibility-animation-outtan"/><input semantic="INTERPOLATION" source="#BatRig_Spine1-visibility-animation-interpolation"/></sampler><channel source="#BatRig_Spine1-visibility-animation" target="BatRig_Spine1/visibility"/></animation></animation>
    <animation id="BatRig_Spine2-anim" name="BatRig_Spine2"><animation><source id="BatRig_Spine2-Matrix-animation-input"><float_array id="BatRig_Spine2-Matrix-animation-input-array" count="26">

0.000000 0.041667 0.083333 0.125000 0.166667 0.208333 0.250000 0.291667 0.333333 0.375000 0.416667 0.458333 0.500000 0.541667 0.583333 0.625000
0.666667 0.708333 0.750000 0.791667 0.833333 0.875000 0.916667 0.958333 1.000000 1.041667</float_array><technique_common><accessor source="#BatRig_Spine2-Matrix-animation-input-array" count="26"><param name="TIME" type="float"/></accessor></technique_common></source><source id="BatRig_Spine2-Matrix-animation-output-transform"><float_array id="BatRig_Spine2-Matrix-animation-output-transform-array" count="416">

0.999993 0.003658 0.000065 -0.000000 -0.003655 0.999618 -0.027399 11.776703 -0.000165 0.027399 0.999625 0.000004 0.000000 0.000000 0.000000 1.000000
0.999993 0.003658 0.000065 -0.000000 -0.003655 0.999618 -0.027399 11.776703 -0.000165 0.027399 0.999625 0.000004 0.000000 0.000000 0.000000 1.000000
0.999993 0.003837 0.000081 0.000000 -0.003832 0.999444 -0.033127 11.776703 -0.000208 0.033126 0.999451 0.000004 0.000000 0.000000 0.000000 1.000000
0.999992 0.004016 0.000095 0.000000 -0.004009 0.999237 -0.038852 11.776703 -0.000251 0.038851 0.999245 0.000004 0.000000 0.000000 0.000000 1.000000
0.999992 0.004097 0.000102 0.000000 -0.004089 0.999132 -0.041455 11.776703 -0.000272 0.041454 0.999140 0.000004 0.000000 0.000000 0.000000 1.000000
0.996904 -0.004861 -0.078480 0.000000 0.007191 0.999541 0.029434 11.776703 0.078301 -0.029907 0.996481 0.000004 0.000000 0.000000 0.000000 1.000000
0.999126 -0.038631 -0.015972 0.000000 0.038786 0.999202 0.009493 11.776703 0.015593 -0.010104 0.999827 0.000004 0.000000 0.000000 0.000000 1.000000
0.996579 -0.068555 0.046162 0.000000 0.068917 0.997603 -0.006288 11.776703 -0.045620 0.009448 0.998914 0.000004 0.000000 0.000000 0.000000 1.000000
0.996579 -0.068555 0.046162 0.000000 0.068917 0.997603 -0.006288 11.776703 -0.045620 0.009448 0.998914 0.000004 0.000000 0.000000 0.000000 1.000000
0.996936 -0.064909 0.043642 -0.000000 0.065574 0.997750 -0.013975 11.776703 -0.042637 0.016794 0.998949 0.000004 0.000000 0.000000 0.000000 1.000000
0.997660 -0.056585 0.038366 0.000000 0.057397 0.998143 -0.020399 11.776703 -0.037140 0.022553 0.999056 0.000004 0.000000 0.000000 0.000000 1.000000
0.998342 -0.047440 0.032600 0.000000 0.048302 0.998489 -0.026186 11.776703 -0.031309 0.027717 0.999125 0.000004 0.000000 0.000000 0.000000 1.000000
0.998924 -0.037974 0.026640 -0.000000 0.038804 0.998755 -0.031363 11.776703 -0.025416 0.032363 0.999153 0.000004 0.000000 0.000000 0.000000 1.000000
0.999383 -0.028418 0.020624 -0.000000 0.029145 0.998931 -0.035875 11.776703 -0.019582 0.036454 0.999143 0.000004 0.000000 0.000000 0.000000 1.000000
0.999713 -0.018944 0.014655 0.000000 0.019511 0.999025 -0.039598 11.776703 -0.013891 0.039873 0.999108 0.000004 0.000000 0.000000 0.000000 1.000000
0.999913 -0.009748 0.008852 0.000000 0.010114 0.999054 -0.042295 11.776703 -0.008431 0.042381 0.999066 0.000004 0.000000 0.000000 0.000000 1.000000
0.999993 -0.001164 0.003416 0.000000 0.001311 0.999055 -0.043444 11.776703 -0.003362 0.043448 0.999050 0.000004 0.000000 0.000000 0.000000 1.000000
0.999992 0.004083 0.000101 0.000000 -0.004075 0.999149 -0.041035 11.776703 -0.000268 0.041034 0.999158 0.000004 0.000000 0.000000 0.000000 1.000000
0.999990 0.004486 0.000118 0.000000 -0.004473 0.998536 -0.053897 11.776703 -0.000360 0.053896 0.998546 0.000004 0.000000 0.000000 0.000000 1.000000
0.999990 0.004470 0.000117 -0.000000 -0.004457 0.998564 -0.053381 11.776703 -0.000355 0.053380 0.998574 0.000004 0.000000 0.000000 0.000000 1.000000
0.999990 0.004358 0.000112 0.000000 -0.004347 0.998751 -0.049770 11.776703 -0.000329 0.049769 0.998761 0.000004 0.000000 0.000000 0.000000 1.000000
0.999993 0.003715 0.000070 0.000000 -0.003711 0.999566 -0.029208 11.776703 -0.000178 0.029208 0.999573 0.000004 0.000000 0.000000 0.000000 1.000000
0.999993 0.003675 0.000067 -0.000000 -0.003672 0.999603 -0.027924 11.776703 -0.000170 0.027924 0.999610 0.000004 0.000000 0.000000 0.000000 1.000000
