<?xml version="1.0" encoding="utf-8"?>
<COLLADA xmlns="http://www.collada.org/2005/11/COLLADASchema" version="1.4.1">
  <asset><contributor><author></author><authoring_tool>FBX COLLADA exporter</authoring_tool><comments></comments></contributor><created>2017-08-30T19:25:56Z</created><keywords></keywords><modified>2017-08-30T19:25:56Z</modified><revision></revision><subject></subject><title></title><unit meter="0.010000" name="centimeter"></unit><up_axis>Y_UP</up_axis></asset>
  <library_animations>
    <animation id="BatRig_Reference-anim" name="BatRig_Reference"><animation><source id="BatRig_Reference-Matrix-animation-input"><float_array id="BatRig_Reference-Matrix-animation-input-array" count="18">

0.000000 0.041667 0.083333 0.125000 0.166667 0.208333 0.250000 0.291667 0.333333 0.375000 0.416667 0.458333 0.500000 0.541667 0.583333 0.625000
0.666667 0.708333</float_array><technique_common><accessor source="#BatRig_Reference-Matrix-animation-input-array" count="18"><param name="TIME" type="float"/></accessor></technique_common></source><source id="BatRig_Reference-Matrix-animation-output-transform"><float_array id="BatRig_Reference-Matrix-animation-output-transform-array" count="288">

1.000000 0.000000 0.000000 6.466084 0.000000 1.000000 0.000000 0.000000 0.000000 0.000000 1.000000 -3.899375 0.000000 0.000000 0.000000 1.000000
1.000000 0.000000 0.000000 6.466084 0.000000 1.000000 0.000000 0.000000 0.000000 0.000000 1.000000 -3.899375 0.000000 0.000000 0.000000 1.000000
1.000000 0.000000 0.000000 15.174423 0.000000 1.000000 0.000000 0.000000 0.000000 0.000000 1.000000 -13.594664 0.000000 0.000000 0.000000 1.000000
1.000000 0.000000 0.000000 24.329575 0.000000 1.000000 0.000000 0.000000 0.000000 0.000000 1.000000 -24.896473 0.000000 0.000000 0.000000 1.000000
1.000000 0.000000 0.000000 32.050652 0.000000 1.000000 0.000000 0.000000 0.000000 0.000000 1.000000 -33.831680 0.000000 0.000000 0.000000 1.000000
1.000000 0.000000 0.000000 37.860336 0.000000 1.000000 0.000000 0.000000 0.000000 0.000000 1.000000 -39.403931 0.000000 0.000000 0.000000 1.000000
1.000000 0.000000 0.000000 42.839680 0.000000 1.000000 0.000000 0.000000 0.000000 0.000000 1.000000 -43.771046 0.000000 0.000000 0.000000 1.000000
1.000000 0.000000 0.000000 47.446369 0.000000 1.000000 0.000000 0.000000 0.000000 0.000000 1.000000 -47.689819 0.000000 0.000000 0.000000 1.000000
1.000000 0.000000 0.000000 52.142315 0.000000 1.000000 0.000000 0.000000 0.000000 0.000000 1.000000 -51.910530 0.000000 0.000000 0.000000 1.000000
1.000000 0.000000 0.000000 57.392891 0.000000 1.000000 0.000000 0.000000 0.000000 0.000000 1.000000 -57.175446 0.000000 0.000000 0.000000 1.000000
1.000000 0.000000 0.000000 63.723007 0.000000 1.000000 0.000000 0.000000 0.000000 0.000000 1.000000 -67.058052 0.000000 0.000000 0.000000 1.000000
1.000000 0.000000 0.000000 72.152290 0.000000 1.000000 0.000000 0.000000 0.000000 0.000000 1.000000 -88.538086 0.000000 0.000000 0.000000 1.000000
1.000000 0.000000 0.000000 79.189873 0.000000 1.000000 0.000000 0.000000 0.000000 0.000000 1.000000 -100.725739 0.000000 0.000000 0.000000 1.000000
1.000000 0.000000 0.000000 85.122284 0.000000 1.000000 0.000000 0.000000 0.000000 0.000000 1.000000 -106.380096 0.000000 0.000000 0.000000 1.000000
1.000000 0.000000 0.000000 90.609581 0.000000 1.000000 0.000000 0.000000 0.000000 0.000000 1.000000 -109.467056 0.000000 0.000000 0.000000 1.000000
1.000000 0.000000 0.000000 95.855698 0.000000 1.000000 0.000000 0.000000 0.000000 0.000000 1.000000 -111.180794 0.000000 0.000000 0.000000 1.000000
1.000000 0.000000 0.000000 100.948448 0.000000 1.000000 0.000000 0.000000 0.000000 0.000000 1.000000 -112.027771 0.000000 0.000000 0.000000 1.000000
1.000000 0.000000 0.000000 100.948448 0.000000 1.000000 0.000000 0.000000 0.000000 0.000000 1.000000 -112.027771 0.000000 0.000000 0.000000 1.000000</float_array><technique_common><accessor source="#BatRig_Reference-Matrix-animation-output-transform-array" count="18" stride="16"><param type="float4x4"/></accessor></technique_common></source><source id="BatRig_Reference-Interpolations"><Name_array id="BatRig_Reference-Interpolations-array" count="18">
 LINEAR LINEAR LINEAR LINEAR LINEAR LINEAR LINEAR LINEAR LINEAR LINEAR LINEAR
LINEAR LINEAR LINEAR LINEAR LINEAR LINEAR LINEAR</Name_array><technique_common><accessor source="#BatRig_Reference-Interpolations-array" count="18"><param type="name"/></accessor></technique_common></source><sampler id="BatRig_Reference-Matrix-animation-transform"><input semantic="INPUT" source="#BatRig_Reference-Matrix-animation-input"/><input semantic="OUTPUT" source="#BatRig_Reference-Matrix-animation-output-transform"/><input semantic="INTERPOLATION" source="#BatRig_Reference-Interpolations"/></sampler><channel source="#BatRig_Reference-Matrix-animation-transform" target="BatRig_Reference/matrix"/></animation><animation><source id="BatRig_Reference-visibility-animation-input"><float_array id="BatRig_Reference-visibility-animation-input-array" count="18">

0.000000 0.041667 0.083333 0.125000 0.166667 0.208333 0.250000 0.291667 0.333333 0.375000 0.416667 0.458333 0.500000 0.541667 0.583333 0.625000
0.666667 0.708333</float_array><technique_common><accessor source="#BatRig_Reference-visibility-animation-input-array" count="18"><param name="TIME" type="float"/></accessor></technique_common></source><source id="BatRig_Reference-visibility-animation-output"><float_array id="BatRig_Reference-visibility-animation-output-array" count="18">

1.000000 1.000000 1.000000 1.000000 1.000000 1.000000 1.000000 1.000000 1.000000 1.000000 1.000000 1.000000 1.000000 1.000000 1.000000 1.000000
1.000000 1.000000</float_array><technique_common><accessor source="#BatRig_Reference-visibility-animation-output-array" count="18"><param type="float"/></accessor></technique_common></source><source id="BatRig_Reference-visibility-animation-intan"><float_array id="BatRig_Reference-visibility-animation-intan-array" count="18">

0.000000 0.000000 0.000000 0.000000 0.000000 0.000000 0.000000 0.000000 0.000000 0.000000 0.000000 0.000000 0.000000 0.000000 0.000000 0.000000
0.000000 0.000000</float_array><technique_common><accessor source="#BatRig_Reference-visibility-animation-intan-array" count="18"><param type="float"/></accessor></technique_common></source><source id="BatRig_Reference-visibility-animation-outtan"><float_array id="BatRig_Reference-visibility-animation-outtan-array" count="18">

0.000000 0.000000 0.000000 0.000000 0.000000 0.000000 0.000000 0.000000 0.000000 0.000000 0.000000 0.000000 0.000000 0.000000 0.000000 0.000000
0.000000 0.000000</float_array><technique_common><accessor source="#BatRig_Reference-visibility-animation-outtan-array" count="18"><param type="float"/></accessor></technique_common></source><source id="BatRig_Reference-visibility-animation-interpolation"><Name_array id="BatRig_Reference-visibility-animation-interpolation-array" count="18">
 STEP STEP STEP STEP STEP STEP STEP STEP STEP STEP STEP STEP STEP STEP STEP STEP STEP
BEZIER</Name_array><technique_common><accessor source="#BatRig_Reference-visibility-animation-interpolation-array" count="18"><param type="name"/></accessor></technique_common></source><sampler id="BatRig_Reference-visibility-animation"><input semantic="INPUT" source="#BatRig_Reference-visibility-animation-input"/><input semantic="OUTPUT" source="#BatRig_Reference-visibility-animation-output"/><input semantic="IN_TANGENT" source="#BatRig_Reference-visibility-animation-intan"/><input semantic="OUT_TANGENT" source="#BatRig_Reference-visibility-animation-outtan"/><input semantic="INTERPOLATION" source="#BatRig_Reference-visibility-animation-interpolation"/></sampler><channel source="#BatRig_Reference-visibility-animation" target="BatRig_Reference/visibility"/></animation></animation>
    <animation id="BatRig_Hips-anim" name="BatRig_Hips"><animation><source id="BatRig_Hips-Matrix-animation-input"><float_array id="BatRig_Hips-Matrix-animation-input-array" count="18">

0.000000 0.041667 0.083333 0.125000 0.166667 0.208333 0.250000 0.291667 0.333333 0.375000 0.416667 0.458333 0.500000 0.541667 0.583333 0.625000
0.666667 0.708333</float_array><technique_common><accessor source="#BatRig_Hips-Matrix-animation-input-array" count="18"><param name="TIME" type="float"/></accessor></technique_common></source><source id="BatRig_Hips-Matrix-animation-output-transform"><float_array id="BatRig_Hips-Matrix-animation-output-transform-array" count="288">

0.623440 -0.036241 0.781031 0.000000 0.051113 0.998678 0.005540 75.512680 -0.780199 0.036467 0.624468 0.000000 0.000000 0.000000 0.000000 1.000000
0.623440 -0.036241 0.781031 0.000000 0.051113 0.998678 0.005540 75.512680 -0.780199 0.036467 0.624468 0.000000 0.000000 0.000000 0.000000 1.000000
0.623440 -0.036241 0.781031 0.000000 0.051113 0.998678 0.005540 75.512672 -0.780199 0.036467 0.624468 0.000000 0.000000 0.000000 0.000000 1.000000
0.623440 -0.036239 0.781031 0.000000 0.051112 0.998678 0.005539 75.512665 -0.780199 0.036467 0.624468 0.000000 0.000000 0.000000 0.000000 1.000000
0.623440 -0.036239 0.781031 0.000000 0.051112 0.998678 0.005539 75.512665 -0.780199 0.036467 0.624468 0.000000 0.000000 0.000000 0.000000 1.000000
0.655585 -0.033610 0.754373 0.000000 0.063743 0.997906 -0.010935 74.299744 -0.752426 0.055255 0.656355 0.000000 0.000000 0.000000 0.000000 1.000000
0.727521 -0.027337 0.685541 0.000000 0.088386 0.994614 -0.054137 71.402878 -0.680369 0.099978 0.726018 0.000000 0.000000 0.000000 0.000000 1.000000
0.803868 -0.019849 0.594476 0.000000 0.106821 0.988011 -0.111458 67.937531 -0.585137 0.153100 0.796351 0.000000 0.000000 0.000000 0.000000 1.000000
0.859113 -0.013574 0.511606 0.000000 0.112383 0.980253 -0.162711 65.028374 -0.499295 0.197283 0.843673 0.000000 0.000000 0.000000 0.000000 1.000000
0.879764 -0.010942 0.475285 0.000000 0.111930 0.976399 -0.184707 63.807045 -0.462047 0.215697 0.860225 0.000000 0.000000 0.000000 0.000000 1.000000
0.864653 -0.012886 0.502204 0.000000 0.112425 0.979280 -0.168436 64.709457 -0.489628 0.202099 0.848187 0.000000 0.000000 0.000000 0.000000 1.000000
0.778904 -0.022418 0.626743 0.000000 0.101905 0.990604 -0.091213 69.127388 -0.618809 0.134914 0.773869 0.000000 0.000000 0.000000 0.000000 1.000000
0.706917 -0.029197 0.706694 0.000000 0.081918 0.995803 -0.040803 72.262314 -0.702537 0.086735 0.706342 0.000000 0.000000 0.000000 0.000000 1.000000
0.668011 -0.032567 0.743439 0.000000 0.068385 0.997501 -0.017750 73.818756 -0.741003 0.062697 0.668569 0.000000 0.000000 0.000000 0.000000 1.000000
0.645227 -0.034466 0.763213 0.000000 0.059767 0.998197 -0.005449 74.695351 -0.761650 0.049131 0.646124 0.000000 0.000000 0.000000 0.000000 1.000000
0.632060 -0.035543 0.774104 0.000000 0.054582 0.998508 0.001280 75.191612 -0.772995 0.041443 0.633057 0.000000 0.000000 0.000000 0.000000 1.000000
0.625389 -0.036083 0.779478 0.000000 0.051902 0.998642 0.004587 75.440338 -0.778585 0.037588 0.626412 0.000000 0.000000 0.000000 0.000000 1.000000
0.625389 -0.036083 0.779478 0.000000 0.051902 0.998642 0.004587 75.440338 -0.778585 0.037588 0.626412 0.000000 0.000000 0.000000 0.000000 1.000000</float_array><technique_common><accessor source="#BatRig_Hips-Matrix-animation-output-transform-array" count="18" stride="16"><param type="float4x4"/></accessor></technique_common></source><source id="BatRig_Hips-Interpolations"><Name_array id="BatRig_Hips-Interpolations-array" count="18">
 LINEAR LINEAR LINEAR LINEAR LINEAR LINEAR LINEAR LINEAR LINEAR LINEAR LINEAR
LINEAR LINEAR LINEAR LINEAR LINEAR LINEAR LINEAR</Name_array><technique_common><accessor source="#BatRig_Hips-Interpolations-array" count="18"><param type="name"/></accessor></technique_common></source><sampler id="BatRig_Hips-Matrix-animation-transform"><input semantic="INPUT" source="#BatRig_Hips-Matrix-animation-input"/><input semantic="OUTPUT" source="#BatRig_Hips-Matrix-animation-output-transform"/><input semantic="INTERPOLATION" source="#BatRig_Hips-Interpolations"/></sampler><channel source="#BatRig_Hips-Matrix-animation-transform" target="BatRig_Hips/matrix"/></animation><animation><source id="BatRig_Hips-visibility-animation-input"><float_array id="BatRig_Hips-visibility-animation-input-array" count="18">

0.000000 0.041667 0.083333 0.125000 0.166667 0.208333 0.250000 0.291667 0.333333 0.375000 0.416667 0.458333 0.500000 0.541667 0.583333 0.625000
0.666667 0.708333</float_array><technique_common><accessor source="#BatRig_Hips-visibility-animation-input-array" count="18"><param name="TIME" type="float"/></accessor></technique_common></source><source id="BatRig_Hips-visibility-animation-output"><float_array id="BatRig_Hips-visibility-animation-output-array" count="18">

1.000000 1.000000 1.000000 1.000000 1.000000 1.000000 1.000000 1.000000 1.000000 1.000000 1.000000 1.000000 1.000000 1.000000 1.000000 1.000000
1.000000 1.000000</float_array><technique_common><accessor source="#BatRig_Hips-visibility-animation-output-array" count="18"><param type="float"/></accessor></technique_common></source><source id="BatRig_Hips-visibility-animation-intan"><float_array id="BatRig_Hips-visibility-animation-intan-array" count="18">

0.000000 0.000000 0.000000 0.000000 0.000000 0.000000 0.000000 0.000000 0.000000 0.000000 0.000000 0.000000 0.000000 0.000000 0.000000 0.000000
0.000000 0.000000</float_array><technique_common><accessor source="#BatRig_Hips-visibility-animation-intan-array" count="18"><param type="float"/></accessor></technique_common></source><source id="BatRig_Hips-visibility-animation-outtan"><float_array id="BatRig_Hips-visibility-animation-outtan-array" count="18">

0.000000 0.000000 0.000000 0.000000 0.000000 0.000000 0.000000 0.000000 0.000000 0.000000 0.000000 0.000000 0.000000 0.000000 0.000000 0.000000
0.000000 0.000000</float_array><technique_common><accessor source="#BatRig_Hips-visibility-animation-outtan-array" count="18"><param type="float"/></accessor></technique_common></source><source id="BatRig_Hips-visibility-animation-interpolation"><Name_array id="BatRig_Hips-visibility-animation-interpolation-array" count="18">
 STEP STEP STEP STEP STEP STEP STEP STEP STEP STEP STEP STEP STEP STEP STEP STEP STEP
BEZIER</Name_array><technique_common><accessor source="#BatRig_Hips-visibility-animation-interpolation-array" count="18"><param type="name"/></accessor></technique_common></source><sampler id="BatRig_Hips-visibility-animation"><input semantic="INPUT" source="#BatRig_Hips-visibility-animation-input"/><input semantic="OUTPUT" source="#BatRig_Hips-visibility-animation-output"/><input semantic="IN_TANGENT" source="#BatRig_Hips-visibility-animation-intan"/><input semantic="OUT_TANGENT" source="#BatRig_Hips-visibility-animation-outtan"/><input semantic="INTERPOLATION" source="#BatRig_Hips-visibility-animation-interpolation"/></sampler><channel source="#BatRig_Hips-visibility-animation" target="BatRig_Hips/visibility"/></animation></animation>
    <animation id="BatRig_Spine-anim" name="BatRig_Spine"><animation><source id="BatRig_Spine-Matrix-animation-input"><float_array id="BatRig_Spine-Matrix-animation-input-array" count="18">

0.000000 0.041667 0.083333 0.125000 0.166667 0.208333 0.250000 0.291667 0.333333 0.375000 0.416667 0.458333 0.500000 0.541667 0.583333 0.625000
0.666667 0.708333</float_array><technique_common><accessor source="#BatRig_Spine-Matrix-animation-input-array" count="18"><param name="TIME" type="float"/></accessor></technique_common></source><source id="BatRig_Spine-Matrix-animation-output-transform"><float_array id="BatRig_Spine-Matrix-animation-output-transform-array" count="288">

0.986300 0.150445 -0.067659 -0.000004 -0.145231 0.986449 0.076334 3.725675 0.078226 -0.065462 0.994784 0.000005 0.000000 0.000000 0.000000 1.000000
0.986300 0.150445 -0.067659 -0.000004 -0.145231 0.986449 0.076334 3.725675 0.078226 -0.065462 0.994784 0.000005 0.000000 0.000000 0.000000 1.000000
0.986300 0.150445 -0.067660 -0.000004 -0.145231 0.986449 0.076334 3.725675 0.078227 -0.065462 0.994784 0.000005 0.000000 0.000000 0.000000 1.000000
0.986300 0.150445 -0.067659 -0.000004 -0.145231 0.986449 0.076334 3.725675 0.078226 -0.065462 0.994784 0.000005 0.000000 0.000000 0.000000 1.000000
0.986300 0.150445 -0.067659 -0.000004 -0.145231 0.986449 0.076335 3.725675 0.078226 -0.065463 0.994784 0.000005 0.000000 0.000000 0.000000 1.000000
0.986623 0.150936 -0.061586 -0.000004 -0.145938 0.986143 0.078894 3.725675 0.072641 -0.068851 0.994979 0.000005 0.000000 0.000000 0.000000 1.000000
0.987241 0.152106 -0.047101 -0.000004 -0.147763 0.985366 0.084970 3.725675 0.059336 -0.076926 0.995270 0.000005 0.000000 0.000000 0.000000 1.000000
0.987699 0.153501 -0.029805 -0.000004 -0.150200 0.984350 0.092164 3.725675 0.043486 -0.086553 0.995298 0.000005 0.000000 0.000000 0.000000 1.000000
0.987847 0.154671 -0.015312 -0.000004 -0.152457 0.983426 0.098136 3.725675 0.030237 -0.094609 0.995055 0.000005 0.000000 0.000000 0.000000 1.000000
0.987846 0.155161 -0.009236 -0.000004 -0.153462 0.983018 0.100624 3.725675 0.024692 -0.097984 0.994882 0.000005 0.000000 0.000000 0.000000 1.000000
0.987851 0.154799 -0.013725 -0.000004 -0.152717 0.983320 0.098786 3.725675 0.028788 -0.095490 0.995014 0.000005 0.000000 0.000000 0.000000 1.000000
0.987576 0.153022 -0.035740 -0.000004 -0.149332 0.984710 0.089703 3.725675 0.048920 -0.083251 0.995327 0.000005 0.000000 0.000000 0.000000 1.000000
0.987080 0.151759 -0.051396 -0.000004 -0.147201 0.985603 0.083173 3.725675 0.063278 -0.074533 0.995209 0.000005 0.000000 0.000000 0.000000 1.000000
0.986741 0.151130 -0.059179 -0.000004 -0.146227 0.986019 0.079906 3.725675 0.070428 -0.070193 0.995044 0.000005 0.000000 0.000000 0.000000 1.000000
0.986522 0.150775 -0.063567 -0.000004 -0.145703 0.986244 0.078060 3.725675 0.074462 -0.067746 0.994920 0.000005 0.000000 0.000000 0.000000 1.000000
0.986390 0.150574 -0.066052 -0.000004 -0.145414 0.986369 0.077013 3.725675 0.076748 -0.066360 0.994840 0.000005 0.000000 0.000000 0.000000 1.000000
0.986321 0.150474 -0.067297 -0.000004 -0.145272 0.986431 0.076488 3.725675 0.077893 -0.065665 0.994797 0.000005 0.000000 0.000000 0.000000 1.000000
0.986321 0.150474 -0.067297 -0.000004 -0.145272 0.986431 0.076488 3.725675 0.077893 -0.065665 0.994797 0.000005 0.000000 0.000000 0.000000 1.000000</float_array><technique_common><accessor source="#BatRig_Spine-Matrix-animation-output-transform-array" count="18" stride="16"><param type="float4x4"/></accessor></technique_common></source><source id="BatRig_Spine-Interpolations"><Name_array id="BatRig_Spine-Interpolations-array" count="18">
 LINEAR LINEAR LINEAR LINEAR LINEAR LINEAR LINEAR LINEAR LINEAR LINEAR LINEAR
LINEAR LINEAR LINEAR LINEAR LINEAR LINEAR LINEAR</Name_array><technique_common><accessor source="#BatRig_Spine-Interpolations-array" count="18"><param type="name"/></accessor></technique_common></source><sampler id="BatRig_Spine-Matrix-animation-transform"><input semantic="INPUT" source="#BatRig_Spine-Matrix-animation-input"/><input semantic="OUTPUT" source="#BatRig_Spine-Matrix-animation-output-transform"/><input semantic="INTERPOLATION" source="#BatRig_Spine-Interpolations"/></sampler><channel source="#BatRig_Spine-Matrix-animation-transform" target="BatRig_Spine/matrix"/></animation><animation><source id="BatRig_Spine-visibility-animation-input"><float_array id="BatRig_Spine-visibility-animation-input-array" count="18">

0.000000 0.041667 0.083333 0.125000 0.166667 0.208333 0.250000 0.291667 0.333333 0.375000 0.416667 0.458333 0.500000 0.541667 0.583333 0.625000
0.666667 0.708333</float_array><technique_common><accessor source="#BatRig_Spine-visibility-animation-input-array" count="18"><param name="TIME" type="float"/></accessor></technique_common></source><source id="BatRig_Spine-visibility-animation-output"><float_array id="BatRig_Spine-visibility-animation-output-array" count="18">

1.000000 1.000000 1.000000 1.000000 1.000000 1.000000 1.000000 1.000000 1.000000 1.000000 1.000000 1.000000 1.000000 1.000000 1.000000 1.000000
1.000000 1.000000</float_array><technique_common><accessor source="#BatRig_Spine-visibility-animation-output-array" count="18"><param type="float"/></accessor></technique_common></source><source id="BatRig_Spine-visibility-animation-intan"><float_array id="BatRig_Spine-visibility-animation-intan-array" count="18">

0.000000 0.000000 0.000000 0.000000 0.000000 0.000000 0.000000 0.000000 0.000000 0.000000 0.000000 0.000000 0.000000 0.000000 0.000000 0.000000
0.000000 0.000000</float_array><technique_common><accessor source="#BatRig_Spine-visibility-animation-intan-array" count="18"><param type="float"/></accessor></technique_common></source><source id="BatRig_Spine-visibility-animation-outtan"><float_array id="BatRig_Spine-visibility-animation-outtan-array" count="18">

0.000000 0.000000 0.000000 0.000000 0.000000 0.000000 0.000000 0.000000 0.000000 0.000000 0.000000 0.000000 0.000000 0.000000 0.000000 0.000000
0.000000 0.000000</float_array><technique_common><accessor source="#BatRig_Spine-visibility-animation-outtan-array" count="18"><param type="float"/></accessor></technique_common></source><source id="BatRig_Spine-visibility-animation-interpolation"><Name_array id="BatRig_Spine-visibility-animation-interpolation-array" count="18">
 STEP STEP STEP STEP STEP STEP STEP STEP STEP STEP STEP STEP STEP STEP STEP STEP STEP
BEZIER</Name_array><technique_common><accessor source="#BatRig_Spine-visibility-animation-interpolation-array" count="18"><param type="name"/></accessor></technique_common></source><sampler id="BatRig_Spine-visibility-animation"><input semantic="INPUT" source="#BatRig_Spine-visibility-animation-input"/><input semantic="OUTPUT" source="#BatRig_Spine-visibility-animation-output"/><input semantic="IN_TANGENT" source="#BatRig_Spine-visibility-animation-intan"/><input semantic="OUT_TANGENT" source="#BatRig_Spine-visibility-animation-outtan"/><input semantic="INTERPOLATION" source="#BatRig_Spine-visibility-animation-interpolation"/></sampler><channel source="#BatRig_Spine-visibility-animation" target="BatRig_Spine/visibility"/></animation></animation>
    <animation id="BatRig_Spine1-anim" name="BatRig_Spine1"><animation><source id="BatRig_Spine1-Matrix-animation-input"><float_array id="BatRig_Spine1-Matrix-animation-input-array" count="18">

0.000000 0.041667 0.083333 0.125000 0.166667 0.208333 0.250000 0.291667 0.333333 0.375000 0.416667 0.458333 0.500000 0.541667 0.583333 0.625000
0.666667 0.708333</float_array><technique_common><accessor source="#BatRig_Spine1-Matrix-animation-input-array" count="18"><param name="TIME" type="float"/></accessor></technique_common></source><source id="BatRig_Spine1-Matrix-animation-output-transform"><float_array id="BatRig_Spine1-Matrix-animation-output-transform-array" count="288">

0.999370 -0.010299 -0.033969 0.000003 0.008315 0.998280 -0.058030 10.999828 0.034508 0.057711 0.997737 -0.000004 0.000000 0.000000 0.000000 1.000000
0.999370 -0.010299 -0.033969 0.000003 0.008315 0.998280 -0.058030 10.999828 0.034508 0.057711 0.997737 -0.000004 0.000000 0.000000 0.000000 1.000000
0.999370 -0.010299 -0.033969 0.000003 0.008315 0.998280 -0.058030 10.999828 0.034508 0.057711 0.997737 -0.000004 0.000000 0.000000 0.000000 1.000000
0.999370 -0.010299 -0.033969 0.000003 0.008315 0.998280 -0.058030 10.999828 0.034508 0.057711 0.997737 -0.000004 0.000000 0.000000 0.000000 1.000000
0.999370 -0.010299 -0.033969 0.000003 0.008315 0.998280 -0.058030 10.999828 0.034508 0.057711 0.997737 -0.000004 0.000000 0.000000 0.000000 1.000000
0.999703 -0.008832 -0.022706 0.000003 0.007658 0.998656 -0.051264 10.999828 0.023128 0.051075 0.998427 -0.000004 0.000000 0.000000 0.000000 1.000000
0.999977 -0.005334 0.004162 0.000003 0.005477 0.999365 -0.035218 10.999828 -0.003972 0.035240 0.999371 -0.000004 0.000000 0.000000 0.000000 1.000000
0.999343 -0.001158 0.036227 0.000003 0.001749 0.999866 -0.016275 10.999828 -0.036203 0.016328 0.999211 -0.000004 0.000000 0.000000 0.000000 1.000000
0.998007 0.002340 0.063065 0.000003 -0.002305 0.999997 -0.000624 10.999828 -0.063066 0.000477 0.998009 -0.000004 0.000000 0.000000 0.000000 1.000000
0.997228 0.003806 0.074305 0.000003 -0.004254 0.999974 0.005870 10.999828 -0.074281 -0.006170 0.997218 -0.000004 0.000000 0.000000 0.000000 1.000000
0.997816 0.002723 0.066001 0.000003 -0.002800 0.999996 0.001077 10.999828 -0.065998 -0.001259 0.997819 -0.000004 0.000000 0.000000 0.000000 1.000000
0.999678 -0.002591 0.025228 0.000003 0.003165 0.999736 -0.022745 10.999828 -0.025162 0.022818 0.999423 -0.000004 0.000000 0.000000 0.000000 1.000000
0.999972 -0.006371 -0.003804 0.000003 0.006214 0.999182 -0.039961 10.999828 0.004055 0.039936 0.999194 -0.000004 0.000000 0.000000 0.000000 1.000000
0.999800 -0.008250 -0.018241 0.000003 0.007355 0.998792 -0.048588 10.999828 0.018620 0.048444 0.998652 -0.000004 0.000000 0.000000 0.000000 1.000000
0.999609 -0.009310 -0.026379 0.000003 0.007889 0.998538 -0.053468 10.999828 0.026838 0.053239 0.998221 -0.000004 0.000000 0.000000 0.000000 1.000000
0.999471 -0.009910 -0.030988 0.000003 0.008156 0.998384 -0.056236 10.999828 0.031495 0.055954 0.997936 -0.000004 0.000000 0.000000 0.000000 1.000000
0.999393 -0.010211 -0.033297 0.000003 0.008280 0.998304 -0.057626 10.999828 0.033829 0.057315 0.997783 -0.000004 0.000000 0.000000 0.000000 1.000000
0.999393 -0.010211 -0.033297 0.000003 0.008280 0.998304 -0.057626 10.999828 0.033829 0.057315 0.997783 -0.000004 0.000000 0.000000 0.000000 1.000000</float_array><technique_common><accessor source="#BatRig_Spine1-Matrix-animation-output-transform-array" count="18" stride="16"><param type="float4x4"/></accessor></technique_common></source><source id="BatRig_Spine1-Interpolations"><Name_array id="BatRig_Spine1-Interpolations-array" count="18">
 LINEAR LINEAR LINEAR LINEAR LINEAR LINEAR LINEAR LINEAR LINEAR LINEAR LINEAR
LINEAR LINEAR LINEAR LINEAR LINEAR LINEAR LINEAR</Name_array><technique_common><accessor source="#BatRig_Spine1-Interpolations-array" count="18"><param type="name"/></accessor></technique_common></source><sampler id="BatRig_Spine1-Matrix-animation-transform"><input semantic="INPUT" source="#BatRig_Spine1-Matrix-animation-input"/><input semantic="OUTPUT" source="#BatRig_Spine1-Matrix-animation-output-transform"/><input semantic="INTERPOLATION" source="#BatRig_Spine1-Interpolations"/></sampler><channel source="#BatRig_Spine1-Matrix-animation-transform" target="BatRig_Spine1/matrix"/></animation><animation><source id="BatRig_Spine1-visibility-animation-input"><float_array id="BatRig_Spine1-visibility-animation-input-array" count="18">

0.000000 0.041667 0.083333 0.125000 0.166667 0.208333 0.250000 0.291667 0.333333 0.375000 0.416667 0.458333 0.500000 0.541667 0.583333 0.625000
0.666667 0.708333</float_array><technique_common><accessor source="#BatRig_Spine1-visibility-animation-input-array" count="18"><param name="TIME" type="float"/></accessor></technique_common></source><source id="BatRig_Spine1-visibility-animation-output"><float_array id="BatRig_Spine1-visibility-animation-output-array" count="18">

1.000000 1.000000 1.000000 1.000000 1.000000 1.000000 1.000000 1.000000 1.000000 1.000000 1.000000 1.000000 1.000000 1.000000 1.000000 1.000000
1.000000 1.000000</float_array><technique_common><accessor source="#BatRig_Spine1-visibility-animation-output-array" count="18"><param type="float"/></accessor></technique_common></source><source id="BatRig_Spine1-visibility-animation-intan"><float_array id="BatRig_Spine1-visibility-animation-intan-array" count="18">

0.000000 0.000000 0.000000 0.000000 0.000000 0.000000 0.000000 0.000000 0.000000 0.000000 0.000000 0.000000 0.000000 0.000000 0.000000 0.000000
0.000000 0.000000</float_array><technique_common><accessor source="#BatRig_Spine1-visibility-animation-intan-array" count="18"><param type="float"/></accessor></technique_common></source><source id="BatRig_Spine1-visibility-animation-outtan"><float_array id="BatRig_Spine1-visibility-animation-outtan-array" count="18">

0.000000 0.000000 0.000000 0.000000 0.000000 0.000000 0.000000 0.000000 0.000000 0.000000 0.000000 0.000000 0.000000 0.000000 0.000000 0.000000
0.000000 0.000000</float_array><technique_common><accessor source="#BatRig_Spine1-visibility-animation-outtan-array" count="18"><param type="float"/></accessor></technique_common></source><source id="BatRig_Spine1-visibility-animation-interpolation"><Name_array id="BatRig_Spine1-visibility-animation-interpolation-array" count="18">
 STEP STEP STEP STEP STEP STEP STEP STEP STEP STEP STEP STEP STEP STEP STEP STEP STEP
BEZIER</Name_array><technique_common><accessor source="#BatRig_Spine1-visibility-animation-interpolation-array" count="18"><param type="name"/></accessor></technique_common></source><sampler id="BatRig_Spine1-visibility-animation"><input semantic="INPUT" source="#BatRig_Spine1-visibility-animation-input"/><input semantic="OUTPUT" source="#BatRig_Spine1-visibility-animation-output"/><input semantic="IN_TANGENT" source="#BatRig_Spine1-visibility-animation-intan"/><input semantic="OUT_TANGENT" source="#BatRig_Spine1-visibility-animation-outtan"/><input semantic="INTERPOLATION" source="#BatRig_Spine1-visibility-animation-interpolation"/></sampler><channel source="#BatRig_Spine1-visibility-animation" target="BatRig_Spine1/visibility"/></animation></animation>
    <animation id="BatRig_Spine2-anim" name="BatRig_Spine2"><animation><source id="BatRig_Spine2-Matrix-animation-input"><float_array id="BatRig_Spine2-Matrix-animation-input-array" count="18">

0.000000 0.041667 0.083333 0.125000 0.166667 0.208333 0.250000 0.291667 0.333333 0.375000 0.416667 0.458333 0.500000 0.541667 0.583333 0.625000
0.666667 0.708333</float_array><technique_common><accessor source="#BatRig_Spine2-Matrix-animation-input-array" count="18"><param name="TIME" type="float"/></accessor></technique_common></source><source id="BatRig_Spine2-Matrix-animation-output-transform"><float_array id="BatRig_Spine2-Matrix-animation-output-transform-array" count="288">

0.999353 -0.013689 -0.033264 0.000001 0.011739 0.998240 -0.058129 11.776699 0.034001 0.057701 0.997755 0.000003 0.000000 0.000000 0.000000 1.000000
0.999353 -0.013689 -0.033264 0.000001 0.011739 0.998240 -0.058129 11.776699 0.034001 0.057701 0.997755 0.000003 0.000000 0.000000 0.000000 1.000000
0.999353 -0.013689 -0.033263 0.000001 0.011739 0.998240 -0.058129 11.776699 0.034000 0.057701 0.997755 0.000003 0.000000 0.000000 0.000000 1.000000
0.999353 -0.013689 -0.033263 0.000001 0.011739 0.998240 -0.058129 11.776699 0.034000 0.057701 0.997755 0.000003 0.000000 0.000000 0.000000 1.000000
0.999353 -0.013689 -0.033263 0.000001 0.011739 0.998240 -0.058129 11.776699 0.034000 0.057701 0.997755 0.000003 0.000000 0.000000 0.000000 1.000000
0.999695 -0.011197 -0.022000 0.000001 0.010048 0.998615 -0.051640 11.776699 0.022548 0.051403 0.998423 0.000003 0.000000 0.000000 0.000000 1.000000
0.999974 -0.005252 0.004869 0.000001 0.005425 0.999326 -0.036310 11.776699 -0.004675 0.036335 0.999329 0.000003 0.000000 0.000000 0.000000 1.000000
0.999316 0.001843 0.036934 0.000001 -0.001167 0.999832 -0.018316 11.776699 -0.036962 0.018260 0.999150 0.000003 0.000000 0.000000 0.000000 1.000000
0.997934 0.007784 0.063771 0.000001 -0.007574 0.999965 -0.003538 11.776699 -0.063796 0.003048 0.997958 0.000003 0.000000 0.000000 0.000000 1.000000
0.997130 0.010275 0.075011 0.000001 -0.010497 0.999942 0.002568 11.776699 -0.074980 -0.003348 0.997179 0.000003 0.000000 0.000000 0.000000 1.000000
0.997737 0.008435 0.066707 0.000001 -0.008324 0.999963 -0.001939 11.776699 -0.066721 0.001379 0.997771 0.000003 0.000000 0.000000 0.000000 1.000000
0.999663 -0.000592 0.025935 0.000001 0.001226 0.999700 -0.024448 11.776699 -0.025913 0.024472 0.999365 0.000003 0.000000 0.000000 0.000000 1.000000
0.999971 -0.007014 -0.003097 0.000001 0.006882 0.999142 -0.040832 11.776699 0.003381 0.040809 0.999161 0.000003 0.000000 0.000000 0.000000 1.000000
0.999794 -0.010208 -0.017536 0.000001 0.009337 0.998751 -0.049078 11.776699 0.018015 0.048904 0.998641 0.000003 0.000000 0.000000 0.000000 1.000000
0.999598 -0.012009 -0.025673 0.000001 0.010615 0.998498 -0.053752 11.776699 0.026280 0.053458 0.998224 0.000003 0.000000 0.000000 0.000000 1.000000
0.999457 -0.013029 -0.030281 0.000001 0.011305 0.998344 -0.056408 11.776699 0.030966 0.056035 0.997948 0.000003 0.000000 0.000000 0.000000 1.000000
0.999377 -0.013540 -0.032592 0.000001 0.011642 0.998264 -0.057741 11.776699 0.033317 0.057326 0.997799 0.000003 0.000000 0.000000 0.000000 1.000000
0.999377 -0.013540 -0.032592 0.000001 0.011642 0.998264 -0.057741 11.776699 0.033317 0.057326 0.997799 0.000003 0.000000 0.000000 0.000000 1.000000</float_array><technique_common><accessor source="#BatRig_Spine2-Matrix-animation-output-transform-array" count="18" stride="16"><param type="float4x4"/></accessor></technique_common></source><source id="BatRig_Spine2-Interpolations"><Name_array id="BatRig_Spine2-Interpolations-array" count="18">
 LINEAR LINEAR LINEAR LINEAR LINEAR LINEAR LINEAR LINEAR LINEAR LINEAR LINEAR
LINEAR LINEAR LINEAR LINEAR LINEAR LINEAR LINEAR</Name_array><technique_common><accessor source="#BatRig_Spine2-Interpolations-array" count="18"><param type="name"/></accessor></technique_common></source><sampler id="BatRig_Spine2-Matrix-animation-transform"><input semantic="INPUT" source="#BatRig_Spine2-Matrix-animation-input"/><input semantic="OUTPUT" source="#BatRig_Spine2-Matrix-animation-output-transform"/><input semantic="INTERPOLATION" source="#BatRig_Spine2-Interpolations"/></sampler><channel source="#BatRig_Spine2-Matrix-animation-transform" target="BatRig_Spine2/matrix"/></animation><animation><source id="BatRig_Spine2-visibility-animation-input"><float_array id="BatRig_Spine2-visibility-animation-input-array" count="18">

0.000000 0.041667 0.083333 0.125000 0.166667 0.208333 0.250000 0.291667 0.333333 0.375000 0.416667 0.458333 0.500000 0.541667 0.583333 0.625000
0.666667 0.708333</float_array><technique_common><accessor source="#BatRig_Spine2-visibility-animation-input-array" count="18"><param name="TIME" type="float"/></accessor></technique_common></source><source id="BatRig_Spine2-visibility-animation-output"><float_array id="BatRig_Spine2-visibility-animation-output-array" count="18">

1.000000 1.000000 1.000000 1.000000 1.000000 1.000000 1.000000 1.000000 1.000000 1.000000 1.000000 1.000000 1.000000 1.000000 1.000000 1.000000
1.000000 1.000000</float_array><technique_common><accessor source="#BatRig_Spine2-visibility-animation-output-array" count="18"><param type="float"/></accessor></technique_common></source><source id="BatRig_Spine2-visibility-animation-intan"><float_array id="BatRig_Spine2-visibility-animation-intan-array" count="18">

0.000000 0.000000 0.000000 0.000000 0.000000 0.000000 0.000000 0.000000 0.000000 0.000000 0.000000 0.000000 0.000000 0.000000 0.000000 0.000000
0.000000 0.000000</float_array><technique_common><accessor source="#BatRig_Spine2-visibility-animation-intan-array" count="18"><param type="float"/></accessor></technique_common></source><source id="BatRig_Spine2-visibility-animation-outtan"><float_array id="BatRig_Spine2-visibility-animation-outtan-array" count="18">

0.000000 0.000000 0.000000 0.000000 0.000000 0.000000 0.000000 0.000000 0.000000 0.000000 0.000000 0.000000 0.000000 0.000000 0.000000 0.000000
0.000000 0.000000</float_array><technique_common><accessor source="#BatRig_Spine2-visibility-animation-outtan-array" count="18"><param type="float"/></accessor></technique_common></source><source id="BatRig_Spine2-visibility-animation-interpolation"><Name_array id="BatRig_Spine2-visibility-animation-interpolation-array" count="18">
 STEP STEP STEP STEP STEP STEP STEP STEP STEP STEP STEP STEP STEP STEP STEP STEP STEP
BEZIER</Name_array><technique_common><accessor source="#BatRig_Spine2-visibility-animation-interpolation-array" count="18"><param type="name"/></accessor></technique_common></source><sampler id="BatRig_Spine2-visibility-animation"><input semantic="INPUT" source="#BatRig_Spine2-visibility-animation-input"/><input semantic="OUTPUT" source="#BatRig_Spine2-visibility-animation-output"/><input semantic="IN_TANGENT" source="#BatRig_Spine2-visibility-animation-intan"/><input semantic="OUT_TANGENT" source="#BatRig_Spine2-visibility-animation-outtan"/><input semantic="INTERPOLATION" source="#BatRig_Spine2-visibility-animation-interpolation"/></sampler><channel source="#BatRig_Spine2-visibility-animation" target="BatRig_Spine2/visibility"/></animation></animation>
    <animation id="BatRig_Spine3-anim" name="BatRig_Spine3"><animation><source id="BatRig_Spine3-Matrix-animation-input"><float_array id="BatRig_Spine3-Matrix-animation-input-array" count="18">

0.000000 0.041667 0.083333 0.125000 0.166667 0.208333 0.250000 0.291667 0.333333 0.375000 0.416667 0.458333 0.500000 0.541667 0.583333 0.625000
0.666667 0.708333</float_array><technique_common><accessor source="#BatRig_Spine3-Matrix-animation-input-array" count="18"><param name="TIME" type="float"/></accessor></technique_common></source><source id="BatRig_Spine3-Matrix-animation-output-transform"><float_array id="BatRig_Spine3-Matrix-animation-output-transform-array" count="288">

0.999338 -0.016515 -0.032406 0.000002 0.014622 0.998221 -0.057798 13.030717 0.033303 0.057286 0.997802 -1.061704 0.000000 0.000000 0.000000 1.000000
0.999338 -0.016515 -0.032406 0.000002 0.014622 0.998221 -0.057798 13.030717 0.033303 0.057286 0.997802 -1.061704 0.000000 0.000000 0.000000 1.000000
0.999338 -0.016515 -0.032406 0.000002 0.014622 0.998221 -0.057798 13.030717 0.033303 0.057286 0.997802 -1.061704 0.000000 0.000000 0.000000 1.000000
0.999338 -0.016515 -0.032406 0.000002 0.014622 0.998221 -0.057798 13.030717 0.033303 0.057286 0.997802 -1.061704 0.000000 0.000000 0.000000 1.000000
0.999338 -0.016515 -0.032406 0.000002 0.014622 0.998221 -0.057798 13.030717 0.033303 0.057286 0.997802 -1.061704 0.000000 0.000000 0.000000 1.000000
0.999690 -0.013007 -0.021213 0.000002 0.011899 0.998599 -0.051555 13.030717 0.021854 0.051287 0.998445 -1.061704 0.000000 0.000000 0.000000 1.000000
0.999974 -0.004644 0.005488 0.000002 0.004844 0.999306 -0.036946 13.030717 -0.005313 0.036972 0.999302 -1.061704 0.000000 0.000000 0.000000 1.000000
0.999288 0.005339 0.037354 0.000002 -0.004592 0.999788 -0.020057 13.030717 -0.037453 0.019871 0.999101 -1.061704 0.000000 0.000000 0.000000 1.000000
0.997855 0.013703 0.064019 0.000002 -0.013320 0.999891 -0.006403 13.030717 -0.064100 0.005537 0.997928 -1.061704 0.000000 0.000000 0.000000 1.000000
0.997021 0.017210 0.075186 0.000002 -0.017197 0.999852 -0.000822 13.030717 -0.075189 -0.000473 0.997169 -1.061704 0.000000 0.000000 0.000000 1.000000
0.997650 0.014620 0.066937 0.000002 -0.014321 0.999885 -0.004937 13.030717 -0.067001 0.003967 0.997745 -1.061704 0.000000 0.000000 0.000000 1.000000
0.999649 0.001914 0.026423 0.000002 -0.001233 0.999667 -0.025781 13.030717 -0.026464 0.025739 0.999318 -1.061704 0.000000 0.000000 0.000000 1.000000
0.999972 -0.007123 -0.002428 0.000002 0.007017 0.999125 -0.041235 13.030717 0.002720 0.041217 0.999147 -1.061704 0.000000 0.000000 0.000000 1.000000
0.999792 -0.011618 -0.016777 0.000002 0.010782 0.998736 -0.049101 13.030717 0.017326 0.048910 0.998653 -1.061704 0.000000 0.000000 0.000000 1.000000
0.999591 -0.014152 -0.024863 0.000002 0.012803 0.998481 -0.053584 13.030717 0.025584 0.053244 0.998254 -1.061704 0.000000 0.000000 0.000000 1.000000
0.999445 -0.015586 -0.029443 0.000002 0.013915 0.998326 -0.056139 13.030717 0.030269 0.055698 0.997989 -1.061704 0.000000 0.000000 0.000000 1.000000
0.999363 -0.016306 -0.031738 0.000002 0.014464 0.998245 -0.057424 13.030717 0.032619 0.056928 0.997845 -1.061704 0.000000 0.000000 0.000000 1.000000
