<?xml version="1.0" encoding="utf-8"?>
<COLLADA xmlns="http://www.collada.org/2005/11/COLLADASchema" version="1.4.1">
  <asset><contributor><author></author><authoring_tool>FBX COLLADA exporter</authoring_tool><comments></comments></contributor><created>2017-08-30T19:26:38Z</created><keywords></keywords><modified>2017-08-30T19:26:38Z</modified><revision></revision><subject></subject><title></title><unit meter="0.010000" name="centimeter"></unit><up_axis>Y_UP</up_axis></asset>
  <library_animations>
    <animation id="BatRig_Reference-anim" name="BatRig_Reference"><animation><source id="BatRig_Reference-Matrix-animation-input"><float_array id="BatRig_Reference-Matrix-animation-input-array" count="25">

0.000000 0.041667 0.083333 0.125000 0.166667 0.208333 0.250000 0.291667 0.333333 0.375000 0.416667 0.458333 0.500000 0.541667 0.583333 0.625000
0.666667 0.708333 0.750000 0.791667 0.833333 0.875000 0.916667 0.958333 1.000000</float_array><technique_common><accessor source="#BatRig_Reference-Matrix-animation-input-array" count="25"><param name="TIME" type="float"/></accessor></technique_common></source><source id="BatRig_Reference-Matrix-animation-output-transform"><float_array id="BatRig_Reference-Matrix-animation-output-transform-array" count="400">

1.000000 0.000000 0.000000 5.277520 0.000000 1.000000 0.000000 0.000000 0.000000 0.000000 1.000000 158.198593 0.000000 0.000000 0.000000 1.000000
1.000000 0.000000 0.000000 5.277520 0.000000 1.000000 0.000000 0.000000 0.000000 0.000000 1.000000 158.198593 0.000000 0.000000 0.000000 1.000000
1.000000 0.000000 0.000000 4.117665 0.000000 1.000000 0.000000 0.000000 0.000000 0.000000 1.000000 158.928131 0.000000 0.000000 0.000000 1.000000
1.000000 0.000000 0.000000 1.084599 0.000000 1.000000 0.000000 0.000000 0.000000 0.000000 1.000000 161.637909 0.000000 0.000000 0.000000 1.000000
1.000000 0.000000 0.000000 -0.732029 0.000000 1.000000 0.000000 0.000000 0.000000 0.000000 1.000000 166.372742 0.000000 0.000000 0.000000 1.000000
1.000000 0.000000 0.000000 -0.238595 0.000000 1.000000 0.000000 0.000000 0.000000 0.000000 1.000000 176.821884 0.000000 0.000000 0.000000 1.000000
1.000000 0.000000 0.000000 0.304577 0.000000 1.000000 0.000000 0.000000 0.000000 0.000000 1.000000 184.654297 0.000000 0.000000 0.000000 1.000000
1.000000 0.000000 0.000000 0.304577 0.000000 1.000000 0.000000 0.000000 0.000000 0.000000 1.000000 184.654297 0.000000 0.000000 0.000000 1.000000
1.000000 0.000000 0.000000 -1.759330 0.000000 1.000000 0.000000 0.000000 0.000000 0.000000 1.000000 189.485458 0.000000 0.000000 0.000000 1.000000
1.000000 0.000000 0.000000 -3.190854 0.000000 1.000000 0.000000 0.000000 0.000000 0.000000 1.000000 182.208801 0.000000 0.000000 0.000000 1.000000
1.000000 0.000000 0.000000 -3.908790 0.000000 1.000000 0.000000 0.000000 0.000000 0.000000 1.000000 172.955505 0.000000 0.000000 0.000000 1.000000
1.000000 0.000000 0.000000 -3.737421 0.000000 1.000000 0.000000 0.000000 0.000000 0.000000 1.000000 169.477600 0.000000 0.000000 0.000000 1.000000
1.000000 0.000000 0.000000 -3.326938 0.000000 1.000000 0.000000 0.000000 0.000000 0.000000 1.000000 167.068741 0.000000 0.000000 0.000000 1.000000
1.000000 0.000000 0.000000 -2.807344 0.000000 1.000000 0.000000 0.000000 0.000000 0.000000 1.000000 165.666260 0.000000 0.000000 0.000000 1.000000
1.000000 0.000000 0.000000 -2.308766 0.000000 1.000000 0.000000 0.000000 0.000000 0.000000 1.000000 165.206833 0.000000 0.000000 0.000000 1.000000
1.000000 0.000000 0.000000 -1.783928 0.000000 1.000000 0.000000 0.000000 0.000000 0.000000 1.000000 165.557098 0.000000 0.000000 0.000000 1.000000
1.000000 0.000000 0.000000 -1.225210 0.000000 1.000000 0.000000 0.000000 0.000000 0.000000 1.000000 166.206100 0.000000 0.000000 0.000000 1.000000
1.000000 0.000000 0.000000 -0.735400 0.000000 1.000000 0.000000 0.000000 0.000000 0.000000 1.000000 166.941162 0.000000 0.000000 0.000000 1.000000
1.000000 0.000000 0.000000 1.575156 0.000000 1.000000 0.000000 0.000000 0.000000 0.000000 1.000000 168.979156 0.000000 0.000000 0.000000 1.000000
1.000000 0.000000 0.000000 3.167295 0.000000 1.000000 0.000000 0.000000 0.000000 0.000000 1.000000 170.313644 0.000000 0.000000 0.000000 1.000000
1.000000 0.000000 0.000000 3.148083 0.000000 1.000000 0.000000 0.000000 0.000000 0.000000 1.000000 170.299057 0.000000 0.000000 0.000000 1.000000
1.000000 0.000000 0.000000 3.114193 0.000000 1.000000 0.000000 0.000000 0.000000 0.000000 1.000000 170.275238 0.000000 0.000000 0.000000 1.000000
1.000000 0.000000 0.000000 3.073536 0.000000 1.000000 0.000000 0.000000 0.000000 0.000000 1.000000 170.247391 0.000000 0.000000 0.000000 1.000000
1.000000 0.000000 0.000000 3.034026 0.000000 1.000000 0.000000 0.000000 0.000000 0.000000 1.000000 170.220673 0.000000 0.000000 0.000000 1.000000
1.000000 0.000000 0.000000 3.003586 0.000000 1.000000 0.000000 0.000000 0.000000 0.000000 1.000000 170.200180 0.000000 0.000000 0.000000 1.000000</float_array><technique_common><accessor source="#BatRig_Reference-Matrix-animation-output-transform-array" count="25" stride="16"><param type="float4x4"/></accessor></technique_common></source><source id="BatRig_Reference-Interpolations"><Name_array id="BatRig_Reference-Interpolations-array" count="25">
 LINEAR LINEAR LINEAR LINEAR LINEAR LINEAR LINEAR LINEAR LINEAR LINEAR LINEAR
LINEAR LINEAR LINEAR LINEAR LINEAR LINEAR LINEAR LINEAR LINEAR LINEAR LINEAR LINEAR
LINEAR LINEAR</Name_array><technique_common><accessor source="#BatRig_Reference-Interpolations-array" count="25"><param type="name"/></accessor></technique_common></source><sampler id="BatRig_Reference-Matrix-animation-transform"><input semantic="INPUT" source="#BatRig_Reference-Matrix-animation-input"/><input semantic="OUTPUT" source="#BatRig_Reference-Matrix-animation-output-transform"/><input semantic="INTERPOLATION" source="#BatRig_Reference-Interpolations"/></sampler><channel source="#BatRig_Reference-Matrix-animation-transform" target="BatRig_Reference/matrix"/></animation><animation><source id="BatRig_Reference-visibility-animation-input"><float_array id="BatRig_Reference-visibility-animation-input-array" count="25">

0.000000 0.041667 0.083333 0.125000 0.166667 0.208333 0.250000 0.291667 0.333333 0.375000 0.416667 0.458333 0.500000 0.541667 0.583333 0.625000
0.666667 0.708333 0.750000 0.791667 0.833333 0.875000 0.916667 0.958333 1.000000</float_array><technique_common><accessor source="#BatRig_Reference-visibility-animation-input-array" count="25"><param name="TIME" type="float"/></accessor></technique_common></source><source id="BatRig_Reference-visibility-animation-output"><float_array id="BatRig_Reference-visibility-animation-output-array" count="25">

1.000000 1.000000 1.000000 1.000000 1.000000 1.000000 1.000000 1.000000 1.000000 1.000000 1.000000 1.000000 1.000000 1.000000 1.000000 1.000000
1.000000 1.000000 1.000000 1.000000 1.000000 1.000000 1.000000 1.000000 1.000000</float_array><technique_common><accessor source="#BatRig_Reference-visibility-animation-output-array" count="25"><param type="float"/></accessor></technique_common></source><source id="BatRig_Reference-visibility-animation-intan"><float_array id="BatRig_Reference-visibility-animation-intan-array" count="25">

0.000000 0.000000 0.000000 0.000000 0.000000 0.000000 0.000000 0.000000 0.000000 0.000000 0.000000 0.000000 0.000000 0.000000 0.000000 0.000000
0.000000 0.000000 0.000000 0.000000 0.000000 0.000000 0.000000 0.000000 0.000000</float_array><technique_common><accessor source="#BatRig_Reference-visibility-animation-intan-array" count="25"><param type="float"/></accessor></technique_common></source><source id="BatRig_Reference-visibility-animation-outtan"><float_array id="BatRig_Reference-visibility-animation-outtan-array" count="25">

0.000000 0.000000 0.000000 0.000000 0.000000 0.000000 0.000000 0.000000 0.000000 0.000000 0.000000 0.000000 0.000000 0.000000 0.000000 0.000000
0.000000 0.000000 0.000000 0.000000 0.000000 0.000000 0.000000 0.000000 0.000000</float_array><technique_common><accessor source="#BatRig_Reference-visibility-animation-outtan-array" count="25"><param type="float"/></accessor></technique_common></source><source id="BatRig_Reference-visibility-animation-interpolation"><Name_array id="BatRig_Reference-visibility-animation-interpolation-array" count="25">
 STEP STEP STEP STEP STEP STEP STEP STEP STEP STEP STEP STEP STEP STEP STEP STEP STEP
STEP STEP STEP STEP STEP STEP STEP BEZIER</Name_array><technique_common><accessor source="#BatRig_Reference-visibility-animation-interpolation-array" count="25"><param type="name"/></accessor></technique_common></source><sampler id="BatRig_Reference-visibility-animation"><input semantic="INPUT" source="#BatRig_Reference-visibility-animation-input"/><input semantic="OUTPUT" source="#BatRig_Reference-visibility-animation-output"/><input semantic="IN_TANGENT" source="#BatRig_Reference-visibility-animation-intan"/><input semantic="OUT_TANGENT" source="#BatRig_Reference-visibility-animation-outtan"/><input semantic="INTERPOLATION" source="#BatRig_Reference-visibility-animation-interpolation"/></sampler><channel source="#BatRig_Reference-visibility-animation" target="BatRig_Reference/visibility"/></animation></animation>
    <animation id="BatRig_Hips-anim" name="BatRig_Hips"><animation><source id="BatRig_Hips-Matrix-animation-input"><float_array id="BatRig_Hips-Matrix-animation-input-array" count="25">

0.000000 0.041667 0.083333 0.125000 0.166667 0.208333 0.250000 0.291667 0.333333 0.375000 0.416667 0.458333 0.500000 0.541667 0.583333 0.625000
0.666667 0.708333 0.750000 0.791667 0.833333 0.875000 0.916667 0.958333 1.000000</float_array><technique_common><accessor source="#BatRig_Hips-Matrix-animation-input-array" count="25"><param name="TIME" type="float"/></accessor></technique_common></source><source id="BatRig_Hips-Matrix-animation-output-transform"><float_array id="BatRig_Hips-Matrix-animation-output-transform-array" count="400">

0.569705 -0.007376 0.821816 0.000000 0.061211 0.997563 -0.033480 79.387497 -0.819567 0.069378 0.568768 0.000000 0.000000 0.000000 0.000000 1.000000
0.569705 -0.007376 0.821816 0.000000 0.061211 0.997563 -0.033480 79.387497 -0.819567 0.069378 0.568768 0.000000 0.000000 0.000000 0.000000 1.000000
0.704627 0.030886 0.708905 0.000000 0.034083 0.996426 -0.077290 78.630730 -0.708759 0.078622 0.701056 0.000000 0.000000 0.000000 0.000000 1.000000
0.851002 0.077860 0.519358 0.000000 -0.010951 0.991364 -0.130677 76.710136 -0.525048 0.105519 0.844506 0.000000 0.000000 0.000000 0.000000 1.000000
0.919586 0.092972 0.381731 0.000000 -0.023864 0.983022 -0.181930 75.563347 -0.392164 0.158191 0.906192 0.000000 0.000000 0.000000 0.000000 1.000000
0.890605 0.034543 0.453464 0.000000 0.104812 0.954678 -0.278575 75.511520 -0.442535 0.295629 0.846620 0.000000 0.000000 0.000000 0.000000 1.000000
0.809207 -0.012330 0.587395 0.000000 0.255996 0.907284 -0.333620 75.440620 -0.528820 0.420338 0.737337 0.000000 0.000000 0.000000 0.000000 1.000000
0.809207 -0.012330 0.587395 0.000000 0.255996 0.907284 -0.333620 75.440620 -0.528820 0.420338 0.737337 0.000000 0.000000 0.000000 0.000000 1.000000
0.566075 0.020175 0.824107 0.000000 0.289004 0.931394 -0.221317 74.382431 -0.772034 0.363452 0.521408 0.000000 0.000000 0.000000 0.000000 1.000000
0.411725 0.029286 0.910837 0.000000 0.270965 0.950345 -0.153041 80.187721 -0.870092 0.309816 0.383346 0.000000 0.000000 0.000000 0.000000 1.000000
0.299925 0.032912 0.953395 0.000000 0.234437 0.966213 -0.107106 85.977219 -0.924708 0.255635 0.282076 0.000000 0.000000 0.000000 0.000000 1.000000
0.301223 0.038205 0.952788 0.000000 0.214549 0.970861 -0.106759 85.726990 -0.929103 0.236578 0.284249 0.000000 0.000000 0.000000 0.000000 1.000000
0.333752 0.046912 0.941493 0.000000 0.193540 0.974074 -0.117144 85.087822 -0.922579 0.221314 0.316020 0.000000 0.000000 0.000000 0.000000 1.000000
0.376732 0.056944 0.924570 0.000000 0.173021 0.976218 -0.130625 84.269882 -0.910020 0.209181 0.357920 0.000000 0.000000 0.000000 0.000000 1.000000
0.410307 0.065579 0.909587 0.000000 0.155387 0.977798 -0.140591 83.483154 -0.898612 0.199023 0.391007 0.000000 0.000000 0.000000 0.000000 1.000000
0.451291 0.077326 0.889020 0.000000 0.131205 0.979662 -0.151814 82.660072 -0.882679 0.185156 0.431967 0.000000 0.000000 0.000000 0.000000 1.000000
0.482783 0.085950 0.871512 0.000000 0.114634 0.980407 -0.160192 81.773857 -0.868205 0.177243 0.463471 0.000000 0.000000 0.000000 0.000000 1.000000
0.516512 0.095897 0.850893 0.000000 0.095683 0.981022 -0.168645 81.000198 -0.850917 0.168523 0.497534 0.000000 0.000000 0.000000 0.000000 1.000000
0.546592 0.068411 0.834600 0.000000 0.076564 0.988400 -0.131161 80.040993 -0.833891 0.135592 0.535014 0.000000 0.000000 0.000000 0.000000 1.000000
0.572427 0.041098 0.818925 0.000000 0.061003 0.993841 -0.092517 79.471527 -0.817683 0.102916 0.566394 0.000000 0.000000 0.000000 0.000000 1.000000
0.575676 0.038767 0.816758 0.000000 0.059142 0.994285 -0.088879 79.475395 -0.815536 0.099470 0.570093 0.000000 0.000000 0.000000 0.000000 1.000000
0.576645 0.039117 0.816058 0.000000 0.058613 0.994299 -0.089078 79.478867 -0.814890 0.099198 0.571064 0.000000 0.000000 0.000000 0.000000 1.000000
0.576082 0.041038 0.816361 0.000000 0.058969 0.994050 -0.091582 79.481857 -0.815262 0.100899 0.570234 0.000000 0.000000 0.000000 0.000000 1.000000
0.574733 0.043428 0.817188 0.000000 0.059776 0.993695 -0.094849 79.484306 -0.816155 0.103361 0.568514 0.000000 0.000000 0.000000 0.000000 1.000000
0.573343 0.045189 0.818068 0.000000 0.060594 0.993405 -0.097341 79.486183 -0.817072 0.105380 0.566823 0.000000 0.000000 0.000000 0.000000 1.000000</float_array><technique_common><accessor source="#BatRig_Hips-Matrix-animation-output-transform-array" count="25" stride="16"><param type="float4x4"/></accessor></technique_common></source><source id="BatRig_Hips-Interpolations"><Name_array id="BatRig_Hips-Interpolations-array" count="25">
 LINEAR LINEAR LINEAR LINEAR LINEAR LINEAR LINEAR LINEAR LINEAR LINEAR LINEAR
LINEAR LINEAR LINEAR LINEAR LINEAR LINEAR LINEAR LINEAR LINEAR LINEAR LINEAR LINEAR
LINEAR LINEAR</Name_array><technique_common><accessor source="#BatRig_Hips-Interpolations-array" count="25"><param type="name"/></accessor></technique_common></source><sampler id="BatRig_Hips-Matrix-animation-transform"><input semantic="INPUT" source="#BatRig_Hips-Matrix-animation-input"/><input semantic="OUTPUT" source="#BatRig_Hips-Matrix-animation-output-transform"/><input semantic="INTERPOLATION" source="#BatRig_Hips-Interpolations"/></sampler><channel source="#BatRig_Hips-Matrix-animation-transform" target="BatRig_Hips/matrix"/></animation><animation><source id="BatRig_Hips-visibility-animation-input"><float_array id="BatRig_Hips-visibility-animation-input-array" count="25">

0.000000 0.041667 0.083333 0.125000 0.166667 0.208333 0.250000 0.291667 0.333333 0.375000 0.416667 0.458333 0.500000 0.541667 0.583333 0.625000
0.666667 0.708333 0.750000 0.791667 0.833333 0.875000 0.916667 0.958333 1.000000</float_array><technique_common><accessor source="#BatRig_Hips-visibility-animation-input-array" count="25"><param name="TIME" type="float"/></accessor></technique_common></source><source id="BatRig_Hips-visibility-animation-output"><float_array id="BatRig_Hips-visibility-animation-output-array" count="25">

1.000000 1.000000 1.000000 1.000000 1.000000 1.000000 1.000000 1.000000 1.000000 1.000000 1.000000 1.000000 1.000000 1.000000 1.000000 1.000000
1.000000 1.000000 1.000000 1.000000 1.000000 1.000000 1.000000 1.000000 1.000000</float_array><technique_common><accessor source="#BatRig_Hips-visibility-animation-output-array" count="25"><param type="float"/></accessor></technique_common></source><source id="BatRig_Hips-visibility-animation-intan"><float_array id="BatRig_Hips-visibility-animation-intan-array" count="25">

0.000000 0.000000 0.000000 0.000000 0.000000 0.000000 0.000000 0.000000 0.000000 0.000000 0.000000 0.000000 0.000000 0.000000 0.000000 0.000000
0.000000 0.000000 0.000000 0.000000 0.000000 0.000000 0.000000 0.000000 0.000000</float_array><technique_common><accessor source="#BatRig_Hips-visibility-animation-intan-array" count="25"><param type="float"/></accessor></technique_common></source><source id="BatRig_Hips-visibility-animation-outtan"><float_array id="BatRig_Hips-visibility-animation-outtan-array" count="25">

0.000000 0.000000 0.000000 0.000000 0.000000 0.000000 0.000000 0.000000 0.000000 0.000000 0.000000 0.000000 0.000000 0.000000 0.000000 0.000000
0.000000 0.000000 0.000000 0.000000 0.000000 0.000000 0.000000 0.000000 0.000000</float_array><technique_common><accessor source="#BatRig_Hips-visibility-animation-outtan-array" count="25"><param type="float"/></accessor></technique_common></source><source id="BatRig_Hips-visibility-animation-interpolation"><Name_array id="BatRig_Hips-visibility-animation-interpolation-array" count="25">
 STEP STEP STEP STEP STEP STEP STEP STEP STEP STEP STEP STEP STEP STEP STEP STEP STEP
STEP STEP STEP STEP STEP STEP STEP BEZIER</Name_array><technique_common><accessor source="#BatRig_Hips-visibility-animation-interpolation-array" count="25"><param type="name"/></accessor></technique_common></source><sampler id="BatRig_Hips-visibility-animation"><input semantic="INPUT" source="#BatRig_Hips-visibility-animation-input"/><input semantic="OUTPUT" source="#BatRig_Hips-visibility-animation-output"/><input semantic="IN_TANGENT" source="#BatRig_Hips-visibility-animation-intan"/><input semantic="OUT_TANGENT" source="#BatRig_Hips-visibility-animation-outtan"/><input semantic="INTERPOLATION" source="#BatRig_Hips-visibility-animation-interpolation"/></sampler><channel source="#BatRig_Hips-visibility-animation" target="BatRig_Hips/visibility"/></animation></animation>
    <animation id="BatRig_Spine-anim" name="BatRig_Spine"><animation><source id="BatRig_Spine-Matrix-animation-input"><float_array id="BatRig_Spine-Matrix-animation-input-array" count="25">

0.000000 0.041667 0.083333 0.125000 0.166667 0.208333 0.250000 0.291667 0.333333 0.375000 0.416667 0.458333 0.500000 0.541667 0.583333 0.625000
0.666667 0.708333 0.750000 0.791667 0.833333 0.875000 0.916667 0.958333 1.000000</float_array><technique_common><accessor source="#BatRig_Spine-Matrix-animation-input-array" count="25"><param name="TIME" type="float"/></accessor></technique_common></source><source id="BatRig_Spine-Matrix-animation-output-transform"><float_array id="BatRig_Spine-Matrix-animation-output-transform-array" count="400">

0.998024 0.056718 -0.027034 -0.000001 -0.054744 0.996121 0.068897 3.725677 0.030837 -0.067281 0.997257 0.000001 0.000000 0.000000 0.000000 1.000000
0.998024 0.056718 -0.027034 -0.000001 -0.054744 0.996121 0.068897 3.725677 0.030837 -0.067281 0.997257 0.000001 0.000000 0.000000 0.000000 1.000000
0.997213 0.067987 -0.030736 -0.000001 -0.066368 0.996494 0.050944 3.725677 0.034092 -0.048762 0.998228 0.000001 0.000000 0.000000 0.000000 1.000000
0.994486 0.096865 -0.040189 -0.000001 -0.096948 0.995289 -0.000108 3.725677 0.039989 0.004004 0.999192 0.000001 0.000000 0.000000 0.000000 1.000000
0.992454 0.113783 -0.045697 -0.000001 -0.115939 0.992112 -0.047669 3.725677 0.039913 0.052607 0.997817 0.000001 0.000000 0.000000 0.000000 1.000000
0.998978 0.044966 -0.004501 -0.000001 -0.045176 0.996196 -0.074515 3.725677 0.001133 0.074642 0.997210 0.000001 0.000000 0.000000 0.000000 1.000000
0.999026 -0.024061 0.036981 -0.000001 0.026983 0.996377 -0.080652 3.725677 -0.034906 0.081571 0.996056 0.000001 0.000000 0.000000 0.000000 1.000000
0.999026 -0.024061 0.036981 -0.000001 0.026983 0.996377 -0.080652 3.725677 -0.034906 0.081571 0.996056 0.000001 0.000000 0.000000 0.000000 1.000000
0.982897 -0.176433 0.052782 -0.000001 0.179497 0.981904 -0.060385 3.725677 -0.041173 0.068826 0.996779 0.000001 0.000000 0.000000 0.000000 1.000000
0.967161 -0.248120 0.055104 -0.000001 0.250744 0.966901 -0.047221 3.725677 -0.041564 0.059487 0.997363 0.000001 0.000000 0.000000 0.000000 1.000000
0.959127 -0.277560 0.055093 -0.000001 0.279851 0.959237 -0.039336 3.725677 -0.041929 0.053146 0.997706 0.000001 0.000000 0.000000 0.000000 1.000000
0.963294 -0.263455 0.051540 -0.000001 0.265506 0.963361 -0.037986 3.725677 -0.039644 0.050276 0.997948 0.000001 0.000000 0.000000 0.000000 1.000000
0.972640 -0.228378 0.042590 -0.000001 0.230060 0.972357 -0.039921 3.725677 -0.032296 0.048627 0.998295 0.000001 0.000000 0.000000 0.000000 1.000000
0.982576 -0.183279 0.030875 -0.000001 0.184491 0.981915 -0.042493 3.725677 -0.022529 0.047449 0.998620 0.000001 0.000000 0.000000 0.000000 1.000000
0.990032 -0.139512 0.019338 -0.000001 0.140243 0.989148 -0.043808 3.725677 -0.013016 0.046083 0.998853 0.000001 0.000000 0.000000 0.000000 1.000000
0.995601 -0.093428 0.007067 -0.000001 0.093650 0.994619 -0.044302 3.725677 -0.002890 0.044769 0.998993 0.000001 0.000000 0.000000 0.000000 1.000000
0.999028 -0.043636 -0.006268 -0.000001 0.043319 0.998092 -0.044000 3.725677 0.008176 0.043686 0.999012 0.000001 0.000000 0.000000 0.000000 1.000000
0.999839 -0.000106 -0.017939 -0.000001 -0.000661 0.999085 -0.042752 3.725677 0.017927 0.042757 0.998925 0.000001 0.000000 0.000000 0.000000 1.000000
0.998997 0.036744 -0.025575 -0.000001 -0.036935 0.999293 -0.007047 3.725677 0.025298 0.007985 0.999648 0.000001 0.000000 0.000000 0.000000 1.000000
0.997951 0.056829 -0.029387 -0.000001 -0.056041 0.998064 0.026990 3.725677 0.030864 -0.025288 0.999204 0.000001 0.000000 0.000000 0.000000 1.000000
0.997949 0.056831 -0.029468 -0.000001 -0.056048 0.998070 0.026737 3.725677 0.030931 -0.025031 0.999208 0.000001 0.000000 0.000000 0.000000 1.000000
0.997947 0.056833 -0.029522 -0.000001 -0.056069 0.998086 0.026097 3.725677 0.030949 -0.024388 0.999223 0.000001 0.000000 0.000000 0.000000 1.000000
0.997946 0.056833 -0.029556 -0.000001 -0.056094 0.998106 0.025263 3.725677 0.030936 -0.023553 0.999244 0.000001 0.000000 0.000000 0.000000 1.000000
0.997946 0.056834 -0.029573 -0.000001 -0.056120 0.998125 0.024427 3.725677 0.030906 -0.022717 0.999264 0.000001 0.000000 0.000000 0.000000 1.000000
0.997945 0.056834 -0.029579 -0.000001 -0.056140 0.998140 0.023783 3.725677 0.030876 -0.022074 0.999279 0.000001 0.000000 0.000000 0.000000 1.000000</float_array><technique_common><accessor source="#BatRig_Spine-Matrix-animation-output-transform-array" count="25" stride="16"><param type="float4x4"/></accessor></technique_common></source><source id="BatRig_Spine-Interpolations"><Name_array id="BatRig_Spine-Interpolations-array" count="25">
 LINEAR LINEAR LINEAR LINEAR LINEAR LINEAR LINEAR LINEAR LINEAR LINEAR LINEAR
LINEAR LINEAR LINEAR LINEAR LINEAR LINEAR LINEAR LINEAR LINEAR LINEAR LINEAR LINEAR
LINEAR LINEAR</Name_array><technique_common><accessor source="#BatRig_Spine-Interpolations-array" count="25"><param type="name"/></accessor></technique_common></source><sampler id="BatRig_Spine-Matrix-animation-transform"><input semantic="INPUT" source="#BatRig_Spine-Matrix-animation-input"/><input semantic="OUTPUT" source="#BatRig_Spine-Matrix-animation-output-transform"/><input semantic="INTERPOLATION" source="#BatRig_Spine-Interpolations"/></sampler><channel source="#BatRig_Spine-Matrix-animation-transform" target="BatRig_Spine/matrix"/></animation><animation><source id="BatRig_Spine-visibility-animation-input"><float_array id="BatRig_Spine-visibility-animation-input-array" count="25">

0.000000 0.041667 0.083333 0.125000 0.166667 0.208333 0.250000 0.291667 0.333333 0.375000 0.416667 0.458333 0.500000 0.541667 0.583333 0.625000
0.666667 0.708333 0.750000 0.791667 0.833333 0.875000 0.916667 0.958333 1.000000</float_array><technique_common><accessor source="#BatRig_Spine-visibility-animation-input-array" count="25"><param name="TIME" type="float"/></accessor></technique_common></source><source id="BatRig_Spine-visibility-animation-output"><float_array id="BatRig_Spine-visibility-animation-output-array" count="25">

1.000000 1.000000 1.000000 1.000000 1.000000 1.000000 1.000000 1.000000 1.000000 1.000000 1.000000 1.000000 1.000000 1.000000 1.000000 1.000000
1.000000 1.000000 1.000000 1.000000 1.000000 1.000000 1.000000 1.000000 1.000000</float_array><technique_common><accessor source="#BatRig_Spine-visibility-animation-output-array" count="25"><param type="float"/></accessor></technique_common></source><source id="BatRig_Spine-visibility-animation-intan"><float_array id="BatRig_Spine-visibility-animation-intan-array" count="25">

0.000000 0.000000 0.000000 0.000000 0.000000 0.000000 0.000000 0.000000 0.000000 0.000000 0.000000 0.000000 0.000000 0.000000 0.000000 0.000000
0.000000 0.000000 0.000000 0.000000 0.000000 0.000000 0.000000 0.000000 0.000000</float_array><technique_common><accessor source="#BatRig_Spine-visibility-animation-intan-array" count="25"><param type="float"/></accessor></technique_common></source><source id="BatRig_Spine-visibility-animation-outtan"><float_array id="BatRig_Spine-visibility-animation-outtan-array" count="25">

0.000000 0.000000 0.000000 0.000000 0.000000 0.000000 0.000000 0.000000 0.000000 0.000000 0.000000 0.000000 0.000000 0.000000 0.000000 0.000000
0.000000 0.000000 0.000000 0.000000 0.000000 0.000000 0.000000 0.000000 0.000000</float_array><technique_common><accessor source="#BatRig_Spine-visibility-animation-outtan-array" count="25"><param type="float"/></accessor></technique_common></source><source id="BatRig_Spine-visibility-animation-interpolation"><Name_array id="BatRig_Spine-visibility-animation-interpolation-array" count="25">
 STEP STEP STEP STEP STEP STEP STEP STEP STEP STEP STEP STEP STEP STEP STEP STEP STEP
STEP STEP STEP STEP STEP STEP STEP BEZIER</Name_array><technique_common><accessor source="#BatRig_Spine-visibility-animation-interpolation-array" count="25"><param type="name"/></accessor></technique_common></source><sampler id="BatRig_Spine-visibility-animation"><input semantic="INPUT" source="#BatRig_Spine-visibility-animation-input"/><input semantic="OUTPUT" source="#BatRig_Spine-visibility-animation-output"/><input semantic="IN_TANGENT" source="#BatRig_Spine-visibility-animation-intan"/><input semantic="OUT_TANGENT" source="#BatRig_Spine-visibility-animation-outtan"/><input semantic="INTERPOLATION" source="#BatRig_Spine-visibility-animation-interpolation"/></sampler><channel source="#BatRig_Spine-visibility-animation" target="BatRig_Spine/visibility"/></animation></animation>
    <animation id="BatRig_Spine1-anim" name="BatRig_Spine1"><animation><source id="BatRig_Spine1-Matrix-animation-input"><float_array id="BatRig_Spine1-Matrix-animation-input-array" count="25">

0.000000 0.041667 0.083333 0.125000 0.166667 0.208333 0.250000 0.291667 0.333333 0.375000 0.416667 0.458333 0.500000 0.541667 0.583333 0.625000
0.666667 0.708333 0.750000 0.791667 0.833333 0.875000 0.916667 0.958333 1.000000</float_array><technique_common><accessor source="#BatRig_Spine1-Matrix-animation-input-array" count="25"><param name="TIME" type="float"/></accessor></technique_common></source><source id="BatRig_Spine1-Matrix-animation-output-transform"><float_array id="BatRig_Spine1-Matrix-animation-output-transform-array" count="400">

0.999990 0.004554 -0.000146 0.000002 -0.004555 0.998393 -0.056489 10.999832 -0.000111 0.056489 0.998403 -0.000003 0.000000 0.000000 0.000000 1.000000
0.999990 0.004554 -0.000146 0.000002 -0.004555 0.998393 -0.056489 10.999832 -0.000111 0.056489 0.998403 -0.000003 0.000000 0.000000 0.000000 1.000000
0.999473 -0.001887 -0.032415 0.000002 0.000567 0.999172 -0.040682 10.999832 0.032465 0.040642 0.998646 -0.000003 0.000000 0.000000 0.000000 1.000000
0.993197 -0.018417 -0.114977 0.000002 0.018758 0.999822 0.001883 10.999832 0.114922 -0.004027 0.993366 -0.000003 0.000000 0.000000 0.000000 1.000000
0.986211 -0.028120 -0.163086 0.000002 0.034823 0.998656 0.038389 10.999832 0.161787 -0.043539 0.985865 -0.000003 0.000000 0.000000 0.000000 1.000000
0.997302 0.048410 -0.055183 0.000002 -0.045138 0.997233 0.059071 10.999832 0.057890 -0.056421 0.996727 -0.000003 0.000000 0.000000 0.000000 1.000000
0.990790 0.124651 0.052882 0.000002 -0.127371 0.990511 0.051619 10.999832 -0.045946 -0.057879 0.997266 -0.000003 0.000000 0.000000 0.000000 1.000000
0.990790 0.124651 0.052882 0.000002 -0.127371 0.990511 0.051619 10.999832 -0.045946 -0.057879 0.997266 -0.000003 0.000000 0.000000 0.000000 1.000000
0.992949 0.022301 -0.116423 0.000002 -0.029328 0.997827 -0.058997 10.999832 0.114854 0.061995 0.991446 -0.000003 0.000000 0.000000 0.000000 1.000000
0.972613 -0.046129 -0.227808 0.000002 0.012111 0.988835 -0.148524 10.999832 0.232116 0.141697 0.962312 -0.000003 0.000000 0.000000 0.000000 1.000000
0.956070 -0.080284 -0.281929 0.000002 0.024404 0.980225 -0.196378 10.999832 0.292120 0.180871 0.939123 -0.000003 0.000000 0.000000 0.000000 1.000000
0.959767 -0.076730 -0.270110 0.000002 0.026048 0.982122 -0.186435 10.999832 0.279586 0.171898 0.944607 -0.000003 0.000000 0.000000 0.000000 1.000000
0.968218 -0.067948 -0.240699 0.000002 0.029009 0.986403 -0.161765 10.999832 0.248418 0.149641 0.957025 -0.000003 0.000000 0.000000 0.000000 1.000000
0.977566 -0.056755 -0.202840 0.000002 0.030511 0.991013 -0.130243 10.999832 0.208409 0.121132 0.970512 -0.000003 0.000000 0.000000 0.000000 1.000000
0.985045 -0.045978 -0.166047 0.000002 0.029572 0.994552 -0.099957 10.999832 0.169738 0.093552 0.981039 -0.000003 0.000000 0.000000 0.000000 1.000000
0.991265 -0.034696 -0.127239 0.000002 0.026115 0.997309 -0.068499 10.999832 0.129273 0.064578 0.989504 -0.000003 0.000000 0.000000 0.000000 1.000000
0.996106 -0.022556 -0.085226 0.000002 0.019620 0.999190 -0.035126 10.999832 0.085949 0.033317 0.995742 -0.000003 0.000000 0.000000 0.000000 1.000000
0.998756 -0.011962 -0.048418 0.000002 0.011657 0.999910 -0.006573 10.999832 0.048492 0.006000 0.998806 -0.000003 0.000000 0.000000 0.000000 1.000000
0.999850 -0.002052 -0.017184 0.000002 0.001804 0.999894 -0.014433 10.999832 0.017212 0.014400 0.999748 -0.000003 0.000000 0.000000 0.000000 1.000000
0.999994 0.003513 -0.000131 0.000002 -0.003515 0.999734 -0.022799 10.999832 0.000051 0.022799 0.999740 -0.000003 0.000000 0.000000 0.000000 1.000000
0.999994 0.003507 -0.000131 0.000002 -0.003509 0.999739 -0.022589 10.999832 0.000052 0.022589 0.999745 -0.000003 0.000000 0.000000 0.000000 1.000000
0.999994 0.003490 -0.000132 0.000002 -0.003492 0.999750 -0.022065 10.999832 0.000055 0.022065 0.999757 -0.000003 0.000000 0.000000 0.000000 1.000000
0.999994 0.003469 -0.000132 0.000002 -0.003471 0.999765 -0.021383 10.999832 0.000058 0.021383 0.999771 -0.000003 0.000000 0.000000 0.000000 1.000000
0.999994 0.003448 -0.000132 0.000002 -0.003450 0.999780 -0.020702 10.999832 0.000061 0.020702 0.999786 -0.000003 0.000000 0.000000 0.000000 1.000000
0.999994 0.003431 -0.000132 0.000002 -0.003433 0.999791 -0.020177 10.999832 0.000063 0.020177 0.999796 -0.000003 0.000000 0.000000 0.000000 1.000000</float_array><technique_common><accessor source="#BatRig_Spine1-Matrix-animation-output-transform-array" count="25" stride="16"><param type="float4x4"/></accessor></technique_common></source><source id="BatRig_Spine1-Interpolations"><Name_array id="BatRig_Spine1-Interpolations-array" count="25">
 LINEAR LINEAR LINEAR LINEAR LINEAR LINEAR LINEAR LINEAR LINEAR LINEAR LINEAR
LINEAR LINEAR LINEAR LINEAR LINEAR LINEAR LINEAR LINEAR LINEAR LINEAR LINEAR LINEAR
LINEAR LINEAR</Name_array><technique_common><accessor source="#BatRig_Spine1-Interpolations-array" count="25"><param type="name"/></accessor></technique_common></source><sampler id="BatRig_Spine1-Matrix-animation-transform"><input semantic="INPUT" source="#BatRig_Spine1-Matrix-animation-input"/><input semantic="OUTPUT" source="#BatRig_Spine1-Matrix-animation-output-transform"/><input semantic="INTERPOLATION" source="#BatRig_Spine1-Interpolations"/></sampler><channel source="#BatRig_Spine1-Matrix-animation-transform" target="BatRig_Spine1/matrix"/></animation><animation><source id="BatRig_Spine1-visibility-animation-input"><float_array id="BatRig_Spine1-visibility-animation-input-array" count="25">

0.000000 0.041667 0.083333 0.125000 0.166667 0.208333 0.250000 0.291667 0.333333 0.375000 0.416667 0.458333 0.500000 0.541667 0.583333 0.625000
0.666667 0.708333 0.750000 0.791667 0.833333 0.875000 0.916667 0.958333 1.000000</float_array><technique_common><accessor source="#BatRig_Spine1-visibility-animation-input-array" count="25"><param name="TIME" type="float"/></accessor></technique_common></source><source id="BatRig_Spine1-visibility-animation-output"><float_array id="BatRig_Spine1-visibility-animation-output-array" count="25">

1.000000 1.000000 1.000000 1.000000 1.000000 1.000000 1.000000 1.000000 1.000000 1.000000 1.000000 1.000000 1.000000 1.000000 1.000000 1.000000
1.000000 1.000000 1.000000 1.000000 1.000000 1.000000 1.000000 1.000000 1.000000</float_array><technique_common><accessor source="#BatRig_Spine1-visibility-animation-output-array" count="25"><param type="float"/></accessor></technique_common></source><source id="BatRig_Spine1-visibility-animation-intan"><float_array id="BatRig_Spine1-visibility-animation-intan-array" count="25">

0.000000 0.000000 0.000000 0.000000 0.000000 0.000000 0.000000 0.000000 0.000000 0.000000 0.000000 0.000000 0.000000 0.000000 0.000000 0.000000
0.000000 0.000000 0.000000 0.000000 0.000000 0.000000 0.000000 0.000000 0.000000</float_array><technique_common><accessor source="#BatRig_Spine1-visibility-animation-intan-array" count="25"><param type="float"/></accessor></technique_common></source><source id="BatRig_Spine1-visibility-animation-outtan"><float_array id="BatRig_Spine1-visibility-animation-outtan-array" count="25">

0.000000 0.000000 0.000000 0.000000 0.000000 0.000000 0.000000 0.000000 0.000000 0.000000 0.000000 0.000000 0.000000 0.000000 0.000000 0.000000
0.000000 0.000000 0.000000 0.000000 0.000000 0.000000 0.000000 0.000000 0.000000</float_array><technique_common><accessor source="#BatRig_Spine1-visibility-animation-outtan-array" count="25"><param type="float"/></accessor></technique_common></source><source id="BatRig_Spine1-visibility-animation-interpolation"><Name_array id="BatRig_Spine1-visibility-animation-interpolation-array" count="25">
 STEP STEP STEP STEP STEP STEP STEP STEP STEP STEP STEP STEP STEP STEP STEP STEP STEP
STEP STEP STEP STEP STEP STEP STEP BEZIER</Name_array><technique_common><accessor source="#BatRig_Spine1-visibility-animation-interpolation-array" count="25"><param type="name"/></accessor></technique_common></source><sampler id="BatRig_Spine1-visibility-animation"><input semantic="INPUT" source="#BatRig_Spine1-visibility-animation-input"/><input semantic="OUTPUT" source="#BatRig_Spine1-visibility-animation-output"/><input semantic="IN_TANGENT" source="#BatRig_Spine1-visibility-animation-intan"/><input semantic="OUT_TANGENT" source="#BatRig_Spine1-visibility-animation-outtan"/><input semantic="INTERPOLATION" source="#BatRig_Spine1-visibility-animation-interpolation"/></sampler><channel source="#BatRig_Spine1-visibility-animation" target="BatRig_Spine1/visibility"/></animation></animation>
    <animation id="BatRig_Spine2-anim" name="BatRig_Spine2"><animation><source id="BatRig_Spine2-Matrix-animation-input"><float_array id="BatRig_Spine2-Matrix-animation-input-array" count="25">

0.000000 0.041667 0.083333 0.125000 0.166667 0.208333 0.250000 0.291667 0.333333 0.375000 0.416667 0.458333 0.500000 0.541667 0.583333 0.625000
0.666667 0.708333 0.750000 0.791667 0.833333 0.875000 0.916667 0.958333 1.000000</float_array><technique_common><accessor source="#BatRig_Spine2-Matrix-animation-input-array" count="25"><param name="TIME" type="float"/></accessor></technique_common></source><source id="BatRig_Spine2-Matrix-animation-output-transform"><float_array id="BatRig_Spine2-Matrix-animation-output-transform-array" count="400">

0.999990 0.004565 0.000133 0.000000 -0.004550 0.998393 -0.056488 11.776703 -0.000391 0.056487 0.998403 0.000004 0.000000 0.000000 0.000000 1.000000
0.999990 0.004565 0.000133 0.000000 -0.004550 0.998393 -0.056488 11.776703 -0.000391 0.056487 0.998403 0.000004 0.000000 0.000000 0.000000 1.000000
0.999477 -0.001508 -0.032300 0.000000 0.000152 0.999120 -0.041932 11.776703 0.032335 0.041905 0.998598 0.000004 0.000000 0.000000 0.000000 1.000000
0.993185 -0.017073 -0.115292 -0.000000 0.016923 0.999854 -0.002280 11.776703 0.115314 0.000313 0.993329 0.000004 0.000000 0.000000 0.000000 1.000000
0.986169 -0.026182 -0.163663 -0.000000 0.031860 0.998975 0.032165 11.776703 0.162653 -0.036934 0.985992 0.000004 0.000000 0.000000 0.000000 1.000000
0.997771 0.060079 -0.029032 0.000000 -0.058590 0.997045 0.049687 11.776703 0.031931 -0.047875 0.998343 0.000004 0.000000 0.000000 0.000000 1.000000
0.983716 0.145929 0.104919 0.000000 -0.150180 0.988081 0.033784 11.776703 -0.098738 -0.048991 0.993907 0.000004 0.000000 0.000000 0.000000 1.000000
0.983716 0.145929 0.104919 0.000000 -0.150180 0.988081 0.033784 11.776703 -0.098738 -0.048991 0.993907 0.000004 0.000000 0.000000 0.000000 1.000000
0.995969 0.087177 -0.021119 0.000000 -0.088150 0.994818 -0.050658 11.776703 0.016593 0.052315 0.998493 0.000004 0.000000 0.000000 0.000000 1.000000
0.993260 0.047401 -0.105773 0.000000 -0.059469 0.991697 -0.114020 11.776703 0.099490 0.119542 0.987832 0.000004 0.000000 0.000000 0.000000 1.000000
0.988780 0.022991 -0.147601 0.000000 -0.045043 0.987984 -0.147849 11.776703 0.142428 0.152839 0.977934 0.000004 0.000000 0.000000 0.000000 1.000000
0.989903 0.016273 -0.140812 -0.000000 -0.036368 0.989293 -0.141341 11.776703 0.137004 0.145035 0.979895 0.000004 0.000000 0.000000 0.000000 1.000000
0.992028 0.014651 -0.125165 0.000000 -0.030155 0.991962 -0.122888 11.776703 0.122359 0.125683 0.984496 0.000004 0.000000 0.000000 0.000000 1.000000
0.994319 0.014991 -0.105381 0.000000 -0.025471 0.994780 -0.098815 11.776703 0.103350 0.100938 0.989510 0.000004 0.000000 0.000000 0.000000 1.000000
0.996176 0.014155 -0.086211 0.000000 -0.020703 0.996928 -0.075541 11.776703 0.084877 0.077037 0.993409 0.000004 0.000000 0.000000 0.000000 1.000000
0.997759 0.011260 -0.065955 0.000000 -0.014647 0.998586 -0.051097 11.776703 0.065286 0.051949 0.996513 0.000004 0.000000 0.000000 0.000000 1.000000
0.998992 0.008148 -0.044133 -0.000000 -0.009236 0.999657 -0.024506 11.776703 0.043918 0.024889 0.998725 0.000004 0.000000 0.000000 0.000000 1.000000
0.999671 0.005434 -0.025076 0.000000 -0.005463 0.999984 -0.001099 11.776703 0.025070 0.001236 0.999685 0.000004 0.000000 0.000000 0.000000 1.000000
0.999953 0.004099 -0.008830 0.000000 -0.004205 0.999919 -0.011990 11.776703 0.008780 0.012027 0.999889 0.000004 0.000000 0.000000 0.000000 1.000000
0.999994 0.003515 0.000053 -0.000000 -0.003513 0.999734 -0.022798 11.776703 -0.000133 0.022798 0.999740 0.000004 0.000000 0.000000 0.000000 1.000000
0.999994 0.003478 0.000055 0.000000 -0.003476 0.999739 -0.022588 11.776703 -0.000134 0.022588 0.999745 0.000004 0.000000 0.000000 0.000000 1.000000
0.999994 0.003453 0.000054 0.000000 -0.003451 0.999751 -0.022063 11.776703 -0.000130 0.022063 0.999757 0.000004 0.000000 0.000000 0.000000 1.000000
0.999994 0.003438 0.000051 0.000000 -0.003436 0.999765 -0.021382 11.776703 -0.000124 0.021382 0.999771 0.000004 0.000000 0.000000 0.000000 1.000000
0.999994 0.003430 0.000047 0.000000 -0.003428 0.999780 -0.020700 11.776703 -0.000118 0.020700 0.999786 0.000004 0.000000 0.000000 0.000000 1.000000
0.999994 0.003427 0.000044 0.000000 -0.003425 0.999791 -0.020176 11.776703 -0.000113 0.020176 0.999796 0.000004 0.000000 0.000000 0.000000 1.000000</float_array><technique_common><accessor source="#BatRig_Spine2-Matrix-animation-output-transform-array" count="25" stride="16"><param type="float4x4"/></accessor></technique_common></source><source id="BatRig_Spine2-Interpolations"><Name_array id="BatRig_Spine2-Interpolations-array" count="25">
 LINEAR LINEAR LINEAR LINEAR LINEAR LINEAR LINEAR LINEAR LINEAR LINEAR LINEAR
LINEAR LINEAR LINEAR LINEAR LINEAR LINEAR LINEAR LINEAR LINEAR LINEAR LINEAR LINEAR
