<?xml version="1.0" encoding="utf-8"?>
<COLLADA xmlns="http://www.collada.org/2005/11/COLLADASchema" version="1.4.1">
  <asset><contributor><author></author><authoring_tool>FBX COLLADA exporter</authoring_tool><comments></comments></contributor><created>2017-08-30T19:27:12Z</created><keywords></keywords><modified>2017-08-30T19:27:12Z</modified><revision></revision><subject></subject><title></title><unit meter="0.010000" name="centimeter"></unit><up_axis>Y_UP</up_axis></asset>
  <library_animations>
    <animation id="BatRig_Reference-anim" name="BatRig_Reference"><animation><source id="BatRig_Reference-Matrix-animation-input"><float_array id="BatRig_Reference-Matrix-animation-input-array" count="18">

0.000000 0.041667 0.083333 0.125000 0.166667 0.208333 0.250000 0.291667 0.333333 0.375000 0.416667 0.458333 0.500000 0.541667 0.583333 0.625000
0.666667 0.708333</float_array><technique_common><accessor source="#BatRig_Reference-Matrix-animation-input-array" count="18"><param name="TIME" type="float"/></accessor></technique_common></source><source id="BatRig_Reference-Matrix-animation-output-transform"><float_array id="BatRig_Reference-Matrix-animation-output-transform-array" count="288">

1.000000 0.000000 0.000000 5.275562 0.000000 1.000000 0.000000 0.000000 0.000000 0.000000 1.000000 3.215314 0.000000 0.000000 0.000000 1.000000
1.000000 0.000000 0.000000 5.275562 0.000000 1.000000 0.000000 0.000000 0.000000 0.000000 1.000000 3.215314 0.000000 0.000000 0.000000 1.000000
1.000000 0.000000 0.000000 11.310913 0.000000 1.000000 0.000000 0.000000 0.000000 0.000000 1.000000 9.796796 0.000000 0.000000 0.000000 1.000000
1.000000 0.000000 0.000000 17.595493 0.000000 1.000000 0.000000 0.000000 0.000000 0.000000 1.000000 17.819447 0.000000 0.000000 0.000000 1.000000
1.000000 0.000000 0.000000 23.406246 0.000000 1.000000 0.000000 0.000000 0.000000 0.000000 1.000000 24.877689 0.000000 0.000000 0.000000 1.000000
1.000000 0.000000 0.000000 26.878887 0.000000 1.000000 0.000000 0.000000 0.000000 0.000000 1.000000 29.354153 0.000000 0.000000 0.000000 1.000000
1.000000 0.000000 0.000000 35.623455 0.000000 1.000000 0.000000 0.000000 0.000000 0.000000 1.000000 44.617378 0.000000 0.000000 0.000000 1.000000
1.000000 0.000000 0.000000 49.847176 0.000000 1.000000 0.000000 0.000000 0.000000 0.000000 1.000000 55.413662 0.000000 0.000000 0.000000 1.000000
1.000000 0.000000 0.000000 51.475807 0.000000 1.000000 0.000000 0.000000 0.000000 0.000000 1.000000 59.014645 0.000000 0.000000 0.000000 1.000000
1.000000 0.000000 0.000000 55.661160 0.000000 1.000000 0.000000 0.000000 0.000000 0.000000 1.000000 61.639931 0.000000 0.000000 0.000000 1.000000
1.000000 0.000000 0.000000 60.390320 0.000000 1.000000 0.000000 0.000000 0.000000 0.000000 1.000000 64.261780 0.000000 0.000000 0.000000 1.000000
1.000000 0.000000 0.000000 66.145897 0.000000 1.000000 0.000000 0.000000 0.000000 0.000000 1.000000 69.646904 0.000000 0.000000 0.000000 1.000000
1.000000 0.000000 0.000000 74.600029 0.000000 1.000000 0.000000 0.000000 0.000000 0.000000 1.000000 82.755104 0.000000 0.000000 0.000000 1.000000
1.000000 0.000000 0.000000 83.626099 0.000000 1.000000 0.000000 0.000000 0.000000 0.000000 1.000000 97.461975 0.000000 0.000000 0.000000 1.000000
1.000000 0.000000 0.000000 90.468788 0.000000 1.000000 0.000000 0.000000 0.000000 0.000000 1.000000 108.003418 0.000000 0.000000 0.000000 1.000000
1.000000 0.000000 0.000000 96.440689 0.000000 1.000000 0.000000 0.000000 0.000000 0.000000 1.000000 113.192902 0.000000 0.000000 0.000000 1.000000
1.000000 0.000000 0.000000 101.090309 0.000000 1.000000 0.000000 0.000000 0.000000 0.000000 1.000000 113.209358 0.000000 0.000000 0.000000 1.000000
1.000000 0.000000 0.000000 101.090309 0.000000 1.000000 0.000000 0.000000 0.000000 0.000000 1.000000 113.209358 0.000000 0.000000 0.000000 1.000000</float_array><technique_common><accessor source="#BatRig_Reference-Matrix-animation-output-transform-array" count="18" stride="16"><param type="float4x4"/></accessor></technique_common></source><source id="BatRig_Reference-Interpolations"><Name_array id="BatRig_Reference-Interpolations-array" count="18">
 LINEAR LINEAR LINEAR LINEAR LINEAR LINEAR LINEAR LINEAR LINEAR LINEAR LINEAR
LINEAR LINEAR LINEAR LINEAR LINEAR LINEAR LINEAR</Name_array><technique_common><accessor source="#BatRig_Reference-Interpolations-array" count="18"><param type="name"/></accessor></technique_common></source><sampler id="BatRig_Reference-Matrix-animation-transform"><input semantic="INPUT" source="#BatRig_Reference-Matrix-animation-input"/><input semantic="OUTPUT" source="#BatRig_Reference-Matrix-animation-output-transform"/><input semantic="INTERPOLATION" source="#BatRig_Reference-Interpolations"/></sampler><channel source="#BatRig_Reference-Matrix-animation-transform" target="BatRig_Reference/matrix"/></animation><animation><source id="BatRig_Reference-visibility-animation-input"><float_array id="BatRig_Reference-visibility-animation-input-array" count="18">

0.000000 0.041667 0.083333 0.125000 0.166667 0.208333 0.250000 0.291667 0.333333 0.375000 0.416667 0.458333 0.500000 0.541667 0.583333 0.625000
0.666667 0.708333</float_array><technique_common><accessor source="#BatRig_Reference-visibility-animation-input-array" count="18"><param name="TIME" type="float"/></accessor></technique_common></source><source id="BatRig_Reference-visibility-animation-output"><float_array id="BatRig_Reference-visibility-animation-output-array" count="18">

1.000000 1.000000 1.000000 1.000000 1.000000 1.000000 1.000000 1.000000 1.000000 1.000000 1.000000 1.000000 1.000000 1.000000 1.000000 1.000000
1.000000 1.000000</float_array><technique_common><accessor source="#BatRig_Reference-visibility-animation-output-array" count="18"><param type="float"/></accessor></technique_common></source><source id="BatRig_Reference-visibility-animation-intan"><float_array id="BatRig_Reference-visibility-animation-intan-array" count="18">

0.000000 0.000000 0.000000 0.000000 0.000000 0.000000 0.000000 0.000000 0.000000 0.000000 0.000000 0.000000 0.000000 0.000000 0.000000 0.000000
0.000000 0.000000</float_array><technique_common><accessor source="#BatRig_Reference-visibility-animation-intan-array" count="18"><param type="float"/></accessor></technique_common></source><source id="BatRig_Reference-visibility-animation-outtan"><float_array id="BatRig_Reference-visibility-animation-outtan-array" count="18">

0.000000 0.000000 0.000000 0.000000 0.000000 0.000000 0.000000 0.000000 0.000000 0.000000 0.000000 0.000000 0.000000 0.000000 0.000000 0.000000
0.000000 0.000000</float_array><technique_common><accessor source="#BatRig_Reference-visibility-animation-outtan-array" count="18"><param type="float"/></accessor></technique_common></source><source id="BatRig_Reference-visibility-animation-interpolation"><Name_array id="BatRig_Reference-visibility-animation-interpolation-array" count="18">
 STEP STEP STEP STEP STEP STEP STEP STEP STEP STEP STEP STEP STEP STEP STEP STEP STEP
BEZIER</Name_array><technique_common><accessor source="#BatRig_Reference-visibility-animation-interpolation-array" count="18"><param type="name"/></accessor></technique_common></source><sampler id="BatRig_Reference-visibility-animation"><input semantic="INPUT" source="#BatRig_Reference-visibility-animation-input"/><input semantic="OUTPUT" source="#BatRig_Reference-visibility-animation-output"/><input semantic="IN_TANGENT" source="#BatRig_Reference-visibility-animation-intan"/><input semantic="OUT_TANGENT" source="#BatRig_Reference-visibility-animation-outtan"/><input semantic="INTERPOLATION" source="#BatRig_Reference-visibility-animation-interpolation"/></sampler><channel source="#BatRig_Reference-visibility-animation" target="BatRig_Reference/visibility"/></animation></animation>
    <animation id="BatRig_Hips-anim" name="BatRig_Hips"><animation><source id="BatRig_Hips-Matrix-animation-input"><float_array id="BatRig_Hips-Matrix-animation-input-array" count="18">

0.000000 0.041667 0.083333 0.125000 0.166667 0.208333 0.250000 0.291667 0.333333 0.375000 0.416667 0.458333 0.500000 0.541667 0.583333 0.625000
0.666667 0.708333</float_array><technique_common><accessor source="#BatRig_Hips-Matrix-animation-input-array" count="18"><param name="TIME" type="float"/></accessor></technique_common></source><source id="BatRig_Hips-Matrix-animation-output-transform"><float_array id="BatRig_Hips-Matrix-animation-output-transform-array" count="288">

0.687551 0.056632 0.723924 0.000000 0.081058 0.984737 -0.154021 77.480797 -0.721598 0.164577 0.672466 0.000000 0.000000 0.000000 0.000000 1.000000
0.687551 0.056632 0.723924 0.000000 0.081058 0.984737 -0.154021 77.480797 -0.721598 0.164577 0.672466 0.000000 0.000000 0.000000 0.000000 1.000000
0.670973 0.069882 0.738182 0.000000 0.079993 0.982916 -0.165761 80.859657 -0.737155 0.170270 0.653920 0.000000 0.000000 0.000000 0.000000 1.000000
0.649803 0.084493 0.755392 0.000000 0.079599 0.980774 -0.178175 84.237572 -0.755924 0.175907 0.630584 0.000000 0.000000 0.000000 0.000000 1.000000
0.629743 0.097269 0.770690 0.000000 0.080265 0.978671 -0.189104 85.768486 -0.772646 0.180946 0.608504 0.000000 0.000000 0.000000 0.000000 1.000000
0.609624 0.102035 0.786096 0.000000 0.083581 0.977879 -0.191747 84.350777 -0.788272 0.182596 0.587610 0.000000 0.000000 0.000000 0.000000 1.000000
0.591813 0.087199 0.801345 0.000000 0.089588 0.980857 -0.172896 81.370827 -0.801081 0.174113 0.572672 0.000000 0.000000 0.000000 0.000000 1.000000
0.574461 0.055818 0.816627 0.000000 0.096042 0.986184 -0.134970 73.457825 -0.812878 0.155965 0.561163 0.000000 0.000000 0.000000 0.000000 1.000000
0.558143 0.024629 0.829379 0.000000 0.100646 0.990169 -0.097135 72.574348 -0.823618 0.137689 0.550177 0.000000 0.000000 0.000000 0.000000 1.000000
0.569487 0.032503 0.821357 0.000000 0.099098 0.989215 -0.107855 73.408401 -0.816005 0.142817 0.560124 0.000000 0.000000 0.000000 0.000000 1.000000
0.593667 0.049104 0.803211 0.000000 0.095322 0.986818 -0.130782 75.518791 -0.799045 0.154205 0.581161 0.000000 0.000000 0.000000 0.000000 1.000000
0.616538 0.063901 0.784728 0.000000 0.091808 0.984067 -0.152264 78.318466 -0.781954 0.165921 0.600848 0.000000 0.000000 0.000000 0.000000 1.000000
0.633919 0.071780 0.770062 0.000000 0.092182 0.981573 -0.167380 83.558945 -0.767887 0.177091 0.615621 0.000000 0.000000 0.000000 0.000000 1.000000
0.649114 0.076633 0.756821 0.000000 0.093800 0.979256 -0.179607 87.320694 -0.754886 0.187575 0.628461 0.000000 0.000000 0.000000 0.000000 1.000000
0.662060 0.080042 0.745165 0.000000 0.094920 0.977318 -0.189312 81.653763 -0.743416 0.196067 0.639446 0.000000 0.000000 0.000000 0.000000 1.000000
0.670999 0.081279 0.736990 0.000000 0.094976 0.976363 -0.194150 75.940704 -0.735351 0.200271 0.647419 0.000000 0.000000 0.000000 0.000000 1.000000
0.673807 0.061287 0.736362 0.000000 0.089316 0.982492 -0.163501 75.932602 -0.733490 0.175937 0.656536 0.000000 0.000000 0.000000 0.000000 1.000000
0.673807 0.061287 0.736362 0.000000 0.089316 0.982492 -0.163501 75.932602 -0.733490 0.175937 0.656536 0.000000 0.000000 0.000000 0.000000 1.000000</float_array><technique_common><accessor source="#BatRig_Hips-Matrix-animation-output-transform-array" count="18" stride="16"><param type="float4x4"/></accessor></technique_common></source><source id="BatRig_Hips-Interpolations"><Name_array id="BatRig_Hips-Interpolations-array" count="18">
 LINEAR LINEAR LINEAR LINEAR LINEAR LINEAR LINEAR LINEAR LINEAR LINEAR LINEAR
LINEAR LINEAR LINEAR LINEAR LINEAR LINEAR LINEAR</Name_array><technique_common><accessor source="#BatRig_Hips-Interpolations-array" count="18"><param type="name"/></accessor></technique_common></source><sampler id="BatRig_Hips-Matrix-animation-transform"><input semantic="INPUT" source="#BatRig_Hips-Matrix-animation-input"/><input semantic="OUTPUT" source="#BatRig_Hips-Matrix-animation-output-transform"/><input semantic="INTERPOLATION" source="#BatRig_Hips-Interpolations"/></sampler><channel source="#BatRig_Hips-Matrix-animation-transform" target="BatRig_Hips/matrix"/></animation><animation><source id="BatRig_Hips-visibility-animation-input"><float_array id="BatRig_Hips-visibility-animation-input-array" count="18">

0.000000 0.041667 0.083333 0.125000 0.166667 0.208333 0.250000 0.291667 0.333333 0.375000 0.416667 0.458333 0.500000 0.541667 0.583333 0.625000
0.666667 0.708333</float_array><technique_common><accessor source="#BatRig_Hips-visibility-animation-input-array" count="18"><param name="TIME" type="float"/></accessor></technique_common></source><source id="BatRig_Hips-visibility-animation-output"><float_array id="BatRig_Hips-visibility-animation-output-array" count="18">

1.000000 1.000000 1.000000 1.000000 1.000000 1.000000 1.000000 1.000000 1.000000 1.000000 1.000000 1.000000 1.000000 1.000000 1.000000 1.000000
1.000000 1.000000</float_array><technique_common><accessor source="#BatRig_Hips-visibility-animation-output-array" count="18"><param type="float"/></accessor></technique_common></source><source id="BatRig_Hips-visibility-animation-intan"><float_array id="BatRig_Hips-visibility-animation-intan-array" count="18">

0.000000 0.000000 0.000000 0.000000 0.000000 0.000000 0.000000 0.000000 0.000000 0.000000 0.000000 0.000000 0.000000 0.000000 0.000000 0.000000
0.000000 0.000000</float_array><technique_common><accessor source="#BatRig_Hips-visibility-animation-intan-array" count="18"><param type="float"/></accessor></technique_common></source><source id="BatRig_Hips-visibility-animation-outtan"><float_array id="BatRig_Hips-visibility-animation-outtan-array" count="18">

0.000000 0.000000 0.000000 0.000000 0.000000 0.000000 0.000000 0.000000 0.000000 0.000000 0.000000 0.000000 0.000000 0.000000 0.000000 0.000000
0.000000 0.000000</float_array><technique_common><accessor source="#BatRig_Hips-visibility-animation-outtan-array" count="18"><param type="float"/></accessor></technique_common></source><source id="BatRig_Hips-visibility-animation-interpolation"><Name_array id="BatRig_Hips-visibility-animation-interpolation-array" count="18">
 STEP STEP STEP STEP STEP STEP STEP STEP STEP STEP STEP STEP STEP STEP STEP STEP STEP
BEZIER</Name_array><technique_common><accessor source="#BatRig_Hips-visibility-animation-interpolation-array" count="18"><param type="name"/></accessor></technique_common></source><sampler id="BatRig_Hips-visibility-animation"><input semantic="INPUT" source="#BatRig_Hips-visibility-animation-input"/><input semantic="OUTPUT" source="#BatRig_Hips-visibility-animation-output"/><input semantic="IN_TANGENT" source="#BatRig_Hips-visibility-animation-intan"/><input semantic="OUT_TANGENT" source="#BatRig_Hips-visibility-animation-outtan"/><input semantic="INTERPOLATION" source="#BatRig_Hips-visibility-animation-interpolation"/></sampler><channel source="#BatRig_Hips-visibility-animation" target="BatRig_Hips/visibility"/></animation></animation>
    <animation id="BatRig_Spine-anim" name="BatRig_Spine"><animation><source id="BatRig_Spine-Matrix-animation-input"><float_array id="BatRig_Spine-Matrix-animation-input-array" count="18">

0.000000 0.041667 0.083333 0.125000 0.166667 0.208333 0.250000 0.291667 0.333333 0.375000 0.416667 0.458333 0.500000 0.541667 0.583333 0.625000
0.666667 0.708333</float_array><technique_common><accessor source="#BatRig_Spine-Matrix-animation-input-array" count="18"><param name="TIME" type="float"/></accessor></technique_common></source><source id="BatRig_Spine-Matrix-animation-output-transform"><float_array id="BatRig_Spine-Matrix-animation-output-transform-array" count="288">

0.987523 0.146554 -0.057623 -0.000004 -0.142088 0.986994 0.075192 3.725675 0.067893 -0.066066 0.995503 0.000005 0.000000 0.000000 0.000000 1.000000
0.987523 0.146554 -0.057623 -0.000004 -0.142088 0.986994 0.075192 3.725675 0.067893 -0.066066 0.995503 0.000005 0.000000 0.000000 0.000000 1.000000
0.986198 0.147798 -0.074623 -0.000004 -0.141361 0.986282 0.085239 3.725675 0.086198 -0.073514 0.993562 0.000005 0.000000 0.000000 0.000000 1.000000
0.985052 0.148289 -0.087651 -0.000004 -0.140209 0.985828 0.092115 3.725675 0.100068 -0.078449 0.991883 0.000005 0.000000 0.000000 0.000000 1.000000
0.984005 0.148658 -0.098158 -0.000004 -0.139109 0.985428 0.097877 3.725675 0.111278 -0.082657 0.990346 0.000005 0.000000 0.000000 0.000000 1.000000
0.983586 0.148597 -0.102364 -0.000004 -0.139126 0.985785 0.094196 3.725675 0.114906 -0.078408 0.990277 0.000005 0.000000 0.000000 0.000000 1.000000
0.983468 0.148570 -0.103527 -0.000004 -0.139487 0.986118 0.090085 3.725675 0.115474 -0.074155 0.990539 0.000005 0.000000 0.000000 0.000000 1.000000
0.983187 0.148973 -0.105595 -0.000004 -0.140237 0.986388 0.085859 3.725675 0.116948 -0.069607 0.990696 0.000005 0.000000 0.000000 0.000000 1.000000
0.982921 0.149473 -0.107348 -0.000004 -0.141230 0.986681 0.080708 3.725675 0.117982 -0.064169 0.990940 0.000005 0.000000 0.000000 0.000000 1.000000
0.982777 0.149890 -0.108084 -0.000004 -0.142127 0.986903 0.076309 3.725675 0.118106 -0.059633 0.991209 0.000005 0.000000 0.000000 0.000000 1.000000
0.983392 0.149282 -0.103224 -0.000004 -0.141603 0.986835 0.078138 3.725675 0.113530 -0.062223 0.991584 0.000005 0.000000 0.000000 0.000000 1.000000
0.984630 0.148594 -0.091778 -0.000004 -0.141507 0.986743 0.079457 3.725675 0.102368 -0.065249 0.992604 0.000005 0.000000 0.000000 0.000000 1.000000
0.985879 0.147947 -0.078451 -0.000004 -0.141653 0.986636 0.080520 3.725675 0.089315 -0.068270 0.993661 0.000005 0.000000 0.000000 0.000000 1.000000
0.986620 0.147570 -0.069314 -0.000004 -0.141945 0.986629 0.080088 3.725675 0.080206 -0.069178 0.994375 0.000005 0.000000 0.000000 0.000000 1.000000
0.987181 0.147272 -0.061512 -0.000004 -0.142261 0.986658 0.079164 3.725675 0.072350 -0.069398 0.994962 0.000005 0.000000 0.000000 0.000000 1.000000
0.987525 0.147089 -0.056205 -0.000004 -0.142623 0.986809 0.076600 3.725675 0.066731 -0.067628 0.995476 0.000005 0.000000 0.000000 0.000000 1.000000
0.988060 0.146224 -0.048547 -0.000004 -0.142606 0.987222 0.071107 3.725675 0.058324 -0.063335 0.996287 0.000005 0.000000 0.000000 0.000000 1.000000
0.988060 0.146224 -0.048547 -0.000004 -0.142606 0.987222 0.071107 3.725675 0.058324 -0.063335 0.996287 0.000005 0.000000 0.000000 0.000000 1.000000</float_array><technique_common><accessor source="#BatRig_Spine-Matrix-animation-output-transform-array" count="18" stride="16"><param type="float4x4"/></accessor></technique_common></source><source id="BatRig_Spine-Interpolations"><Name_array id="BatRig_Spine-Interpolations-array" count="18">
 LINEAR LINEAR LINEAR LINEAR LINEAR LINEAR LINEAR LINEAR LINEAR LINEAR LINEAR
LINEAR LINEAR LINEAR LINEAR LINEAR LINEAR LINEAR</Name_array><technique_common><accessor source="#BatRig_Spine-Interpolations-array" count="18"><param type="name"/></accessor></technique_common></source><sampler id="BatRig_Spine-Matrix-animation-transform"><input semantic="INPUT" source="#BatRig_Spine-Matrix-animation-input"/><input semantic="OUTPUT" source="#BatRig_Spine-Matrix-animation-output-transform"/><input semantic="INTERPOLATION" source="#BatRig_Spine-Interpolations"/></sampler><channel source="#BatRig_Spine-Matrix-animation-transform" target="BatRig_Spine/matrix"/></animation><animation><source id="BatRig_Spine-visibility-animation-input"><float_array id="BatRig_Spine-visibility-animation-input-array" count="18">

0.000000 0.041667 0.083333 0.125000 0.166667 0.208333 0.250000 0.291667 0.333333 0.375000 0.416667 0.458333 0.500000 0.541667 0.583333 0.625000
0.666667 0.708333</float_array><technique_common><accessor source="#BatRig_Spine-visibility-animation-input-array" count="18"><param name="TIME" type="float"/></accessor></technique_common></source><source id="BatRig_Spine-visibility-animation-output"><float_array id="BatRig_Spine-visibility-animation-output-array" count="18">

1.000000 1.000000 1.000000 1.000000 1.000000 1.000000 1.000000 1.000000 1.000000 1.000000 1.000000 1.000000 1.000000 1.000000 1.000000 1.000000
1.000000 1.000000</float_array><technique_common><accessor source="#BatRig_Spine-visibility-animation-output-array" count="18"><param type="float"/></accessor></technique_common></source><source id="BatRig_Spine-visibility-animation-intan"><float_array id="BatRig_Spine-visibility-animation-intan-array" count="18">

0.000000 0.000000 0.000000 0.000000 0.000000 0.000000 0.000000 0.000000 0.000000 0.000000 0.000000 0.000000 0.000000 0.000000 0.000000 0.000000
0.000000 0.000000</float_array><technique_common><accessor source="#BatRig_Spine-visibility-animation-intan-array" count="18"><param type="float"/></accessor></technique_common></source><source id="BatRig_Spine-visibility-animation-outtan"><float_array id="BatRig_Spine-visibility-animation-outtan-array" count="18">

0.000000 0.000000 0.000000 0.000000 0.000000 0.000000 0.000000 0.000000 0.000000 0.000000 0.000000 0.000000 0.000000 0.000000 0.000000 0.000000
0.000000 0.000000</float_array><technique_common><accessor source="#BatRig_Spine-visibility-animation-outtan-array" count="18"><param type="float"/></accessor></technique_common></source><source id="BatRig_Spine-visibility-animation-interpolation"><Name_array id="BatRig_Spine-visibility-animation-interpolation-array" count="18">
 STEP STEP STEP STEP STEP STEP STEP STEP STEP STEP STEP STEP STEP STEP STEP STEP STEP
BEZIER</Name_array><technique_common><accessor source="#BatRig_Spine-visibility-animation-interpolation-array" count="18"><param type="name"/></accessor></technique_common></source><sampler id="BatRig_Spine-visibility-animation"><input semantic="INPUT" source="#BatRig_Spine-visibility-animation-input"/><input semantic="OUTPUT" source="#BatRig_Spine-visibility-animation-output"/><input semantic="IN_TANGENT" source="#BatRig_Spine-visibility-animation-intan"/><input semantic="OUT_TANGENT" source="#BatRig_Spine-visibility-animation-outtan"/><input semantic="INTERPOLATION" source="#BatRig_Spine-visibility-animation-interpolation"/></sampler><channel source="#BatRig_Spine-visibility-animation" target="BatRig_Spine/visibility"/></animation></animation>
    <animation id="BatRig_Spine1-anim" name="BatRig_Spine1"><animation><source id="BatRig_Spine1-Matrix-animation-input"><float_array id="BatRig_Spine1-Matrix-animation-input-array" count="18">

0.000000 0.041667 0.083333 0.125000 0.166667 0.208333 0.250000 0.291667 0.333333 0.375000 0.416667 0.458333 0.500000 0.541667 0.583333 0.625000
0.666667 0.708333</float_array><technique_common><accessor source="#BatRig_Spine1-Matrix-animation-input-array" count="18"><param name="TIME" type="float"/></accessor></technique_common></source><source id="BatRig_Spine1-Matrix-animation-output-transform"><float_array id="BatRig_Spine1-Matrix-animation-output-transform-array" count="288">

0.999834 -0.010339 -0.015033 0.000003 0.009758 0.999222 -0.038206 10.999828 0.015416 0.038053 0.999157 -0.000004 0.000000 0.000000 0.000000 1.000000
0.999834 -0.010339 -0.015033 0.000003 0.009758 0.999222 -0.038206 10.999828 0.015416 0.038053 0.999157 -0.000004 0.000000 0.000000 0.000000 1.000000
0.998550 -0.011203 -0.052648 0.000003 0.009602 0.999487 -0.030568 10.999828 0.052963 0.030018 0.998145 -0.000004 0.000000 0.000000 0.000000 1.000000
0.996682 -0.012572 -0.080417 0.000003 0.010931 0.999724 -0.020814 10.999828 0.080656 0.019866 0.996544 -0.000004 0.000000 0.000000 0.000000 1.000000
0.994836 -0.013897 -0.100535 0.000003 0.012699 0.999841 -0.012550 10.999828 0.100693 0.011209 0.994854 -0.000004 0.000000 0.000000 0.000000 1.000000
0.994123 -0.013661 -0.107393 0.000003 0.011458 0.999712 -0.021102 10.999828 0.107650 0.019747 0.993993 -0.000004 0.000000 0.000000 0.000000 1.000000
0.993934 -0.013313 -0.109166 0.000003 0.010142 0.999512 -0.029553 10.999828 0.109506 0.028267 0.993584 -0.000004 0.000000 0.000000 0.000000 1.000000
0.993678 -0.011403 -0.111689 0.000003 0.007184 0.999248 -0.038101 10.999828 0.112040 0.037058 0.993012 -0.000004 0.000000 0.000000 0.000000 1.000000
0.993496 -0.009104 -0.113498 0.000003 0.003629 0.998824 -0.048349 10.999828 0.113805 0.047623 0.992361 -0.000004 0.000000 0.000000 0.000000 1.000000
0.993434 -0.007151 -0.114181 0.000003 0.000659 0.998386 -0.056794 10.999828 0.114403 0.056346 0.991835 -0.000004 0.000000 0.000000 0.000000 1.000000
0.994464 -0.007825 -0.104787 0.000003 0.002387 0.998648 -0.051920 10.999828 0.105052 0.051382 0.993138 -0.000004 0.000000 0.000000 0.000000 1.000000
0.996547 -0.008545 -0.082591 0.000003 0.004737 0.998921 -0.046191 10.999828 0.082897 0.045640 0.995512 -0.000004 0.000000 0.000000 0.000000 1.000000
0.998354 -0.009127 -0.056621 0.000003 0.006844 0.999160 -0.040392 10.999828 0.056942 0.039938 0.997578 -0.000004 0.000000 0.000000 0.000000 1.000000
0.999216 -0.009341 -0.038462 0.000003 0.007851 0.999219 -0.038719 10.999828 0.038794 0.038387 0.998510 -0.000004 0.000000 0.000000 0.000000 1.000000
0.999696 -0.009411 -0.022783 0.000003 0.008534 0.999230 -0.038299 10.999828 0.023126 0.038093 0.999007 -0.000004 0.000000 0.000000 0.000000 1.000000
0.999888 -0.009380 -0.011694 0.000003 0.008881 0.999076 -0.042044 10.999828 0.012078 0.041935 0.999047 -0.000004 0.000000 0.000000 0.000000 1.000000
0.999942 -0.009630 0.004834 0.000003 0.009832 0.999001 -0.043600 10.999828 -0.004409 0.043645 0.999037 -0.000004 0.000000 0.000000 0.000000 1.000000
0.999942 -0.009630 0.004834 0.000003 0.009832 0.999001 -0.043600 10.999828 -0.004409 0.043645 0.999037 -0.000004 0.000000 0.000000 0.000000 1.000000</float_array><technique_common><accessor source="#BatRig_Spine1-Matrix-animation-output-transform-array" count="18" stride="16"><param type="float4x4"/></accessor></technique_common></source><source id="BatRig_Spine1-Interpolations"><Name_array id="BatRig_Spine1-Interpolations-array" count="18">
 LINEAR LINEAR LINEAR LINEAR LINEAR LINEAR LINEAR LINEAR LINEAR LINEAR LINEAR
LINEAR LINEAR LINEAR LINEAR LINEAR LINEAR LINEAR</Name_array><technique_common><accessor source="#BatRig_Spine1-Interpolations-array" count="18"><param type="name"/></accessor></technique_common></source><sampler id="BatRig_Spine1-Matrix-animation-transform"><input semantic="INPUT" source="#BatRig_Spine1-Matrix-animation-input"/><input semantic="OUTPUT" source="#BatRig_Spine1-Matrix-animation-output-transform"/><input semantic="INTERPOLATION" source="#BatRig_Spine1-Interpolations"/></sampler><channel source="#BatRig_Spine1-Matrix-animation-transform" target="BatRig_Spine1/matrix"/></animation><animation><source id="BatRig_Spine1-visibility-animation-input"><float_array id="BatRig_Spine1-visibility-animation-input-array" count="18">

0.000000 0.041667 0.083333 0.125000 0.166667 0.208333 0.250000 0.291667 0.333333 0.375000 0.416667 0.458333 0.500000 0.541667 0.583333 0.625000
0.666667 0.708333</float_array><technique_common><accessor source="#BatRig_Spine1-visibility-animation-input-array" count="18"><param name="TIME" type="float"/></accessor></technique_common></source><source id="BatRig_Spine1-visibility-animation-output"><float_array id="BatRig_Spine1-visibility-animation-output-array" count="18">

1.000000 1.000000 1.000000 1.000000 1.000000 1.000000 1.000000 1.000000 1.000000 1.000000 1.000000 1.000000 1.000000 1.000000 1.000000 1.000000
1.000000 1.000000</float_array><technique_common><accessor source="#BatRig_Spine1-visibility-animation-output-array" count="18"><param type="float"/></accessor></technique_common></source><source id="BatRig_Spine1-visibility-animation-intan"><float_array id="BatRig_Spine1-visibility-animation-intan-array" count="18">

0.000000 0.000000 0.000000 0.000000 0.000000 0.000000 0.000000 0.000000 0.000000 0.000000 0.000000 0.000000 0.000000 0.000000 0.000000 0.000000
0.000000 0.000000</float_array><technique_common><accessor source="#BatRig_Spine1-visibility-animation-intan-array" count="18"><param type="float"/></accessor></technique_common></source><source id="BatRig_Spine1-visibility-animation-outtan"><float_array id="BatRig_Spine1-visibility-animation-outtan-array" count="18">

0.000000 0.000000 0.000000 0.000000 0.000000 0.000000 0.000000 0.000000 0.000000 0.000000 0.000000 0.000000 0.000000 0.000000 0.000000 0.000000
0.000000 0.000000</float_array><technique_common><accessor source="#BatRig_Spine1-visibility-animation-outtan-array" count="18"><param type="float"/></accessor></technique_common></source><source id="BatRig_Spine1-visibility-animation-interpolation"><Name_array id="BatRig_Spine1-visibility-animation-interpolation-array" count="18">
 STEP STEP STEP STEP STEP STEP STEP STEP STEP STEP STEP STEP STEP STEP STEP STEP STEP
BEZIER</Name_array><technique_common><accessor source="#BatRig_Spine1-visibility-animation-interpolation-array" count="18"><param type="name"/></accessor></technique_common></source><sampler id="BatRig_Spine1-visibility-animation"><input semantic="INPUT" source="#BatRig_Spine1-visibility-animation-input"/><input semantic="OUTPUT" source="#BatRig_Spine1-visibility-animation-output"/><input semantic="IN_TANGENT" source="#BatRig_Spine1-visibility-animation-intan"/><input semantic="OUT_TANGENT" source="#BatRig_Spine1-visibility-animation-outtan"/><input semantic="INTERPOLATION" source="#BatRig_Spine1-visibility-animation-interpolation"/></sampler><channel source="#BatRig_Spine1-visibility-animation" target="BatRig_Spine1/visibility"/></animation></animation>
    <animation id="BatRig_Spine2-anim" name="BatRig_Spine2"><animation><source id="BatRig_Spine2-Matrix-animation-input"><float_array id="BatRig_Spine2-Matrix-animation-input-array" count="18">

0.000000 0.041667 0.083333 0.125000 0.166667 0.208333 0.250000 0.291667 0.333333 0.375000 0.416667 0.458333 0.500000 0.541667 0.583333 0.625000
0.666667 0.708333</float_array><technique_common><accessor source="#BatRig_Spine2-Matrix-animation-input-array" count="18"><param name="TIME" type="float"/></accessor></technique_common></source><source id="BatRig_Spine2-Matrix-animation-output-transform"><float_array id="BatRig_Spine2-Matrix-animation-output-transform-array" count="288">

0.999808 -0.013707 -0.014028 0.000001 0.013152 0.999155 -0.038950 11.776699 0.014550 0.038758 0.999143 0.000003 0.000000 0.000000 0.000000 1.000000
0.999808 -0.013707 -0.014028 0.000001 0.013152 0.999155 -0.038950 11.776699 0.014550 0.038758 0.999143 0.000003 0.000000 0.000000 0.000000 1.000000
0.998522 -0.017774 -0.051369 0.000001 0.016170 0.999374 -0.031482 11.776699 0.051896 0.030605 0.998183 0.000003 0.000000 0.000000 0.000000 1.000000
0.996647 -0.021739 -0.078876 0.000001 0.020057 0.999556 -0.022056 11.776699 0.079320 0.020400 0.996640 0.000003 0.000000 0.000000 0.000000 1.000000
0.994787 -0.024999 -0.098867 0.000001 0.023719 0.999619 -0.014097 11.776699 0.099182 0.011678 0.995001 0.000003 0.000000 0.000000 0.000000 1.000000
0.994069 -0.024572 -0.105938 0.000001 0.022284 0.999493 -0.022726 11.776699 0.106443 0.020230 0.994113 0.000003 0.000000 0.000000 0.000000 1.000000
0.993888 -0.023613 -0.107835 0.000001 0.020359 0.999306 -0.031179 11.776699 0.108496 0.028793 0.993680 0.000003 0.000000 0.000000 0.000000 1.000000
0.993661 -0.020108 -0.110606 0.000001 0.015879 0.999114 -0.038984 11.776699 0.111292 0.036981 0.993099 0.000003 0.000000 0.000000 0.000000 1.000000
0.993507 -0.015815 -0.112668 0.000001 0.010419 0.998777 -0.048325 11.776699 0.113295 0.046837 0.992457 0.000003 0.000000 0.000000 0.000000 1.000000
0.993454 -0.012122 -0.113589 0.000001 0.005780 0.998414 -0.055996 11.776699 0.114088 0.054973 0.991949 0.000003 0.000000 0.000000 0.000000 1.000000
0.994485 -0.012730 -0.104108 0.000001 0.007414 0.998656 -0.051291 11.776699 0.104621 0.050236 0.993243 0.000003 0.000000 0.000000 0.000000 1.000000
0.996568 -0.012470 -0.081837 0.000001 0.008747 0.998917 -0.045699 11.776699 0.082318 0.044826 0.995597 0.000003 0.000000 0.000000 0.000000 1.000000
0.998372 -0.011767 -0.055810 0.000001 0.009540 0.999154 -0.040012 11.776699 0.056234 0.039414 0.997639 0.000003 0.000000 0.000000 0.000000 1.000000
0.999229 -0.011177 -0.037648 0.000001 0.009725 0.999210 -0.038531 11.776699 0.038049 0.038135 0.998548 0.000003 0.000000 0.000000 0.000000 1.000000
0.999701 -0.010679 -0.021977 0.000001 0.009834 0.999221 -0.038209 11.776699 0.022368 0.037981 0.999028 0.000003 0.000000 0.000000 0.000000 1.000000
0.999885 -0.010537 -0.010917 0.000001 0.010068 0.999059 -0.042180 11.776699 0.011351 0.042065 0.999050 0.000003 0.000000 0.000000 0.000000 1.000000
0.999930 -0.010426 0.005606 0.000001 0.010663 0.998972 -0.044048 11.776699 -0.005141 0.044105 0.999014 0.000003 0.000000 0.000000 0.000000 1.000000
0.999930 -0.010426 0.005606 0.000001 0.010663 0.998972 -0.044048 11.776699 -0.005141 0.044105 0.999014 0.000003 0.000000 0.000000 0.000000 1.000000</float_array><technique_common><accessor source="#BatRig_Spine2-Matrix-animation-output-transform-array" count="18" stride="16"><param type="float4x4"/></accessor></technique_common></source><source id="BatRig_Spine2-Interpolations"><Name_array id="BatRig_Spine2-Interpolations-array" count="18">
 LINEAR LINEAR LINEAR LINEAR LINEAR LINEAR LINEAR LINEAR LINEAR LINEAR LINEAR
LINEAR LINEAR LINEAR LINEAR LINEAR LINEAR LINEAR</Name_array><technique_common><accessor source="#BatRig_Spine2-Interpolations-array" count="18"><param type="name"/></accessor></technique_common></source><sampler id="BatRig_Spine2-Matrix-animation-transform"><input semantic="INPUT" source="#BatRig_Spine2-Matrix-animation-input"/><input semantic="OUTPUT" source="#BatRig_Spine2-Matrix-animation-output-transform"/><input semantic="INTERPOLATION" source="#BatRig_Spine2-Interpolations"/></sampler><channel source="#BatRig_Spine2-Matrix-animation-transform" target="BatRig_Spine2/matrix"/></animation><animation><source id="BatRig_Spine2-visibility-animation-input"><float_array id="BatRig_Spine2-visibility-animation-input-array" count="18">

0.000000 0.041667 0.083333 0.125000 0.166667 0.208333 0.250000 0.291667 0.333333 0.375000 0.416667 0.458333 0.500000 0.541667 0.583333 0.625000
0.666667 0.708333</float_array><technique_common><accessor source="#BatRig_Spine2-visibility-animation-input-array" count="18"><param name="TIME" type="float"/></accessor></technique_common></source><source id="BatRig_Spine2-visibility-animation-output"><float_array id="BatRig_Spine2-visibility-animation-output-array" count="18">

1.000000 1.000000 1.000000 1.000000 1.000000 1.000000 1.000000 1.000000 1.000000 1.000000 1.000000 1.000000 1.000000 1.000000 1.000000 1.000000
1.000000 1.000000</float_array><technique_common><accessor source="#BatRig_Spine2-visibility-animation-output-array" count="18"><param type="float"/></accessor></technique_common></source><source id="BatRig_Spine2-visibility-animation-intan"><float_array id="BatRig_Spine2-visibility-animation-intan-array" count="18">

0.000000 0.000000 0.000000 0.000000 0.000000 0.000000 0.000000 0.000000 0.000000 0.000000 0.000000 0.000000 0.000000 0.000000 0.000000 0.000000
0.000000 0.000000</float_array><technique_common><accessor source="#BatRig_Spine2-visibility-animation-intan-array" count="18"><param type="float"/></accessor></technique_common></source><source id="BatRig_Spine2-visibility-animation-outtan"><float_array id="BatRig_Spine2-visibility-animation-outtan-array" count="18">

0.000000 0.000000 0.000000 0.000000 0.000000 0.000000 0.000000 0.000000 0.000000 0.000000 0.000000 0.000000 0.000000 0.000000 0.000000 0.000000
0.000000 0.000000</float_array><technique_common><accessor source="#BatRig_Spine2-visibility-animation-outtan-array" count="18"><param type="float"/></accessor></technique_common></source><source id="BatRig_Spine2-visibility-animation-interpolation"><Name_array id="BatRig_Spine2-visibility-animation-interpolation-array" count="18">
 STEP STEP STEP STEP STEP STEP STEP STEP STEP STEP STEP STEP STEP STEP STEP STEP STEP
BEZIER</Name_array><technique_common><accessor source="#BatRig_Spine2-visibility-animation-interpolation-array" count="18"><param type="name"/></accessor></technique_common></source><sampler id="BatRig_Spine2-visibility-animation"><input semantic="INPUT" source="#BatRig_Spine2-visibility-animation-input"/><input semantic="OUTPUT" source="#BatRig_Spine2-visibility-animation-output"/><input semantic="IN_TANGENT" source="#BatRig_Spine2-visibility-animation-intan"/><input semantic="OUT_TANGENT" source="#BatRig_Spine2-visibility-animation-outtan"/><input semantic="INTERPOLATION" source="#BatRig_Spine2-visibility-animation-interpolation"/></sampler><channel source="#BatRig_Spine2-visibility-animation" target="BatRig_Spine2/visibility"/></animation></animation>
    <animation id="BatRig_Spine3-anim" name="BatRig_Spine3"><animation><source id="BatRig_Spine3-Matrix-animation-input"><float_array id="BatRig_Spine3-Matrix-animation-input-array" count="18">

0.000000 0.041667 0.083333 0.125000 0.166667 0.208333 0.250000 0.291667 0.333333 0.375000 0.416667 0.458333 0.500000 0.541667 0.583333 0.625000
0.666667 0.708333</float_array><technique_common><accessor source="#BatRig_Spine3-Matrix-animation-input-array" count="18"><param name="TIME" type="float"/></accessor></technique_common></source><source id="BatRig_Spine3-Matrix-animation-output-transform"><float_array id="BatRig_Spine3-Matrix-animation-output-transform-array" count="288">

0.999808 -0.014992 -0.012599 0.000002 0.014490 0.999133 -0.039026 13.030717 0.013173 0.038836 0.999159 -1.061704 0.000000 0.000000 0.000000 1.000000
0.999808 -0.014992 -0.012599 0.000002 0.014490 0.999133 -0.039026 13.030717 0.013173 0.038836 0.999159 -1.061704 0.000000 0.000000 0.000000 1.000000
0.998561 -0.021118 -0.049288 0.000002 0.019577 0.999311 -0.031541 13.030717 0.049920 0.030531 0.998286 -1.061704 0.000000 0.000000 0.000000 1.000000
0.996714 -0.026795 -0.076437 0.000002 0.025147 0.999432 -0.022443 13.030717 0.076995 0.020447 0.996822 -1.061704 0.000000 0.000000 0.000000 1.000000
0.994809 -0.031791 -0.096669 0.000002 0.030485 0.999423 -0.014954 13.030717 0.097089 0.011929 0.995204 -1.061704 0.000000 0.000000 0.000000 1.000000
0.994105 -0.030514 -0.104038 0.000002 0.028179 0.999318 -0.023845 13.030717 0.104695 0.020773 0.994287 -1.061704 0.000000 0.000000 0.000000 1.000000
0.993932 -0.029122 -0.106067 0.000002 0.025806 0.999139 -0.032499 13.030717 0.106922 0.029565 0.993828 -1.061704 0.000000 0.000000 0.000000 1.000000
0.993694 -0.025159 -0.109270 0.000002 0.020935 0.998995 -0.039629 13.030717 0.110157 0.037092 0.993222 -1.061704 0.000000 0.000000 0.000000 1.000000
0.993520 -0.020413 -0.111808 0.000002 0.015102 0.998726 -0.048141 13.030717 0.112648 0.046141 0.992563 -1.061704 0.000000 0.000000 0.000000 1.000000
0.993478 -0.016401 -0.112838 0.000002 0.010225 0.998429 -0.055099 13.030717 0.113564 0.053586 0.992085 -1.061704 0.000000 0.000000 0.000000 1.000000
0.994520 -0.015549 -0.103383 0.000002 0.010374 0.998675 -0.050405 13.030717 0.104030 0.049056 0.993364 -1.061704 0.000000 0.000000 0.000000 1.000000
0.996603 -0.014470 -0.081069 0.000002 0.010854 0.998934 -0.044871 13.030717 0.081632 0.043839 0.995698 -1.061704 0.000000 0.000000 0.000000 1.000000
0.998399 -0.013264 -0.054984 0.000002 0.011106 0.999163 -0.039376 13.030717 0.055460 0.038702 0.997711 -1.061704 0.000000 0.000000 0.000000 1.000000
0.999245 -0.012488 -0.036795 0.000002 0.011078 0.999206 -0.038266 13.030717 0.037244 0.037829 0.998590 -1.061704 0.000000 0.000000 0.000000 1.000000
0.999707 -0.011875 -0.021113 0.000002 0.011068 0.999218 -0.037950 13.030717 0.021547 0.037705 0.999057 -1.061704 0.000000 0.000000 0.000000 1.000000
0.999881 -0.011656 -0.010078 0.000002 0.011222 0.999052 -0.042051 13.030717 0.010559 0.041933 0.999065 -1.061704 0.000000 0.000000 0.000000 1.000000
0.999922 -0.010766 0.006393 0.000002 0.011038 0.998963 -0.044160 13.030717 -0.005911 0.044227 0.999004 -1.061704 0.000000 0.000000 0.000000 1.000000
