<?xml version="1.0" encoding="utf-8"?>
<COLLADA xmlns="http://www.collada.org/2005/11/COLLADASchema" version="1.4.1">
  <asset><contributor><author></author><authoring_tool>FBX COLLADA exporter</authoring_tool><comments></comments></contributor><created>2017-08-30T19:28:48Z</created><keywords></keywords><modified>2017-08-30T19:28:48Z</modified><revision></revision><subject></subject><title></title><unit meter="0.010000" name="centimeter"></unit><up_axis>Y_UP</up_axis></asset>
  <library_animations>
    <animation id="BatRig_Reference-anim" name="BatRig_Reference"><animation><source id="BatRig_Reference-Matrix-animation-input"><float_array id="BatRig_Reference-Matrix-animation-input-array" count="35">

0.000000 0.041667 0.083333 0.125000 0.166667 0.208333 0.250000 0.291667 0.333333 0.375000 0.416667 0.458333 0.500000 0.541667 0.583333 0.625000
0.666667 0.708333 0.750000 0.791667 0.833333 0.875000 0.916667 0.958333 1.000000 1.041667 1.083333 1.125000 1.166667 1.208333 1.250000 1.291667
1.333333 1.375000 1.416667</float_array><technique_common><accessor source="#BatRig_Reference-Matrix-animation-input-array" count="35"><param name="TIME" type="float"/></accessor></technique_common></source><source id="BatRig_Reference-Matrix-animation-output-transform"><float_array id="BatRig_Reference-Matrix-animation-output-transform-array" count="560">

1.000000 0.000000 0.000000 0.731512 0.000000 1.000000 0.000000 0.000000 0.000000 0.000000 1.000000 -46.973427 0.000000 0.000000 0.000000 1.000000
1.000000 0.000000 0.000000 0.731512 0.000000 1.000000 0.000000 0.000000 0.000000 0.000000 1.000000 -46.973427 0.000000 0.000000 0.000000 1.000000
1.000000 0.000000 0.000000 0.705003 0.000000 1.000000 0.000000 0.000000 0.000000 0.000000 1.000000 -46.921944 0.000000 0.000000 0.000000 1.000000
1.000000 0.000000 0.000000 0.662114 0.000000 1.000000 0.000000 0.000000 0.000000 0.000000 1.000000 -46.838039 0.000000 0.000000 0.000000 1.000000
1.000000 0.000000 0.000000 0.604591 0.000000 1.000000 0.000000 0.000000 0.000000 0.000000 1.000000 -46.725204 0.000000 0.000000 0.000000 1.000000
1.000000 0.000000 0.000000 0.534751 0.000000 1.000000 0.000000 0.000000 0.000000 0.000000 1.000000 -46.588051 0.000000 0.000000 0.000000 1.000000
1.000000 0.000000 0.000000 0.455497 0.000000 1.000000 0.000000 0.000000 0.000000 0.000000 1.000000 -46.432316 0.000000 0.000000 0.000000 1.000000
1.000000 0.000000 0.000000 0.370287 0.000000 1.000000 0.000000 0.000000 0.000000 0.000000 1.000000 -46.264832 0.000000 0.000000 0.000000 1.000000
1.000000 0.000000 0.000000 0.283060 0.000000 1.000000 0.000000 0.000000 0.000000 0.000000 1.000000 -46.093353 0.000000 0.000000 0.000000 1.000000
1.000000 0.000000 0.000000 0.198088 0.000000 1.000000 0.000000 0.000000 0.000000 0.000000 1.000000 -45.926296 0.000000 0.000000 0.000000 1.000000
1.000000 0.000000 0.000000 0.119780 0.000000 1.000000 0.000000 0.000000 0.000000 0.000000 1.000000 -45.772335 0.000000 0.000000 0.000000 1.000000
1.000000 0.000000 0.000000 0.052488 0.000000 1.000000 0.000000 0.000000 0.000000 0.000000 1.000000 -45.640026 0.000000 0.000000 0.000000 1.000000
1.000000 0.000000 0.000000 0.000268 0.000000 1.000000 0.000000 0.000000 0.000000 0.000000 1.000000 -45.537354 0.000000 0.000000 0.000000 1.000000
1.000000 0.000000 0.000000 -0.033290 0.000000 1.000000 0.000000 0.000000 0.000000 0.000000 1.000000 -45.471394 0.000000 0.000000 0.000000 1.000000
1.000000 0.000000 0.000000 -0.045205 0.000000 1.000000 0.000000 0.000000 0.000000 0.000000 1.000000 -45.448036 0.000000 0.000000 0.000000 1.000000
1.000000 0.000000 0.000000 -0.004268 0.000000 1.000000 0.000000 0.000000 0.000000 0.000000 1.000000 -45.447639 0.000000 0.000000 0.000000 1.000000
1.000000 0.000000 0.000000 0.106135 0.000000 1.000000 0.000000 0.000000 0.000000 0.000000 1.000000 -45.448711 0.000000 0.000000 0.000000 1.000000
1.000000 0.000000 0.000000 0.266173 0.000000 1.000000 0.000000 0.000000 0.000000 0.000000 1.000000 -45.452679 0.000000 0.000000 0.000000 1.000000
1.000000 0.000000 0.000000 0.456007 0.000000 1.000000 0.000000 0.000000 0.000000 0.000000 1.000000 -45.461002 0.000000 0.000000 0.000000 1.000000
1.000000 0.000000 0.000000 0.655806 0.000000 1.000000 0.000000 0.000000 0.000000 0.000000 1.000000 -45.475147 0.000000 0.000000 0.000000 1.000000
1.000000 0.000000 0.000000 0.845719 0.000000 1.000000 0.000000 0.000000 0.000000 0.000000 1.000000 -45.496544 0.000000 0.000000 0.000000 1.000000
1.000000 0.000000 0.000000 1.005916 0.000000 1.000000 0.000000 0.000000 0.000000 0.000000 1.000000 -45.526669 0.000000 0.000000 0.000000 1.000000
1.000000 0.000000 0.000000 1.116555 0.000000 1.000000 0.000000 0.000000 0.000000 0.000000 1.000000 -45.566986 0.000000 0.000000 0.000000 1.000000
1.000000 0.000000 0.000000 1.157790 0.000000 1.000000 0.000000 0.000000 0.000000 0.000000 1.000000 -45.618954 0.000000 0.000000 0.000000 1.000000
1.000000 0.000000 0.000000 1.140410 0.000000 1.000000 0.000000 0.000000 0.000000 0.000000 1.000000 -45.742840 0.000000 0.000000 0.000000 1.000000
1.000000 0.000000 0.000000 0.885556 0.000000 1.000000 0.000000 0.000000 0.000000 0.000000 1.000000 -46.566498 0.000000 0.000000 0.000000 1.000000
1.000000 0.000000 0.000000 0.832372 0.000000 1.000000 0.000000 0.000000 0.000000 0.000000 1.000000 -46.724380 0.000000 0.000000 0.000000 1.000000
1.000000 0.000000 0.000000 0.803439 0.000000 1.000000 0.000000 0.000000 0.000000 0.000000 1.000000 -46.814240 0.000000 0.000000 0.000000 1.000000
1.000000 0.000000 0.000000 0.784921 0.000000 1.000000 0.000000 0.000000 0.000000 0.000000 1.000000 -46.875244 0.000000 0.000000 0.000000 1.000000
1.000000 0.000000 0.000000 0.772364 0.000000 1.000000 0.000000 0.000000 0.000000 0.000000 1.000000 -46.919060 0.000000 0.000000 0.000000 1.000000
1.000000 0.000000 0.000000 0.763577 0.000000 1.000000 0.000000 0.000000 0.000000 0.000000 1.000000 -46.950817 0.000000 0.000000 0.000000 1.000000
1.000000 0.000000 0.000000 0.757221 0.000000 1.000000 0.000000 0.000000 0.000000 0.000000 1.000000 -46.973156 0.000000 0.000000 0.000000 1.000000
1.000000 0.000000 0.000000 0.752372 0.000000 1.000000 0.000000 0.000000 0.000000 0.000000 1.000000 -46.987572 0.000000 0.000000 0.000000 1.000000
1.000000 0.000000 0.000000 0.748319 0.000000 1.000000 0.000000 0.000000 0.000000 0.000000 1.000000 -46.994896 0.000000 0.000000 0.000000 1.000000
1.000000 0.000000 0.000000 0.744489 0.000000 1.000000 0.000000 0.000000 0.000000 0.000000 1.000000 -46.995621 0.000000 0.000000 0.000000 1.000000</float_array><technique_common><accessor source="#BatRig_Reference-Matrix-animation-output-transform-array" count="35" stride="16"><param type="float4x4"/></accessor></technique_common></source><source id="BatRig_Reference-Interpolations"><Name_array id="BatRig_Reference-Interpolations-array" count="35">
 LINEAR LINEAR LINEAR LINEAR LINEAR LINEAR LINEAR LINEAR LINEAR LINEAR LINEAR
LINEAR LINEAR LINEAR LINEAR LINEAR LINEAR LINEAR LINEAR LINEAR LINEAR LINEAR LINEAR
LINEAR LINEAR LINEAR LINEAR LINEAR LINEAR LINEAR LINEAR LINEAR LINEAR LINEAR LINEAR</Name_array><technique_common><accessor source="#BatRig_Reference-Interpolations-array" count="35"><param type="name"/></accessor></technique_common></source><sampler id="BatRig_Reference-Matrix-animation-transform"><input semantic="INPUT" source="#BatRig_Reference-Matrix-animation-input"/><input semantic="OUTPUT" source="#BatRig_Reference-Matrix-animation-output-transform"/><input semantic="INTERPOLATION" source="#BatRig_Reference-Interpolations"/></sampler><channel source="#BatRig_Reference-Matrix-animation-transform" target="BatRig_Reference/matrix"/></animation><animation><source id="BatRig_Reference-visibility-animation-input"><float_array id="BatRig_Reference-visibility-animation-input-array" count="35">

0.000000 0.041667 0.083333 0.125000 0.166667 0.208333 0.250000 0.291667 0.333333 0.375000 0.416667 0.458333 0.500000 0.541667 0.583333 0.625000
0.666667 0.708333 0.750000 0.791667 0.833333 0.875000 0.916667 0.958333 1.000000 1.041667 1.083333 1.125000 1.166667 1.208333 1.250000 1.291667
1.333333 1.375000 1.416667</float_array><technique_common><accessor source="#BatRig_Reference-visibility-animation-input-array" count="35"><param name="TIME" type="float"/></accessor></technique_common></source><source id="BatRig_Reference-visibility-animation-output"><float_array id="BatRig_Reference-visibility-animation-output-array" count="35">

1.000000 1.000000 1.000000 1.000000 1.000000 1.000000 1.000000 1.000000 1.000000 1.000000 1.000000 1.000000 1.000000 1.000000 1.000000 1.000000
1.000000 1.000000 1.000000 1.000000 1.000000 1.000000 1.000000 1.000000 1.000000 1.000000 1.000000 1.000000 1.000000 1.000000 1.000000 1.000000
1.000000 1.000000 1.000000</float_array><technique_common><accessor source="#BatRig_Reference-visibility-animation-output-array" count="35"><param type="float"/></accessor></technique_common></source><source id="BatRig_Reference-visibility-animation-intan"><float_array id="BatRig_Reference-visibility-animation-intan-array" count="35">

0.000000 0.000000 0.000000 0.000000 0.000000 0.000000 0.000000 0.000000 0.000000 0.000000 0.000000 0.000000 0.000000 0.000000 0.000000 0.000000
0.000000 0.000000 0.000000 0.000000 0.000000 0.000000 0.000000 0.000000 0.000000 0.000000 0.000000 0.000000 0.000000 0.000000 0.000000 0.000000
0.000000 0.000000 0.000000</float_array><technique_common><accessor source="#BatRig_Reference-visibility-animation-intan-array" count="35"><param type="float"/></accessor></technique_common></source><source id="BatRig_Reference-visibility-animation-outtan"><float_array id="BatRig_Reference-visibility-animation-outtan-array" count="35">

0.000000 0.000000 0.000000 0.000000 0.000000 0.000000 0.000000 0.000000 0.000000 0.000000 0.000000 0.000000 0.000000 0.000000 0.000000 0.000000
0.000000 0.000000 0.000000 0.000000 0.000000 0.000000 0.000000 0.000000 0.000000 0.000000 0.000000 0.000000 0.000000 0.000000 0.000000 0.000000
0.000000 0.000000 0.000000</float_array><technique_common><accessor source="#BatRig_Reference-visibility-animation-outtan-array" count="35"><param type="float"/></accessor></technique_common></source><source id="BatRig_Reference-visibility-animation-interpolation"><Name_array id="BatRig_Reference-visibility-animation-interpolation-array" count="35">
 STEP STEP STEP STEP STEP STEP STEP STEP STEP STEP STEP STEP STEP STEP STEP STEP STEP
STEP STEP STEP STEP STEP STEP STEP STEP STEP STEP STEP STEP STEP STEP STEP STEP STEP BEZIER</Name_array><technique_common><accessor source="#BatRig_Reference-visibility-animation-interpolation-array" count="35"><param type="name"/></accessor></technique_common></source><sampler id="BatRig_Reference-visibility-animation"><input semantic="INPUT" source="#BatRig_Reference-visibility-animation-input"/><input semantic="OUTPUT" source="#BatRig_Reference-visibility-animation-output"/><input semantic="IN_TANGENT" source="#BatRig_Reference-visibility-animation-intan"/><input semantic="OUT_TANGENT" source="#BatRig_Reference-visibility-animation-outtan"/><input semantic="INTERPOLATION" source="#BatRig_Reference-visibility-animation-interpolation"/></sampler><channel source="#BatRig_Reference-visibility-animation" target="BatRig_Reference/visibility"/></animation></animation>
    <animation id="BatRig_Hips-anim" name="BatRig_Hips"><animation><source id="BatRig_Hips-Matrix-animation-input"><float_array id="BatRig_Hips-Matrix-animation-input-array" count="35">

0.000000 0.041667 0.083333 0.125000 0.166667 0.208333 0.250000 0.291667 0.333333 0.375000 0.416667 0.458333 0.500000 0.541667 0.583333 0.625000
0.666667 0.708333 0.750000 0.791667 0.833333 0.875000 0.916667 0.958333 1.000000 1.041667 1.083333 1.125000 1.166667 1.208333 1.250000 1.291667
1.333333 1.375000 1.416667</float_array><technique_common><accessor source="#BatRig_Hips-Matrix-animation-input-array" count="35"><param name="TIME" type="float"/></accessor></technique_common></source><source id="BatRig_Hips-Matrix-animation-output-transform"><float_array id="BatRig_Hips-Matrix-animation-output-transform-array" count="560">

0.999763 0.020865 -0.006208 0.000000 -0.020620 0.999094 0.037230 86.878143 0.006979 -0.037093 0.999287 0.000000 0.000000 0.000000 0.000000 1.000000
0.999763 0.020865 -0.006208 0.000000 -0.020620 0.999094 0.037230 86.878143 0.006979 -0.037093 0.999287 0.000000 0.000000 0.000000 0.000000 1.000000
0.999737 0.021428 -0.008212 0.000000 -0.021105 0.999071 0.037573 86.881058 0.009009 -0.037390 0.999260 0.000000 0.000000 0.000000 0.000000 1.000000
0.999698 0.022108 -0.010728 0.000000 -0.021690 0.999055 0.037671 86.885605 0.011551 -0.037427 0.999233 0.000000 0.000000 0.000000 0.000000 1.000000
0.999646 0.022873 -0.013622 0.000000 -0.022347 0.999045 0.037559 86.891617 0.014468 -0.037241 0.999202 0.000000 0.000000 0.000000 0.000000 1.000000
0.999579 0.023683 -0.016754 0.000000 -0.023045 0.999039 0.037273 86.898834 0.017621 -0.036871 0.999165 0.000000 0.000000 0.000000 0.000000 1.000000
0.999500 0.024503 -0.019988 0.000000 -0.023755 0.999039 0.036847 86.906998 0.020872 -0.036354 0.999121 0.000000 0.000000 0.000000 0.000000 1.000000
0.999411 0.025301 -0.023186 0.000000 -0.024449 0.999041 0.036315 86.915741 0.024083 -0.035727 0.999071 0.000000 0.000000 0.000000 0.000000 1.000000
0.999317 0.026041 -0.026211 0.000000 -0.025097 0.999047 0.035713 86.924675 0.027116 -0.035031 0.999018 0.000000 0.000000 0.000000 0.000000 1.000000
0.999225 0.026687 -0.028925 0.000000 -0.025667 0.999055 0.035073 86.933357 0.029834 -0.034303 0.998966 0.000000 0.000000 0.000000 0.000000 1.000000
0.999143 0.027207 -0.031190 0.000000 -0.026130 0.999066 0.034427 86.941322 0.032098 -0.033583 0.998920 0.000000 0.000000 0.000000 0.000000 1.000000
0.999079 0.027567 -0.032868 0.000000 -0.026455 0.999078 0.033812 86.948158 0.033770 -0.032911 0.998888 0.000000 0.000000 0.000000 0.000000 1.000000
0.999043 0.027735 -0.033823 0.000000 -0.026610 0.999092 0.033258 86.953415 0.034715 -0.032326 0.998874 0.000000 0.000000 0.000000 0.000000 1.000000
0.999041 0.027675 -0.033916 0.000000 -0.026563 0.999109 0.032800 86.956764 0.034794 -0.031868 0.998886 0.000000 0.000000 0.000000 0.000000 1.000000
0.999081 0.027357 -0.033009 0.000000 -0.026285 0.999127 0.032471 86.957878 0.033869 -0.031574 0.998927 0.000000 0.000000 0.000000 0.000000 1.000000
0.999237 0.026154 -0.029018 0.000000 -0.025222 0.999168 0.032037 86.944878 0.029832 -0.031281 0.999065 0.000000 0.000000 0.000000 0.000000 1.000000
0.999464 0.024139 -0.022128 0.000000 -0.023435 0.999227 0.031553 86.910233 0.022873 -0.031017 0.999257 0.000000 0.000000 0.000000 0.000000 1.000000
0.999681 0.021557 -0.013189 0.000000 -0.021139 0.999294 0.031066 86.860130 0.013849 -0.030777 0.999430 0.000000 0.000000 0.000000 0.000000 1.000000
0.999821 0.018648 -0.003048 0.000000 -0.018546 0.999359 0.030621 86.800758 0.003617 -0.030559 0.999526 0.000000 0.000000 0.000000 0.000000 1.000000
0.999850 0.015657 0.007442 0.000000 -0.015875 0.999416 0.030256 86.738327 -0.006964 -0.030370 0.999514 0.000000 0.000000 0.000000 0.000000 1.000000
0.999766 0.012824 0.017429 0.000000 -0.013343 0.999461 0.029999 86.678993 -0.017035 -0.030225 0.999398 0.000000 0.000000 0.000000 0.000000 1.000000
0.999606 0.010391 0.026062 0.000000 -0.011169 0.999491 0.029872 86.628975 -0.025738 -0.030151 0.999214 0.000000 0.000000 0.000000 0.000000 1.000000
0.999435 0.008599 0.032489 0.000000 -0.009571 0.999507 0.029887 86.594467 -0.032216 -0.030181 0.999025 0.000000 0.000000 0.000000 0.000000 1.000000
0.999327 0.007690 0.035862 0.000000 -0.008770 0.999510 0.030056 86.581657 -0.035613 -0.030350 0.998905 0.000000 0.000000 0.000000 0.000000 1.000000
0.999319 0.007856 0.036046 0.000000 -0.008964 0.999489 0.030676 86.594162 -0.035787 -0.030978 0.998879 0.000000 0.000000 0.000000 0.000000 1.000000
0.999367 0.008812 0.034476 0.000000 -0.009917 0.999438 0.032013 86.771484 -0.034175 -0.032335 0.998893 0.000000 0.000000 0.000000 0.000000 1.000000
0.999450 0.010374 0.031486 0.000000 -0.011440 0.999361 0.033853 86.810074 -0.031115 -0.034195 0.998931 0.000000 0.000000 0.000000 0.000000 1.000000
0.999548 0.012359 0.027408 0.000000 -0.013342 0.999264 0.035978 86.832245 -0.026943 -0.036327 0.998977 0.000000 0.000000 0.000000 0.000000 1.000000
0.999639 0.014580 0.022573 0.000000 -0.015435 0.999152 0.038169 86.847321 -0.021997 -0.038504 0.999016 0.000000 0.000000 0.000000 0.000000 1.000000
0.999708 0.016848 0.017312 0.000000 -0.017533 0.999037 0.040209 86.858131 -0.016618 -0.040501 0.999041 0.000000 0.000000 0.000000 0.000000 1.000000
0.999749 0.018969 0.011953 0.000000 -0.019454 0.998933 0.041875 86.865974 -0.011146 -0.042097 0.999051 0.000000 0.000000 0.000000 0.000000 1.000000
0.999761 0.020748 0.006823 0.000000 -0.021022 0.998856 0.042940 86.871536 -0.005924 -0.043073 0.999054 0.000000 0.000000 0.000000 0.000000 1.000000
0.999756 0.021985 0.002249 0.000000 -0.022062 0.998824 0.043176 86.875206 -0.001297 -0.043215 0.999065 0.000000 0.000000 0.000000 0.000000 1.000000
0.999746 0.022481 -0.001442 0.000000 -0.022400 0.998852 0.042353 86.877266 0.002392 -0.042310 0.999102 0.000000 0.000000 0.000000 0.000000 1.000000
0.999750 0.022035 -0.003920 0.000000 -0.021860 0.998951 0.040239 86.877823 0.004803 -0.040143 0.999182 0.000000 0.000000 0.000000 0.000000 1.000000</float_array><technique_common><accessor source="#BatRig_Hips-Matrix-animation-output-transform-array" count="35" stride="16"><param type="float4x4"/></accessor></technique_common></source><source id="BatRig_Hips-Interpolations"><Name_array id="BatRig_Hips-Interpolations-array" count="35">
 LINEAR LINEAR LINEAR LINEAR LINEAR LINEAR LINEAR LINEAR LINEAR LINEAR LINEAR
LINEAR LINEAR LINEAR LINEAR LINEAR LINEAR LINEAR LINEAR LINEAR LINEAR LINEAR LINEAR
LINEAR LINEAR LINEAR LINEAR LINEAR LINEAR LINEAR LINEAR LINEAR LINEAR LINEAR LINEAR</Name_array><technique_common><accessor source="#BatRig_Hips-Interpolations-array" count="35"><param type="name"/></accessor></technique_common></source><sampler id="BatRig_Hips-Matrix-animation-transform"><input semantic="INPUT" source="#BatRig_Hips-Matrix-animation-input"/><input semantic="OUTPUT" source="#BatRig_Hips-Matrix-animation-output-transform"/><input semantic="INTERPOLATION" source="#BatRig_Hips-Interpolations"/></sampler><channel source="#BatRig_Hips-Matrix-animation-transform" target="BatRig_Hips/matrix"/></animation><animation><source id="BatRig_Hips-visibility-animation-input"><float_array id="BatRig_Hips-visibility-animation-input-array" count="35">

0.000000 0.041667 0.083333 0.125000 0.166667 0.208333 0.250000 0.291667 0.333333 0.375000 0.416667 0.458333 0.500000 0.541667 0.583333 0.625000
0.666667 0.708333 0.750000 0.791667 0.833333 0.875000 0.916667 0.958333 1.000000 1.041667 1.083333 1.125000 1.166667 1.208333 1.250000 1.291667
1.333333 1.375000 1.416667</float_array><technique_common><accessor source="#BatRig_Hips-visibility-animation-input-array" count="35"><param name="TIME" type="float"/></accessor></technique_common></source><source id="BatRig_Hips-visibility-animation-output"><float_array id="BatRig_Hips-visibility-animation-output-array" count="35">

1.000000 1.000000 1.000000 1.000000 1.000000 1.000000 1.000000 1.000000 1.000000 1.000000 1.000000 1.000000 1.000000 1.000000 1.000000 1.000000
1.000000 1.000000 1.000000 1.000000 1.000000 1.000000 1.000000 1.000000 1.000000 1.000000 1.000000 1.000000 1.000000 1.000000 1.000000 1.000000
1.000000 1.000000 1.000000</float_array><technique_common><accessor source="#BatRig_Hips-visibility-animation-output-array" count="35"><param type="float"/></accessor></technique_common></source><source id="BatRig_Hips-visibility-animation-intan"><float_array id="BatRig_Hips-visibility-animation-intan-array" count="35">

0.000000 0.000000 0.000000 0.000000 0.000000 0.000000 0.000000 0.000000 0.000000 0.000000 0.000000 0.000000 0.000000 0.000000 0.000000 0.000000
0.000000 0.000000 0.000000 0.000000 0.000000 0.000000 0.000000 0.000000 0.000000 0.000000 0.000000 0.000000 0.000000 0.000000 0.000000 0.000000
0.000000 0.000000 0.000000</float_array><technique_common><accessor source="#BatRig_Hips-visibility-animation-intan-array" count="35"><param type="float"/></accessor></technique_common></source><source id="BatRig_Hips-visibility-animation-outtan"><float_array id="BatRig_Hips-visibility-animation-outtan-array" count="35">

0.000000 0.000000 0.000000 0.000000 0.000000 0.000000 0.000000 0.000000 0.000000 0.000000 0.000000 0.000000 0.000000 0.000000 0.000000 0.000000
0.000000 0.000000 0.000000 0.000000 0.000000 0.000000 0.000000 0.000000 0.000000 0.000000 0.000000 0.000000 0.000000 0.000000 0.000000 0.000000
0.000000 0.000000 0.000000</float_array><technique_common><accessor source="#BatRig_Hips-visibility-animation-outtan-array" count="35"><param type="float"/></accessor></technique_common></source><source id="BatRig_Hips-visibility-animation-interpolation"><Name_array id="BatRig_Hips-visibility-animation-interpolation-array" count="35">
 STEP STEP STEP STEP STEP STEP STEP STEP STEP STEP STEP STEP STEP STEP STEP STEP STEP
STEP STEP STEP STEP STEP STEP STEP STEP STEP STEP STEP STEP STEP STEP STEP STEP STEP BEZIER</Name_array><technique_common><accessor source="#BatRig_Hips-visibility-animation-interpolation-array" count="35"><param type="name"/></accessor></technique_common></source><sampler id="BatRig_Hips-visibility-animation"><input semantic="INPUT" source="#BatRig_Hips-visibility-animation-input"/><input semantic="OUTPUT" source="#BatRig_Hips-visibility-animation-output"/><input semantic="IN_TANGENT" source="#BatRig_Hips-visibility-animation-intan"/><input semantic="OUT_TANGENT" source="#BatRig_Hips-visibility-animation-outtan"/><input semantic="INTERPOLATION" source="#BatRig_Hips-visibility-animation-interpolation"/></sampler><channel source="#BatRig_Hips-visibility-animation" target="BatRig_Hips/visibility"/></animation></animation>
    <animation id="BatRig_Spine-anim" name="BatRig_Spine"><animation><source id="BatRig_Spine-Matrix-animation-input"><float_array id="BatRig_Spine-Matrix-animation-input-array" count="35">

0.000000 0.041667 0.083333 0.125000 0.166667 0.208333 0.250000 0.291667 0.333333 0.375000 0.416667 0.458333 0.500000 0.541667 0.583333 0.625000
0.666667 0.708333 0.750000 0.791667 0.833333 0.875000 0.916667 0.958333 1.000000 1.041667 1.083333 1.125000 1.166667 1.208333 1.250000 1.291667
1.333333 1.375000 1.416667</float_array><technique_common><accessor source="#BatRig_Spine-Matrix-animation-input-array" count="35"><param name="TIME" type="float"/></accessor></technique_common></source><source id="BatRig_Spine-Matrix-animation-output-transform"><float_array id="BatRig_Spine-Matrix-animation-output-transform-array" count="560">

0.987948 0.002054 -0.154772 -0.000001 0.000648 0.999848 0.017405 3.725677 0.154784 -0.017296 0.987797 0.000001 0.000000 0.000000 0.000000 1.000000
0.987948 0.002054 -0.154772 -0.000001 0.000648 0.999848 0.017405 3.725677 0.154784 -0.017296 0.987797 0.000001 0.000000 0.000000 0.000000 1.000000
0.987913 0.002159 -0.154997 -0.000001 0.000548 0.999848 0.017419 3.725677 0.155011 -0.017293 0.987761 0.000001 0.000000 0.000000 0.000000 1.000000
0.987856 0.002327 -0.155357 -0.000001 0.000387 0.999848 0.017439 3.725677 0.155374 -0.017287 0.987704 0.000001 0.000000 0.000000 0.000000 1.000000
0.987780 0.002554 -0.155833 -0.000001 0.000170 0.999847 0.017466 3.725677 0.155854 -0.017279 0.987629 0.000001 0.000000 0.000000 0.000000 1.000000
0.987688 0.002828 -0.156408 -0.000001 -0.000092 0.999847 0.017500 3.725677 0.156434 -0.017270 0.987537 0.000001 0.000000 0.000000 0.000000 1.000000
0.987584 0.003140 -0.157060 -0.000001 -0.000390 0.999846 0.017539 3.725677 0.157091 -0.017260 0.987433 0.000001 0.000000 0.000000 0.000000 1.000000
0.987472 0.003474 -0.157758 -0.000001 -0.000709 0.999845 0.017581 3.725677 0.157795 -0.017249 0.987321 0.000001 0.000000 0.000000 0.000000 1.000000
0.987356 0.003817 -0.158472 -0.000001 -0.001036 0.999844 0.017625 3.725677 0.158515 -0.017238 0.987206 0.000001 0.000000 0.000000 0.000000 1.000000
0.987243 0.004151 -0.159167 -0.000001 -0.001355 0.999843 0.017668 3.725677 0.159215 -0.017227 0.987094 0.000001 0.000000 0.000000 0.000000 1.000000
0.987138 0.004457 -0.159805 -0.000001 -0.001648 0.999842 0.017708 3.725677 0.159859 -0.017217 0.986990 0.000001 0.000000 0.000000 0.000000 1.000000
0.987048 0.004721 -0.160354 -0.000001 -0.001900 0.999841 0.017742 3.725677 0.160412 -0.017208 0.986900 0.000001 0.000000 0.000000 0.000000 1.000000
0.986978 0.004926 -0.160777 -0.000001 -0.002095 0.999840 0.017770 3.725677 0.160839 -0.017202 0.986831 0.000001 0.000000 0.000000 0.000000 1.000000
0.986933 0.005056 -0.161050 -0.000001 -0.002220 0.999839 0.017787 3.725677 0.161114 -0.017197 0.986786 0.000001 0.000000 0.000000 0.000000 1.000000
0.986918 0.005102 -0.161145 -0.000001 -0.002263 0.999839 0.017793 3.725677 0.161210 -0.017196 0.986770 0.000001 0.000000 0.000000 0.000000 1.000000
0.987023 0.004803 -0.160508 -0.000001 -0.001980 0.999841 0.017745 3.725677 0.160568 -0.017197 0.986875 0.000001 0.000000 0.000000 0.000000 1.000000
0.987303 0.004004 -0.158800 -0.000001 -0.001221 0.999844 0.017618 3.725677 0.158846 -0.017200 0.987154 0.000001 0.000000 0.000000 0.000000 1.000000
0.987701 0.002845 -0.156326 -0.000001 -0.000120 0.999848 0.017437 3.725677 0.156352 -0.017204 0.987552 0.000001 0.000000 0.000000 0.000000 1.000000
0.988164 0.001473 -0.153392 -0.000001 0.001185 0.999851 0.017232 3.725677 0.153394 -0.017210 0.988015 0.000001 0.000000 0.000000 0.000000 1.000000
0.988640 0.000028 -0.150302 -0.000001 0.002560 0.999852 0.017025 3.725677 0.150280 -0.017216 0.988494 0.000001 0.000000 0.000000 0.000000 1.000000
0.989081 -0.001346 -0.147364 -0.000001 0.003869 0.999851 0.016837 3.725677 0.147319 -0.017223 0.988939 0.000001 0.000000 0.000000 0.000000 1.000000
0.989445 -0.002503 -0.144886 -0.000001 0.004973 0.999848 0.016686 3.725677 0.144822 -0.017230 0.989308 0.000001 0.000000 0.000000 0.000000 1.000000
0.989692 -0.003304 -0.143172 -0.000001 0.005737 0.999846 0.016586 3.725677 0.143095 -0.017236 0.989559 0.000001 0.000000 0.000000 0.000000 1.000000
0.989784 -0.003602 -0.142532 -0.000001 0.006022 0.999845 0.016552 3.725677 0.142450 -0.017241 0.989652 0.000001 0.000000 0.000000 0.000000 1.000000
0.989712 -0.003367 -0.143036 -0.000001 0.005799 0.999846 0.016590 3.725677 0.142958 -0.017249 0.989578 0.000001 0.000000 0.000000 0.000000 1.000000
0.988639 0.000023 -0.150308 -0.000001 0.002575 0.999851 0.017090 3.725677 0.150286 -0.017283 0.988491 0.000001 0.000000 0.000000 0.000000 1.000000
0.988399 0.000751 -0.151879 -0.000001 0.001884 0.999850 0.017201 3.725677 0.151869 -0.017288 0.988249 0.000001 0.000000 0.000000 0.000000 1.000000
0.988261 0.001160 -0.152770 -0.000001 0.001495 0.999850 0.017265 3.725677 0.152767 -0.017291 0.988111 0.000001 0.000000 0.000000 0.000000 1.000000
0.988168 0.001435 -0.153368 -0.000001 0.001234 0.999849 0.017309 3.725677 0.153370 -0.017293 0.988018 0.000001 0.000000 0.000000 0.000000 1.000000
0.988101 0.001630 -0.153796 -0.000001 0.001049 0.999849 0.017339 3.725677 0.153801 -0.017294 0.987950 0.000001 0.000000 0.000000 0.000000 1.000000
0.988053 0.001770 -0.154107 -0.000001 0.000917 0.999849 0.017362 3.725677 0.154114 -0.017296 0.987902 0.000001 0.000000 0.000000 0.000000 1.000000
0.988017 0.001871 -0.154333 -0.000001 0.000821 0.999849 0.017378 3.725677 0.154342 -0.017296 0.987866 0.000001 0.000000 0.000000 0.000000 1.000000
0.987992 0.001941 -0.154493 -0.000001 0.000755 0.999849 0.017389 3.725677 0.154503 -0.017297 0.987841 0.000001 0.000000 0.000000 0.000000 1.000000
0.987975 0.001985 -0.154598 -0.000001 0.000713 0.999848 0.017396 3.725677 0.154609 -0.017297 0.987824 0.000001 0.000000 0.000000 0.000000 1.000000
0.987965 0.002011 -0.154661 -0.000001 0.000689 0.999848 0.017400 3.725677 0.154673 -0.017297 0.987814 0.000001 0.000000 0.000000 0.000000 1.000000</float_array><technique_common><accessor source="#BatRig_Spine-Matrix-animation-output-transform-array" count="35" stride="16"><param type="float4x4"/></accessor></technique_common></source><source id="BatRig_Spine-Interpolations"><Name_array id="BatRig_Spine-Interpolations-array" count="35">
 LINEAR LINEAR LINEAR LINEAR LINEAR LINEAR LINEAR LINEAR LINEAR LINEAR LINEAR
LINEAR LINEAR LINEAR LINEAR LINEAR LINEAR LINEAR LINEAR LINEAR LINEAR LINEAR LINEAR
LINEAR LINEAR LINEAR LINEAR LINEAR LINEAR LINEAR LINEAR LINEAR LINEAR LINEAR LINEAR</Name_array><technique_common><accessor source="#BatRig_Spine-Interpolations-array" count="35"><param type="name"/></accessor></technique_common></source><sampler id="BatRig_Spine-Matrix-animation-transform"><input semantic="INPUT" source="#BatRig_Spine-Matrix-animation-input"/><input semantic="OUTPUT" source="#BatRig_Spine-Matrix-animation-output-transform"/><input semantic="INTERPOLATION" source="#BatRig_Spine-Interpolations"/></sampler><channel source="#BatRig_Spine-Matrix-animation-transform" target="BatRig_Spine/matrix"/></animation><animation><source id="BatRig_Spine-visibility-animation-input"><float_array id="BatRig_Spine-visibility-animation-input-array" count="35">

0.000000 0.041667 0.083333 0.125000 0.166667 0.208333 0.250000 0.291667 0.333333 0.375000 0.416667 0.458333 0.500000 0.541667 0.583333 0.625000
0.666667 0.708333 0.750000 0.791667 0.833333 0.875000 0.916667 0.958333 1.000000 1.041667 1.083333 1.125000 1.166667 1.208333 1.250000 1.291667
1.333333 1.375000 1.416667</float_array><technique_common><accessor source="#BatRig_Spine-visibility-animation-input-array" count="35"><param name="TIME" type="float"/></accessor></technique_common></source><source id="BatRig_Spine-visibility-animation-output"><float_array id="BatRig_Spine-visibility-animation-output-array" count="35">

1.000000 1.000000 1.000000 1.000000 1.000000 1.000000 1.000000 1.000000 1.000000 1.000000 1.000000 1.000000 1.000000 1.000000 1.000000 1.000000
1.000000 1.000000 1.000000 1.000000 1.000000 1.000000 1.000000 1.000000 1.000000 1.000000 1.000000 1.000000 1.000000 1.000000 1.000000 1.000000
1.000000 1.000000 1.000000</float_array><technique_common><accessor source="#BatRig_Spine-visibility-animation-output-array" count="35"><param type="float"/></accessor></technique_common></source><source id="BatRig_Spine-visibility-animation-intan"><float_array id="BatRig_Spine-visibility-animation-intan-array" count="35">

0.000000 0.000000 0.000000 0.000000 0.000000 0.000000 0.000000 0.000000 0.000000 0.000000 0.000000 0.000000 0.000000 0.000000 0.000000 0.000000
0.000000 0.000000 0.000000 0.000000 0.000000 0.000000 0.000000 0.000000 0.000000 0.000000 0.000000 0.000000 0.000000 0.000000 0.000000 0.000000
0.000000 0.000000 0.000000</float_array><technique_common><accessor source="#BatRig_Spine-visibility-animation-intan-array" count="35"><param type="float"/></accessor></technique_common></source><source id="BatRig_Spine-visibility-animation-outtan"><float_array id="BatRig_Spine-visibility-animation-outtan-array" count="35">

0.000000 0.000000 0.000000 0.000000 0.000000 0.000000 0.000000 0.000000 0.000000 0.000000 0.000000 0.000000 0.000000 0.000000 0.000000 0.000000
0.000000 0.000000 0.000000 0.000000 0.000000 0.000000 0.000000 0.000000 0.000000 0.000000 0.000000 0.000000 0.000000 0.000000 0.000000 0.000000
0.000000 0.000000 0.000000</float_array><technique_common><accessor source="#BatRig_Spine-visibility-animation-outtan-array" count="35"><param type="float"/></accessor></technique_common></source><source id="BatRig_Spine-visibility-animation-interpolation"><Name_array id="BatRig_Spine-visibility-animation-interpolation-array" count="35">
 STEP STEP STEP STEP STEP STEP STEP STEP STEP STEP STEP STEP STEP STEP STEP STEP STEP
STEP STEP STEP STEP STEP STEP STEP STEP STEP STEP STEP STEP STEP STEP STEP STEP STEP BEZIER</Name_array><technique_common><accessor source="#BatRig_Spine-visibility-animation-interpolation-array" count="35"><param type="name"/></accessor></technique_common></source><sampler id="BatRig_Spine-visibility-animation"><input semantic="INPUT" source="#BatRig_Spine-visibility-animation-input"/><input semantic="OUTPUT" source="#BatRig_Spine-visibility-animation-output"/><input semantic="IN_TANGENT" source="#BatRig_Spine-visibility-animation-intan"/><input semantic="OUT_TANGENT" source="#BatRig_Spine-visibility-animation-outtan"/><input semantic="INTERPOLATION" source="#BatRig_Spine-visibility-animation-interpolation"/></sampler><channel source="#BatRig_Spine-visibility-animation" target="BatRig_Spine/visibility"/></animation></animation>
    <animation id="BatRig_Spine1-anim" name="BatRig_Spine1"><animation><source id="BatRig_Spine1-Matrix-animation-input"><float_array id="BatRig_Spine1-Matrix-animation-input-array" count="35">

0.000000 0.041667 0.083333 0.125000 0.166667 0.208333 0.250000 0.291667 0.333333 0.375000 0.416667 0.458333 0.500000 0.541667 0.583333 0.625000
0.666667 0.708333 0.750000 0.791667 0.833333 0.875000 0.916667 0.958333 1.000000 1.041667 1.083333 1.125000 1.166667 1.208333 1.250000 1.291667
1.333333 1.375000 1.416667</float_array><technique_common><accessor source="#BatRig_Spine1-Matrix-animation-input-array" count="35"><param name="TIME" type="float"/></accessor></technique_common></source><source id="BatRig_Spine1-Matrix-animation-output-transform"><float_array id="BatRig_Spine1-Matrix-animation-output-transform-array" count="560">

0.996272 0.001095 0.086265 0.000002 0.013902 0.984814 -0.173057 10.999832 -0.085145 0.173611 0.981127 -0.000003 0.000000 0.000000 0.000000 1.000000
0.996272 0.001095 0.086265 0.000002 0.013902 0.984814 -0.173057 10.999832 -0.085145 0.173611 0.981127 -0.000003 0.000000 0.000000 0.000000 1.000000
0.996452 0.001570 0.084154 0.000002 0.013070 0.984812 -0.173130 10.999832 -0.083148 0.173616 0.981297 -0.000003 0.000000 0.000000 0.000000 1.000000
0.996738 0.002334 0.080672 0.000002 0.011716 0.984808 -0.173249 10.999832 -0.079851 0.173629 0.981569 -0.000003 0.000000 0.000000 0.000000 1.000000
0.997105 0.003357 0.075963 0.000002 0.009895 0.984800 -0.173407 10.999832 -0.075391 0.173657 0.981916 -0.000003 0.000000 0.000000 0.000000 1.000000
0.997521 0.004599 0.070221 0.000002 0.007680 0.984787 -0.173596 10.999832 -0.069951 0.173705 0.982310 -0.000003 0.000000 0.000000 0.000000 1.000000
0.997952 0.006008 0.063685 0.000002 0.005163 0.984766 -0.173807 10.999832 -0.063759 0.173780 0.982718 -0.000003 0.000000 0.000000 0.000000 1.000000
0.998366 0.007522 0.056643 0.000002 0.002455 0.984737 -0.174034 10.999832 -0.057087 0.173889 0.983109 -0.000003 0.000000 0.000000 0.000000 1.000000
0.998737 0.009070 0.049423 0.000002 -0.000318 0.984697 -0.174276 10.999832 -0.050247 0.174040 0.983456 -0.000003 0.000000 0.000000 0.000000 1.000000
0.999045 0.010578 0.042383 0.000002 -0.003021 0.984647 -0.174533 10.999832 -0.043578 0.174238 0.983739 -0.000003 0.000000 0.000000 0.000000 1.000000
0.999284 0.011966 0.035890 0.000002 -0.005511 0.984586 -0.174814 10.999832 -0.037429 0.174491 0.983947 -0.000003 0.000000 0.000000 0.000000 1.000000
0.999454 0.013158 0.030311 0.000002 -0.007650 0.984516 -0.175130 10.999832 -0.032146 0.174803 0.984079 -0.000003 0.000000 0.000000 0.000000 1.000000
0.999563 0.014082 0.025983 0.000002 -0.009307 0.984436 -0.175497 10.999832 -0.028050 0.175179 0.984137 -0.000003 0.000000 0.000000 0.000000 1.000000
0.999623 0.014674 0.023209 0.000002 -0.010365 0.984348 -0.175928 10.999832 -0.025427 0.175621 0.984129 -0.000003 0.000000 0.000000 0.000000 1.000000
0.999642 0.014881 0.022238 0.000002 -0.010727 0.984254 -0.176434 10.999832 -0.024513 0.176132 0.984061 -0.000003 0.000000 0.000000 0.000000 1.000000
0.999504 0.013475 0.028470 0.000002 -0.008219 0.984130 -0.177257 10.999832 -0.030407 0.176935 0.983753 -0.000003 0.000000 0.000000 0.000000 1.000000
0.998932 0.009706 0.045170 0.000002 -0.001492 0.983953 -0.178422 10.999832 -0.046177 0.178164 0.982917 -0.000003 0.000000 0.000000 0.000000 1.000000
0.997585 0.004248 0.069324 0.000002 0.008287 0.983717 -0.179534 10.999832 -0.068958 0.179675 0.981306 -0.000003 0.000000 0.000000 0.000000 1.000000
0.995193 -0.002222 0.097905 0.000002 0.019927 0.983421 -0.180240 10.999832 -0.095881 0.181325 0.978738 -0.000003 0.000000 0.000000 0.000000 1.000000
0.991748 -0.009029 0.127885 0.000002 0.032205 0.983076 -0.180345 10.999832 -0.124092 0.182975 0.975254 -0.000003 0.000000 0.000000 0.000000 1.000000
0.987594 -0.015499 0.156261 0.000002 0.043881 0.982713 -0.179862 10.999832 -0.150772 0.184488 0.971201 -0.000003 0.000000 0.000000 0.000000 1.000000
0.983427 -0.020955 0.180087 0.000002 0.053716 0.982377 -0.179023 10.999832 -0.173162 0.185730 0.967222 -0.000003 0.000000 0.000000 0.000000 1.000000
0.980196 -0.024724 0.196478 0.000002 0.060495 0.982130 -0.178214 10.999832 -0.188561 0.186571 0.964176 -0.000003 0.000000 0.000000 0.000000 1.000000
0.978917 -0.026129 0.202579 0.000002 0.063020 0.982035 -0.177863 10.999832 -0.194292 0.186880 0.962978 -0.000003 0.000000 0.000000 0.000000 1.000000
0.979942 -0.024997 0.197707 0.000002 0.060935 0.982170 -0.177848 10.999832 -0.189736 0.186328 0.963993 -0.000003 0.000000 0.000000 0.000000 1.000000
0.991815 -0.008675 0.127385 0.000002 0.031186 0.983930 -0.175807 10.999832 -0.123813 0.178341 0.976148 -0.000003 0.000000 0.000000 0.000000 1.000000
0.993657 -0.005173 0.112331 0.000002 0.024900 0.984266 -0.174932 10.999832 -0.109659 0.176620 0.978151 -0.000003 0.000000 0.000000 0.000000 1.000000
0.994586 -0.003195 0.103871 0.000002 0.021373 0.984448 -0.174370 10.999832 -0.101699 0.175646 0.979186 -0.000003 0.000000 0.000000 0.000000 1.000000
0.995160 -0.001873 0.098250 0.000002 0.019028 0.984568 -0.173966 10.999832 -0.096408 0.174994 0.979838 -0.000003 0.000000 0.000000 0.000000 1.000000
0.995543 -0.000935 0.094304 0.000002 0.017376 0.984651 -0.173668 10.999832 -0.092694 0.174533 0.980279 -0.000003 0.000000 0.000000 0.000000 1.000000
0.995806 -0.000259 0.091491 0.000002 0.016192 0.984710 -0.173446 10.999832 -0.090047 0.174200 0.980584 -0.000003 0.000000 0.000000 0.000000 1.000000
0.995986 0.000224 0.089509 0.000002 0.015351 0.984753 -0.173282 10.999832 -0.088183 0.173961 0.980796 -0.000003 0.000000 0.000000 0.000000 1.000000
0.996105 0.000560 0.088170 0.000002 0.014774 0.984782 -0.173167 10.999832 -0.086925 0.173795 0.980938 -0.000003 0.000000 0.000000 0.000000 1.000000
0.996178 0.000778 0.087346 0.000002 0.014408 0.984800 -0.173091 10.999832 -0.086153 0.173688 0.981025 -0.000003 0.000000 0.000000 0.000000 1.000000
0.996213 0.000897 0.086946 0.000002 0.014216 0.984811 -0.173048 10.999832 -0.085781 0.173629 0.981068 -0.000003 0.000000 0.000000 0.000000 1.000000</float_array><technique_common><accessor source="#BatRig_Spine1-Matrix-animation-output-transform-array" count="35" stride="16"><param type="float4x4"/></accessor></technique_common></source><source id="BatRig_Spine1-Interpolations"><Name_array id="BatRig_Spine1-Interpolations-array" count="35">
 LINEAR LINEAR LINEAR LINEAR LINEAR LINEAR LINEAR LINEAR LINEAR LINEAR LINEAR
LINEAR LINEAR LINEAR LINEAR LINEAR LINEAR LINEAR LINEAR LINEAR LINEAR LINEAR LINEAR
LINEAR LINEAR LINEAR LINEAR LINEAR LINEAR LINEAR LINEAR LINEAR LINEAR LINEAR LINEAR</Name_array><technique_common><accessor source="#BatRig_Spine1-Interpolations-array" count="35"><param type="name"/></accessor></technique_common></source><sampler id="BatRig_Spine1-Matrix-animation-transform"><input semantic="INPUT" source="#BatRig_Spine1-Matrix-animation-input"/><input semantic="OUTPUT" source="#BatRig_Spine1-Matrix-animation-output-transform"/><input semantic="INTERPOLATION" source="#BatRig_Spine1-Interpolations"/></sampler><channel source="#BatRig_Spine1-Matrix-animation-transform" target="BatRig_Spine1/matrix"/></animation><animation><source id="BatRig_Spine1-visibility-animation-input"><float_array id="BatRig_Spine1-visibility-animation-input-array" count="35">

0.000000 0.041667 0.083333 0.125000 0.166667 0.208333 0.250000 0.291667 0.333333 0.375000 0.416667 0.458333 0.500000 0.541667 0.583333 0.625000
