<?xml version="1.0" encoding="utf-8"?>
<COLLADA xmlns="http://www.collada.org/2005/11/COLLADASchema" version="1.4.1">
  <asset><contributor><author></author><authoring_tool>FBX COLLADA exporter</authoring_tool><comments></comments></contributor><created>2017-08-30T19:29:59Z</created><keywords></keywords><modified>2017-08-30T19:29:59Z</modified><revision></revision><subject></subject><title></title><unit meter="0.010000" name="centimeter"></unit><up_axis>Y_UP</up_axis></asset>
  <library_animations>
    <animation id="BatRig_Reference-anim" name="BatRig_Reference"><animation><source id="BatRig_Reference-Matrix-animation-input"><float_array id="BatRig_Reference-Matrix-animation-input-array" count="20">

0.000000 0.041667 0.083333 0.125000 0.166667 0.208333 0.250000 0.291667 0.333333 0.375000 0.416667 0.458333 0.500000 0.541667 0.583333 0.625000
0.666667 0.708333 0.750000 0.791667</float_array><technique_common><accessor source="#BatRig_Reference-Matrix-animation-input-array" count="20"><param name="TIME" type="float"/></accessor></technique_common></source><source id="BatRig_Reference-Matrix-animation-output-transform"><float_array id="BatRig_Reference-Matrix-animation-output-transform-array" count="320">

1.000000 0.000000 0.000000 0.741170 0.000000 1.000000 0.000000 0.000000 0.000000 0.000000 1.000000 -46.986057 0.000000 0.000000 0.000000 1.000000
1.000000 0.000000 0.000000 0.741210 0.000000 1.000000 0.000000 0.000000 0.000000 0.000000 1.000000 -46.978870 0.000000 0.000000 0.000000 1.000000
1.000000 0.000000 0.000000 0.740539 0.000000 1.000000 0.000000 0.000000 0.000000 0.000000 1.000000 -46.949848 0.000000 0.000000 0.000000 1.000000
1.000000 0.000000 0.000000 0.738598 0.000000 1.000000 0.000000 0.000000 0.000000 0.000000 1.000000 -46.905849 0.000000 0.000000 0.000000 1.000000
1.000000 0.000000 0.000000 0.735832 0.000000 1.000000 0.000000 0.000000 0.000000 0.000000 1.000000 -46.852966 0.000000 0.000000 0.000000 1.000000
1.000000 0.000000 0.000000 0.732625 0.000000 1.000000 0.000000 0.000000 0.000000 0.000000 1.000000 -46.796600 0.000000 0.000000 0.000000 1.000000
1.000000 0.000000 0.000000 0.729350 0.000000 1.000000 0.000000 0.000000 0.000000 0.000000 1.000000 -46.742199 0.000000 0.000000 0.000000 1.000000
1.000000 0.000000 0.000000 0.726376 0.000000 1.000000 0.000000 0.000000 0.000000 0.000000 1.000000 -46.694530 0.000000 0.000000 0.000000 1.000000
1.000000 0.000000 0.000000 0.724112 0.000000 1.000000 0.000000 0.000000 0.000000 0.000000 1.000000 -46.659439 0.000000 0.000000 0.000000 1.000000
1.000000 0.000000 0.000000 0.722820 0.000000 1.000000 0.000000 0.000000 0.000000 0.000000 1.000000 -46.639851 0.000000 0.000000 0.000000 1.000000
1.000000 0.000000 0.000000 0.722866 0.000000 1.000000 0.000000 0.000000 0.000000 0.000000 1.000000 -46.642262 0.000000 0.000000 0.000000 1.000000
1.000000 0.000000 0.000000 0.730887 0.000000 1.000000 0.000000 0.000000 0.000000 0.000000 1.000000 -46.819454 0.000000 0.000000 0.000000 1.000000
1.000000 0.000000 0.000000 0.733632 0.000000 1.000000 0.000000 0.000000 0.000000 0.000000 1.000000 -46.877617 0.000000 0.000000 0.000000 1.000000
1.000000 0.000000 0.000000 0.735181 0.000000 1.000000 0.000000 0.000000 0.000000 0.000000 1.000000 -46.907879 0.000000 0.000000 0.000000 1.000000
1.000000 0.000000 0.000000 0.736420 0.000000 1.000000 0.000000 0.000000 0.000000 0.000000 1.000000 -46.930569 0.000000 0.000000 0.000000 1.000000
1.000000 0.000000 0.000000 0.737452 0.000000 1.000000 0.000000 0.000000 0.000000 0.000000 1.000000 -46.948158 0.000000 0.000000 0.000000 1.000000
1.000000 0.000000 0.000000 0.738346 0.000000 1.000000 0.000000 0.000000 0.000000 0.000000 1.000000 -46.962490 0.000000 0.000000 0.000000 1.000000
1.000000 0.000000 0.000000 0.739104 0.000000 1.000000 0.000000 0.000000 0.000000 0.000000 1.000000 -46.973854 0.000000 0.000000 0.000000 1.000000
1.000000 0.000000 0.000000 0.739721 0.000000 1.000000 0.000000 0.000000 0.000000 0.000000 1.000000 -46.982307 0.000000 0.000000 0.000000 1.000000
1.000000 0.000000 0.000000 0.740199 0.000000 1.000000 0.000000 0.000000 0.000000 0.000000 1.000000 -46.988045 0.000000 0.000000 0.000000 1.000000</float_array><technique_common><accessor source="#BatRig_Reference-Matrix-animation-output-transform-array" count="20" stride="16"><param type="float4x4"/></accessor></technique_common></source><source id="BatRig_Reference-Interpolations"><Name_array id="BatRig_Reference-Interpolations-array" count="20">
 LINEAR LINEAR LINEAR LINEAR LINEAR LINEAR LINEAR LINEAR LINEAR LINEAR LINEAR
LINEAR LINEAR LINEAR LINEAR LINEAR LINEAR LINEAR LINEAR LINEAR</Name_array><technique_common><accessor source="#BatRig_Reference-Interpolations-array" count="20"><param type="name"/></accessor></technique_common></source><sampler id="BatRig_Reference-Matrix-animation-transform"><input semantic="INPUT" source="#BatRig_Reference-Matrix-animation-input"/><input semantic="OUTPUT" source="#BatRig_Reference-Matrix-animation-output-transform"/><input semantic="INTERPOLATION" source="#BatRig_Reference-Interpolations"/></sampler><channel source="#BatRig_Reference-Matrix-animation-transform" target="BatRig_Reference/matrix"/></animation><animation><source id="BatRig_Reference-visibility-animation-input"><float_array id="BatRig_Reference-visibility-animation-input-array" count="20">

0.000000 0.041667 0.083333 0.125000 0.166667 0.208333 0.250000 0.291667 0.333333 0.375000 0.416667 0.458333 0.500000 0.541667 0.583333 0.625000
0.666667 0.708333 0.750000 0.791667</float_array><technique_common><accessor source="#BatRig_Reference-visibility-animation-input-array" count="20"><param name="TIME" type="float"/></accessor></technique_common></source><source id="BatRig_Reference-visibility-animation-output"><float_array id="BatRig_Reference-visibility-animation-output-array" count="20">

1.000000 1.000000 1.000000 1.000000 1.000000 1.000000 1.000000 1.000000 1.000000 1.000000 1.000000 1.000000 1.000000 1.000000 1.000000 1.000000
1.000000 1.000000 1.000000 1.000000</float_array><technique_common><accessor source="#BatRig_Reference-visibility-animation-output-array" count="20"><param type="float"/></accessor></technique_common></source><source id="BatRig_Reference-visibility-animation-intan"><float_array id="BatRig_Reference-visibility-animation-intan-array" count="20">

0.000000 0.000000 0.000000 0.000000 0.000000 0.000000 0.000000 0.000000 0.000000 0.000000 0.000000 0.000000 0.000000 0.000000 0.000000 0.000000
0.000000 0.000000 0.000000 0.000000</float_array><technique_common><accessor source="#BatRig_Reference-visibility-animation-intan-array" count="20"><param type="float"/></accessor></technique_common></source><source id="BatRig_Reference-visibility-animation-outtan"><float_array id="BatRig_Reference-visibility-animation-outtan-array" count="20">

0.000000 0.000000 0.000000 0.000000 0.000000 0.000000 0.000000 0.000000 0.000000 0.000000 0.000000 0.000000 0.000000 0.000000 0.000000 0.000000
0.000000 0.000000 0.000000 0.000000</float_array><technique_common><accessor source="#BatRig_Reference-visibility-animation-outtan-array" count="20"><param type="float"/></accessor></technique_common></source><source id="BatRig_Reference-visibility-animation-interpolation"><Name_array id="BatRig_Reference-visibility-animation-interpolation-array" count="20">
 STEP STEP STEP STEP STEP STEP STEP STEP STEP STEP STEP STEP STEP STEP STEP STEP STEP
STEP STEP BEZIER</Name_array><technique_common><accessor source="#BatRig_Reference-visibility-animation-interpolation-array" count="20"><param type="name"/></accessor></technique_common></source><sampler id="BatRig_Reference-visibility-animation"><input semantic="INPUT" source="#BatRig_Reference-visibility-animation-input"/><input semantic="OUTPUT" source="#BatRig_Reference-visibility-animation-output"/><input semantic="IN_TANGENT" source="#BatRig_Reference-visibility-animation-intan"/><input semantic="OUT_TANGENT" source="#BatRig_Reference-visibility-animation-outtan"/><input semantic="INTERPOLATION" source="#BatRig_Reference-visibility-animation-interpolation"/></sampler><channel source="#BatRig_Reference-visibility-animation" target="BatRig_Reference/visibility"/></animation></animation>
    <animation id="BatRig_Hips-anim" name="BatRig_Hips"><animation><source id="BatRig_Hips-Matrix-animation-input"><float_array id="BatRig_Hips-Matrix-animation-input-array" count="20">

0.000000 0.041667 0.083333 0.125000 0.166667 0.208333 0.250000 0.291667 0.333333 0.375000 0.416667 0.458333 0.500000 0.541667 0.583333 0.625000
0.666667 0.708333 0.750000 0.791667</float_array><technique_common><accessor source="#BatRig_Hips-Matrix-animation-input-array" count="20"><param name="TIME" type="float"/></accessor></technique_common></source><source id="BatRig_Hips-Matrix-animation-output-transform"><float_array id="BatRig_Hips-Matrix-animation-output-transform-array" count="320">

0.999768 0.020967 -0.005012 0.000000 -0.020770 0.999115 0.036589 86.881866 0.005775 -0.036476 0.999318 0.000000 0.000000 0.000000 0.000000 1.000000
0.999763 0.021151 -0.005089 0.000000 -0.020953 0.999125 0.036181 86.889778 0.005850 -0.036066 0.999333 0.000000 0.000000 0.000000 0.000000 1.000000
0.999757 0.021429 -0.005269 0.000000 -0.021236 0.999186 0.034319 86.921097 0.006000 -0.034199 0.999397 0.000000 0.000000 0.000000 0.000000 1.000000
0.999757 0.021335 -0.005394 0.000000 -0.021156 0.999288 0.031251 86.967934 0.006057 -0.031129 0.999497 0.000000 0.000000 0.000000 0.000000 1.000000
0.999765 0.020978 -0.005475 0.000000 -0.020820 0.999407 0.027433 87.023872 0.006047 -0.027313 0.999609 0.000000 0.000000 0.000000 0.000000 1.000000
0.999775 0.020451 -0.005518 0.000000 -0.020317 0.999523 0.023263 87.083160 0.005991 -0.023146 0.999714 0.000000 0.000000 0.000000 0.000000 1.000000
0.999788 0.019841 -0.005532 0.000000 -0.019732 0.999622 0.019129 87.140068 0.005909 -0.019016 0.999802 0.000000 0.000000 0.000000 0.000000 1.000000
0.999799 0.019245 -0.005526 0.000000 -0.019158 0.999698 0.015413 87.189636 0.005821 -0.015304 0.999866 0.000000 0.000000 0.000000 0.000000 1.000000
0.999809 0.018761 -0.005511 0.000000 -0.018690 0.999746 0.012587 87.225853 0.005746 -0.012482 0.999905 0.000000 0.000000 0.000000 0.000000 1.000000
0.999814 0.018473 -0.005500 0.000000 -0.018412 0.999770 0.010963 87.245941 0.005701 -0.010860 0.999925 0.000000 0.000000 0.000000 0.000000 1.000000
0.999815 0.018428 -0.005451 0.000000 -0.018368 0.999772 0.010883 87.242668 0.005650 -0.010781 0.999926 0.000000 0.000000 0.000000 0.000000 1.000000
0.999816 0.018464 -0.005195 0.000000 -0.018400 0.999758 0.012061 87.022079 0.005416 -0.011963 0.999914 0.000000 0.000000 0.000000 0.000000 1.000000
0.999817 0.018535 -0.004767 0.000000 -0.018466 0.999729 0.014154 86.954620 0.005028 -0.014063 0.999888 0.000000 0.000000 0.000000 0.000000 1.000000
0.999817 0.018645 -0.004248 0.000000 -0.018570 0.999683 0.017002 86.924606 0.004564 -0.016920 0.999847 0.000000 0.000000 0.000000 0.000000 1.000000
0.999817 0.018791 -0.003726 0.000000 -0.018712 0.999619 0.020301 86.905441 0.004106 -0.020228 0.999787 0.000000 0.000000 0.000000 0.000000 1.000000
0.999815 0.018979 -0.003293 0.000000 -0.018895 0.999537 0.023846 86.893417 0.003744 -0.023779 0.999710 0.000000 0.000000 0.000000 0.000000 1.000000
0.999811 0.019208 -0.003029 0.000000 -0.019118 0.999442 0.027394 86.885498 0.003553 -0.027331 0.999620 0.000000 0.000000 0.000000 0.000000 1.000000
0.999806 0.019483 -0.003017 0.000000 -0.019381 0.999340 0.030711 86.880623 0.003613 -0.030647 0.999524 0.000000 0.000000 0.000000 0.000000 1.000000
0.999798 0.019810 -0.003363 0.000000 -0.019686 0.999243 0.033540 86.878021 0.004025 -0.033467 0.999432 0.000000 0.000000 0.000000 0.000000 1.000000
0.999788 0.020186 -0.004107 0.000000 -0.020027 0.999161 0.035721 86.876953 0.004825 -0.035631 0.999353 0.000000 0.000000 0.000000 0.000000 1.000000</float_array><technique_common><accessor source="#BatRig_Hips-Matrix-animation-output-transform-array" count="20" stride="16"><param type="float4x4"/></accessor></technique_common></source><source id="BatRig_Hips-Interpolations"><Name_array id="BatRig_Hips-Interpolations-array" count="20">
 LINEAR LINEAR LINEAR LINEAR LINEAR LINEAR LINEAR LINEAR LINEAR LINEAR LINEAR
LINEAR LINEAR LINEAR LINEAR LINEAR LINEAR LINEAR LINEAR LINEAR</Name_array><technique_common><accessor source="#BatRig_Hips-Interpolations-array" count="20"><param type="name"/></accessor></technique_common></source><sampler id="BatRig_Hips-Matrix-animation-transform"><input semantic="INPUT" source="#BatRig_Hips-Matrix-animation-input"/><input semantic="OUTPUT" source="#BatRig_Hips-Matrix-animation-output-transform"/><input semantic="INTERPOLATION" source="#BatRig_Hips-Interpolations"/></sampler><channel source="#BatRig_Hips-Matrix-animation-transform" target="BatRig_Hips/matrix"/></animation><animation><source id="BatRig_Hips-visibility-animation-input"><float_array id="BatRig_Hips-visibility-animation-input-array" count="20">

0.000000 0.041667 0.083333 0.125000 0.166667 0.208333 0.250000 0.291667 0.333333 0.375000 0.416667 0.458333 0.500000 0.541667 0.583333 0.625000
0.666667 0.708333 0.750000 0.791667</float_array><technique_common><accessor source="#BatRig_Hips-visibility-animation-input-array" count="20"><param name="TIME" type="float"/></accessor></technique_common></source><source id="BatRig_Hips-visibility-animation-output"><float_array id="BatRig_Hips-visibility-animation-output-array" count="20">

1.000000 1.000000 1.000000 1.000000 1.000000 1.000000 1.000000 1.000000 1.000000 1.000000 1.000000 1.000000 1.000000 1.000000 1.000000 1.000000
1.000000 1.000000 1.000000 1.000000</float_array><technique_common><accessor source="#BatRig_Hips-visibility-animation-output-array" count="20"><param type="float"/></accessor></technique_common></source><source id="BatRig_Hips-visibility-animation-intan"><float_array id="BatRig_Hips-visibility-animation-intan-array" count="20">

0.000000 0.000000 0.000000 0.000000 0.000000 0.000000 0.000000 0.000000 0.000000 0.000000 0.000000 0.000000 0.000000 0.000000 0.000000 0.000000
0.000000 0.000000 0.000000 0.000000</float_array><technique_common><accessor source="#BatRig_Hips-visibility-animation-intan-array" count="20"><param type="float"/></accessor></technique_common></source><source id="BatRig_Hips-visibility-animation-outtan"><float_array id="BatRig_Hips-visibility-animation-outtan-array" count="20">

0.000000 0.000000 0.000000 0.000000 0.000000 0.000000 0.000000 0.000000 0.000000 0.000000 0.000000 0.000000 0.000000 0.000000 0.000000 0.000000
0.000000 0.000000 0.000000 0.000000</float_array><technique_common><accessor source="#BatRig_Hips-visibility-animation-outtan-array" count="20"><param type="float"/></accessor></technique_common></source><source id="BatRig_Hips-visibility-animation-interpolation"><Name_array id="BatRig_Hips-visibility-animation-interpolation-array" count="20">
 STEP STEP STEP STEP STEP STEP STEP STEP STEP STEP STEP STEP STEP STEP STEP STEP STEP
STEP STEP BEZIER</Name_array><technique_common><accessor source="#BatRig_Hips-visibility-animation-interpolation-array" count="20"><param type="name"/></accessor></technique_common></source><sampler id="BatRig_Hips-visibility-animation"><input semantic="INPUT" source="#BatRig_Hips-visibility-animation-input"/><input semantic="OUTPUT" source="#BatRig_Hips-visibility-animation-output"/><input semantic="IN_TANGENT" source="#BatRig_Hips-visibility-animation-intan"/><input semantic="OUT_TANGENT" source="#BatRig_Hips-visibility-animation-outtan"/><input semantic="INTERPOLATION" source="#BatRig_Hips-visibility-animation-interpolation"/></sampler><channel source="#BatRig_Hips-visibility-animation" target="BatRig_Hips/visibility"/></animation></animation>
    <animation id="BatRig_Spine-anim" name="BatRig_Spine"><animation><source id="BatRig_Spine-Matrix-animation-input"><float_array id="BatRig_Spine-Matrix-animation-input-array" count="20">

0.000000 0.041667 0.083333 0.125000 0.166667 0.208333 0.250000 0.291667 0.333333 0.375000 0.416667 0.458333 0.500000 0.541667 0.583333 0.625000
0.666667 0.708333 0.750000 0.791667</float_array><technique_common><accessor source="#BatRig_Spine-Matrix-animation-input-array" count="20"><param name="TIME" type="float"/></accessor></technique_common></source><source id="BatRig_Spine-Matrix-animation-output-transform"><float_array id="BatRig_Spine-Matrix-animation-output-transform-array" count="320">

0.987959 0.002006 -0.154700 -0.000001 0.000669 0.999851 0.017238 3.725677 0.154712 -0.017134 0.987811 0.000001 0.000000 0.000000 0.000000 1.000000
0.987956 0.001842 -0.154721 -0.000001 0.000482 0.999888 0.014979 3.725677 0.154731 -0.014873 0.987845 0.000001 0.000000 0.000000 0.000000 1.000000
0.987954 0.001623 -0.154740 -0.000001 0.000235 0.999928 0.011990 3.725677 0.154748 -0.011882 0.987882 0.000001 0.000000 0.000000 0.000000 1.000000
0.987954 0.001562 -0.154740 -0.000001 0.000166 0.999938 0.011156 3.725677 0.154748 -0.011047 0.987892 0.000001 0.000000 0.000000 0.000000 1.000000
0.987954 0.001527 -0.154742 -0.000001 0.000126 0.999943 0.010670 3.725677 0.154749 -0.010561 0.987898 0.000001 0.000000 0.000000 0.000000 1.000000
0.987954 0.001504 -0.154742 -0.000001 0.000100 0.999947 0.010356 3.725677 0.154749 -0.010247 0.987901 0.000001 0.000000 0.000000 0.000000 1.000000
0.987954 0.001489 -0.154742 -0.000001 0.000083 0.999948 0.010153 3.725677 0.154749 -0.010044 0.987903 0.000001 0.000000 0.000000 0.000000 1.000000
0.987954 0.001479 -0.154741 -0.000001 0.000072 0.999950 0.010019 3.725677 0.154748 -0.009909 0.987904 0.000001 0.000000 0.000000 0.000000 1.000000
0.987954 0.001473 -0.154742 -0.000001 0.000066 0.999951 0.009943 3.725677 0.154749 -0.009833 0.987905 0.000001 0.000000 0.000000 0.000000 1.000000
0.987954 0.001471 -0.154742 -0.000001 0.000063 0.999951 0.009908 3.725677 0.154749 -0.009798 0.987905 0.000001 0.000000 0.000000 0.000000 1.000000
0.987965 0.001662 -0.154667 -0.000001 0.000279 0.999922 0.012527 3.725677 0.154676 -0.012419 0.987887 0.000001 0.000000 0.000000 0.000000 1.000000
0.987972 0.001835 -0.154618 -0.000001 0.000473 0.999889 0.014886 3.725677 0.154628 -0.014780 0.987862 0.000001 0.000000 0.000000 0.000000 1.000000
0.987974 0.001901 -0.154610 -0.000001 0.000549 0.999875 0.015805 3.725677 0.154621 -0.015700 0.987849 0.000001 0.000000 0.000000 0.000000 1.000000
0.987974 0.001941 -0.154613 -0.000001 0.000593 0.999866 0.016344 3.725677 0.154624 -0.016239 0.987840 0.000001 0.000000 0.000000 0.000000 1.000000
0.987972 0.001968 -0.154619 -0.000001 0.000625 0.999860 0.016721 3.725677 0.154630 -0.016617 0.987833 0.000001 0.000000 0.000000 0.000000 1.000000
0.987971 0.001988 -0.154628 -0.000001 0.000646 0.999856 0.016979 3.725677 0.154639 -0.016875 0.987827 0.000001 0.000000 0.000000 0.000000 1.000000
0.987969 0.002001 -0.154637 -0.000001 0.000661 0.999853 0.017161 3.725677 0.154649 -0.017057 0.987822 0.000001 0.000000 0.000000 0.000000 1.000000
0.987967 0.002009 -0.154650 -0.000001 0.000672 0.999850 0.017283 3.725677 0.154662 -0.017179 0.987818 0.000001 0.000000 0.000000 0.000000 1.000000
0.987965 0.002015 -0.154663 -0.000001 0.000678 0.999849 0.017357 3.725677 0.154675 -0.017253 0.987815 0.000001 0.000000 0.000000 0.000000 1.000000
0.987963 0.002018 -0.154679 -0.000001 0.000681 0.999848 0.017395 3.725677 0.154691 -0.017291 0.987812 0.000001 0.000000 0.000000 0.000000 1.000000</float_array><technique_common><accessor source="#BatRig_Spine-Matrix-animation-output-transform-array" count="20" stride="16"><param type="float4x4"/></accessor></technique_common></source><source id="BatRig_Spine-Interpolations"><Name_array id="BatRig_Spine-Interpolations-array" count="20">
 LINEAR LINEAR LINEAR LINEAR LINEAR LINEAR LINEAR LINEAR LINEAR LINEAR LINEAR
LINEAR LINEAR LINEAR LINEAR LINEAR LINEAR LINEAR LINEAR LINEAR</Name_array><technique_common><accessor source="#BatRig_Spine-Interpolations-array" count="20"><param type="name"/></accessor></technique_common></source><sampler id="BatRig_Spine-Matrix-animation-transform"><input semantic="INPUT" source="#BatRig_Spine-Matrix-animation-input"/><input semantic="OUTPUT" source="#BatRig_Spine-Matrix-animation-output-transform"/><input semantic="INTERPOLATION" source="#BatRig_Spine-Interpolations"/></sampler><channel source="#BatRig_Spine-Matrix-animation-transform" target="BatRig_Spine/matrix"/></animation><animation><source id="BatRig_Spine-visibility-animation-input"><float_array id="BatRig_Spine-visibility-animation-input-array" count="20">

0.000000 0.041667 0.083333 0.125000 0.166667 0.208333 0.250000 0.291667 0.333333 0.375000 0.416667 0.458333 0.500000 0.541667 0.583333 0.625000
0.666667 0.708333 0.750000 0.791667</float_array><technique_common><accessor source="#BatRig_Spine-visibility-animation-input-array" count="20"><param name="TIME" type="float"/></accessor></technique_common></source><source id="BatRig_Spine-visibility-animation-output"><float_array id="BatRig_Spine-visibility-animation-output-array" count="20">

1.000000 1.000000 1.000000 1.000000 1.000000 1.000000 1.000000 1.000000 1.000000 1.000000 1.000000 1.000000 1.000000 1.000000 1.000000 1.000000
1.000000 1.000000 1.000000 1.000000</float_array><technique_common><accessor source="#BatRig_Spine-visibility-animation-output-array" count="20"><param type="float"/></accessor></technique_common></source><source id="BatRig_Spine-visibility-animation-intan"><float_array id="BatRig_Spine-visibility-animation-intan-array" count="20">

0.000000 0.000000 0.000000 0.000000 0.000000 0.000000 0.000000 0.000000 0.000000 0.000000 0.000000 0.000000 0.000000 0.000000 0.000000 0.000000
0.000000 0.000000 0.000000 0.000000</float_array><technique_common><accessor source="#BatRig_Spine-visibility-animation-intan-array" count="20"><param type="float"/></accessor></technique_common></source><source id="BatRig_Spine-visibility-animation-outtan"><float_array id="BatRig_Spine-visibility-animation-outtan-array" count="20">

0.000000 0.000000 0.000000 0.000000 0.000000 0.000000 0.000000 0.000000 0.000000 0.000000 0.000000 0.000000 0.000000 0.000000 0.000000 0.000000
0.000000 0.000000 0.000000 0.000000</float_array><technique_common><accessor source="#BatRig_Spine-visibility-animation-outtan-array" count="20"><param type="float"/></accessor></technique_common></source><source id="BatRig_Spine-visibility-animation-interpolation"><Name_array id="BatRig_Spine-visibility-animation-interpolation-array" count="20">
 STEP STEP STEP STEP STEP STEP STEP STEP STEP STEP STEP STEP STEP STEP STEP STEP STEP
STEP STEP BEZIER</Name_array><technique_common><accessor source="#BatRig_Spine-visibility-animation-interpolation-array" count="20"><param type="name"/></accessor></technique_common></source><sampler id="BatRig_Spine-visibility-animation"><input semantic="INPUT" source="#BatRig_Spine-visibility-animation-input"/><input semantic="OUTPUT" source="#BatRig_Spine-visibility-animation-output"/><input semantic="IN_TANGENT" source="#BatRig_Spine-visibility-animation-intan"/><input semantic="OUT_TANGENT" source="#BatRig_Spine-visibility-animation-outtan"/><input semantic="INTERPOLATION" source="#BatRig_Spine-visibility-animation-interpolation"/></sampler><channel source="#BatRig_Spine-visibility-animation" target="BatRig_Spine/visibility"/></animation></animation>
    <animation id="BatRig_Spine1-anim" name="BatRig_Spine1"><animation><source id="BatRig_Spine1-Matrix-animation-input"><float_array id="BatRig_Spine1-Matrix-animation-input-array" count="20">

0.000000 0.041667 0.083333 0.125000 0.166667 0.208333 0.250000 0.291667 0.333333 0.375000 0.416667 0.458333 0.500000 0.541667 0.583333 0.625000
0.666667 0.708333 0.750000 0.791667</float_array><technique_common><accessor source="#BatRig_Spine1-Matrix-animation-input-array" count="20"><param name="TIME" type="float"/></accessor></technique_common></source><source id="BatRig_Spine1-Matrix-animation-output-transform"><float_array id="BatRig_Spine1-Matrix-animation-output-transform-array" count="320">

0.996203 0.000898 0.087061 0.000002 0.014196 0.984890 -0.172596 10.999832 -0.085900 0.173176 0.981138 -0.000003 0.000000 0.000000 0.000000 1.000000
0.996182 0.000394 0.087305 0.000002 0.014206 0.985931 -0.166548 10.999832 -0.086142 0.167152 0.982161 -0.000003 0.000000 0.000000 0.000000 1.000000
0.996163 -0.000275 0.087519 0.000002 0.014201 0.987251 -0.158538 10.999832 -0.086360 0.159172 0.983467 -0.000003 0.000000 0.000000 0.000000 1.000000
0.996161 -0.000460 0.087536 0.000002 0.014191 0.987607 -0.156303 10.999832 -0.086379 0.156945 0.983822 -0.000003 0.000000 0.000000 0.000000 1.000000
0.996161 -0.000570 0.087542 0.000002 0.014186 0.987813 -0.154998 10.999832 -0.086387 0.155645 0.984028 -0.000003 0.000000 0.000000 0.000000 1.000000
0.996160 -0.000639 0.087545 0.000002 0.014181 0.987944 -0.154158 10.999832 -0.086391 0.154807 0.984160 -0.000003 0.000000 0.000000 0.000000 1.000000
0.996160 -0.000685 0.087546 0.000002 0.014179 0.988029 -0.153612 10.999832 -0.086393 0.154263 0.984245 -0.000003 0.000000 0.000000 0.000000 1.000000
0.996160 -0.000715 0.087547 0.000002 0.014177 0.988085 -0.153250 10.999832 -0.086394 0.153903 0.984301 -0.000003 0.000000 0.000000 0.000000 1.000000
0.996160 -0.000731 0.087547 0.000002 0.014176 0.988117 -0.153047 10.999832 -0.086395 0.153700 0.984333 -0.000003 0.000000 0.000000 0.000000 1.000000
0.996160 -0.000740 0.087547 0.000002 0.014176 0.988132 -0.152951 10.999832 -0.086395 0.153605 0.984348 -0.000003 0.000000 0.000000 0.000000 1.000000
0.996239 -0.000153 0.086643 0.000002 0.014066 0.987018 -0.159990 10.999832 -0.085494 0.160607 0.983308 -0.000003 0.000000 0.000000 0.000000 1.000000
0.996291 0.000373 0.086038 0.000002 0.013994 0.985973 -0.166316 10.999832 -0.084893 0.166903 0.982312 -0.000003 0.000000 0.000000 0.000000 1.000000
0.996300 0.000577 0.085943 0.000002 0.013988 0.985554 -0.168778 10.999832 -0.084799 0.169356 0.981900 -0.000003 0.000000 0.000000 0.000000 1.000000
0.996297 0.000698 0.085967 0.000002 0.013997 0.985307 -0.170218 10.999832 -0.084823 0.170791 0.981650 -0.000003 0.000000 0.000000 0.000000 1.000000
0.996291 0.000782 0.086042 0.000002 0.014014 0.985132 -0.171227 10.999832 -0.084897 0.171798 0.981467 -0.000003 0.000000 0.000000 0.000000 1.000000
0.996281 0.000840 0.086154 0.000002 0.014036 0.985012 -0.171914 10.999832 -0.085007 0.172484 0.981337 -0.000003 0.000000 0.000000 0.000000 1.000000
0.996270 0.000881 0.086288 0.000002 0.014061 0.984927 -0.172400 10.999832 -0.085139 0.172970 0.981241 -0.000003 0.000000 0.000000 0.000000 1.000000
0.996256 0.000908 0.086441 0.000002 0.014089 0.984869 -0.172725 10.999832 -0.085290 0.173296 0.981170 -0.000003 0.000000 0.000000 0.000000 1.000000
0.996242 0.000925 0.086610 0.000002 0.014119 0.984835 -0.172920 10.999832 -0.085456 0.173493 0.981120 -0.000003 0.000000 0.000000 0.000000 1.000000
0.996226 0.000932 0.086787 0.000002 0.014151 0.984817 -0.173020 10.999832 -0.085631 0.173595 0.981087 -0.000003 0.000000 0.000000 0.000000 1.000000</float_array><technique_common><accessor source="#BatRig_Spine1-Matrix-animation-output-transform-array" count="20" stride="16"><param type="float4x4"/></accessor></technique_common></source><source id="BatRig_Spine1-Interpolations"><Name_array id="BatRig_Spine1-Interpolations-array" count="20">
 LINEAR LINEAR LINEAR LINEAR LINEAR LINEAR LINEAR LINEAR LINEAR LINEAR LINEAR
LINEAR LINEAR LINEAR LINEAR LINEAR LINEAR LINEAR LINEAR LINEAR</Name_array><technique_common><accessor source="#BatRig_Spine1-Interpolations-array" count="20"><param type="name"/></accessor></technique_common></source><sampler id="BatRig_Spine1-Matrix-animation-transform"><input semantic="INPUT" source="#BatRig_Spine1-Matrix-animation-input"/><input semantic="OUTPUT" source="#BatRig_Spine1-Matrix-animation-output-transform"/><input semantic="INTERPOLATION" source="#BatRig_Spine1-Interpolations"/></sampler><channel source="#BatRig_Spine1-Matrix-animation-transform" target="BatRig_Spine1/matrix"/></animation><animation><source id="BatRig_Spine1-visibility-animation-input"><float_array id="BatRig_Spine1-visibility-animation-input-array" count="20">

0.000000 0.041667 0.083333 0.125000 0.166667 0.208333 0.250000 0.291667 0.333333 0.375000 0.416667 0.458333 0.500000 0.541667 0.583333 0.625000
0.666667 0.708333 0.750000 0.791667</float_array><technique_common><accessor source="#BatRig_Spine1-visibility-animation-input-array" count="20"><param name="TIME" type="float"/></accessor></technique_common></source><source id="BatRig_Spine1-visibility-animation-output"><float_array id="BatRig_Spine1-visibility-animation-output-array" count="20">

1.000000 1.000000 1.000000 1.000000 1.000000 1.000000 1.000000 1.000000 1.000000 1.000000 1.000000 1.000000 1.000000 1.000000 1.000000 1.000000
1.000000 1.000000 1.000000 1.000000</float_array><technique_common><accessor source="#BatRig_Spine1-visibility-animation-output-array" count="20"><param type="float"/></accessor></technique_common></source><source id="BatRig_Spine1-visibility-animation-intan"><float_array id="BatRig_Spine1-visibility-animation-intan-array" count="20">

0.000000 0.000000 0.000000 0.000000 0.000000 0.000000 0.000000 0.000000 0.000000 0.000000 0.000000 0.000000 0.000000 0.000000 0.000000 0.000000
0.000000 0.000000 0.000000 0.000000</float_array><technique_common><accessor source="#BatRig_Spine1-visibility-animation-intan-array" count="20"><param type="float"/></accessor></technique_common></source><source id="BatRig_Spine1-visibility-animation-outtan"><float_array id="BatRig_Spine1-visibility-animation-outtan-array" count="20">

0.000000 0.000000 0.000000 0.000000 0.000000 0.000000 0.000000 0.000000 0.000000 0.000000 0.000000 0.000000 0.000000 0.000000 0.000000 0.000000
0.000000 0.000000 0.000000 0.000000</float_array><technique_common><accessor source="#BatRig_Spine1-visibility-animation-outtan-array" count="20"><param type="float"/></accessor></technique_common></source><source id="BatRig_Spine1-visibility-animation-interpolation"><Name_array id="BatRig_Spine1-visibility-animation-interpolation-array" count="20">
 STEP STEP STEP STEP STEP STEP STEP STEP STEP STEP STEP STEP STEP STEP STEP STEP STEP
STEP STEP BEZIER</Name_array><technique_common><accessor source="#BatRig_Spine1-visibility-animation-interpolation-array" count="20"><param type="name"/></accessor></technique_common></source><sampler id="BatRig_Spine1-visibility-animation"><input semantic="INPUT" source="#BatRig_Spine1-visibility-animation-input"/><input semantic="OUTPUT" source="#BatRig_Spine1-visibility-animation-output"/><input semantic="IN_TANGENT" source="#BatRig_Spine1-visibility-animation-intan"/><input semantic="OUT_TANGENT" source="#BatRig_Spine1-visibility-animation-outtan"/><input semantic="INTERPOLATION" source="#BatRig_Spine1-visibility-animation-interpolation"/></sampler><channel source="#BatRig_Spine1-visibility-animation" target="BatRig_Spine1/visibility"/></animation></animation>
    <animation id="BatRig_Spine2-anim" name="BatRig_Spine2"><animation><source id="BatRig_Spine2-Matrix-animation-input"><float_array id="BatRig_Spine2-Matrix-animation-input-array" count="20">

0.000000 0.041667 0.083333 0.125000 0.166667 0.208333 0.250000 0.291667 0.333333 0.375000 0.416667 0.458333 0.500000 0.541667 0.583333 0.625000
0.666667 0.708333 0.750000 0.791667</float_array><technique_common><accessor source="#BatRig_Spine2-Matrix-animation-input-array" count="20"><param name="TIME" type="float"/></accessor></technique_common></source><source id="BatRig_Spine2-Matrix-animation-output-transform"><float_array id="BatRig_Spine2-Matrix-animation-output-transform-array" count="320">

0.998992 0.034881 -0.028266 0.000000 -0.038453 0.989731 -0.137673 11.776703 0.023174 0.138621 0.990074 0.000004 0.000000 0.000000 0.000000 1.000000
0.998995 0.034947 -0.028080 0.000000 -0.038351 0.990561 -0.131596 11.776703 0.023216 0.132541 0.990905 0.000004 0.000000 0.000000 0.000000 1.000000
0.998999 0.035013 -0.027831 0.000000 -0.038196 0.991603 -0.123550 11.776703 0.023271 0.124489 0.991948 0.000004 0.000000 0.000000 0.000000 1.000000
0.999001 0.035022 -0.027761 -0.000000 -0.038143 0.991882 -0.121303 11.776703 0.023287 0.122241 0.992227 0.000004 0.000000 0.000000 0.000000 1.000000
0.999002 0.035027 -0.027720 0.000000 -0.038112 0.992043 -0.119993 11.776703 0.023296 0.120930 0.992388 0.000004 0.000000 0.000000 0.000000 1.000000
0.999003 0.035029 -0.027693 0.000000 -0.038091 0.992146 -0.119149 11.776703 0.023302 0.120085 0.992490 0.000004 0.000000 0.000000 0.000000 1.000000
0.999003 0.035031 -0.027675 0.000000 -0.038078 0.992212 -0.118601 11.776703 0.023305 0.119537 0.992556 0.000004 0.000000 0.000000 0.000000 1.000000
0.999003 0.035032 -0.027664 -0.000000 -0.038070 0.992255 -0.118238 11.776703 0.023308 0.119173 0.992600 0.000004 0.000000 0.000000 0.000000 1.000000
0.999003 0.035033 -0.027658 0.000000 -0.038065 0.992280 -0.118033 11.776703 0.023309 0.118968 0.992625 0.000004 0.000000 0.000000 0.000000 1.000000
0.999003 0.035033 -0.027655 0.000000 -0.038062 0.992291 -0.117937 11.776703 0.023310 0.118872 0.992635 0.000004 0.000000 0.000000 0.000000 1.000000
0.999005 0.034827 -0.027861 0.000000 -0.038049 0.991427 -0.125001 11.776703 0.023269 0.125937 0.991765 0.000004 0.000000 0.000000 0.000000 1.000000
0.999005 0.034686 -0.028051 0.000000 -0.038083 0.990604 -0.131353 11.776703 0.023231 0.132290 0.990939 0.000004 0.000000 0.000000 0.000000 1.000000
0.999003 0.034660 -0.028126 0.000000 -0.038125 0.990271 -0.133826 11.776703 0.023214 0.134765 0.990606 0.000004 0.000000 0.000000 0.000000 1.000000
0.999002 0.034661 -0.028172 0.000000 -0.038166 0.990073 -0.135274 11.776703 0.023204 0.136214 0.990408 0.000004 0.000000 0.000000 0.000000 1.000000
0.999001 0.034675 -0.028206 0.000000 -0.038208 0.989932 -0.136289 11.776703 0.023196 0.137230 0.990268 0.000004 0.000000 0.000000 0.000000 1.000000
0.998999 0.034696 -0.028230 0.000000 -0.038248 0.989835 -0.136980 11.776703 0.023190 0.137923 0.990171 0.000004 0.000000 0.000000 0.000000 1.000000
0.998998 0.034722 -0.028246 0.000000 -0.038288 0.989766 -0.137469 11.776703 0.023184 0.138413 0.990103 0.000004 0.000000 0.000000 0.000000 1.000000
0.998996 0.034753 -0.028259 0.000000 -0.038328 0.989718 -0.137797 11.776703 0.023180 0.138742 0.990057 0.000004 0.000000 0.000000 0.000000 1.000000
0.998995 0.034787 -0.028269 -0.000000 -0.038368 0.989690 -0.137996 11.776703 0.023177 0.138942 0.990030 0.000004 0.000000 0.000000 0.000000 1.000000
0.998993 0.034824 -0.028275 0.000000 -0.038408 0.989674 -0.138097 11.776703 0.023174 0.139044 0.990015 0.000004 0.000000 0.000000 0.000000 1.000000</float_array><technique_common><accessor source="#BatRig_Spine2-Matrix-animation-output-transform-array" count="20" stride="16"><param type="float4x4"/></accessor></technique_common></source><source id="BatRig_Spine2-Interpolations"><Name_array id="BatRig_Spine2-Interpolations-array" count="20">
 LINEAR LINEAR LINEAR LINEAR LINEAR LINEAR LINEAR LINEAR LINEAR LINEAR LINEAR
LINEAR LINEAR LINEAR LINEAR LINEAR LINEAR LINEAR LINEAR LINEAR</Name_array><technique_common><accessor source="#BatRig_Spine2-Interpolations-array" count="20"><param type="name"/></accessor></technique_common></source><sampler id="BatRig_Spine2-Matrix-animation-transform"><input semantic="INPUT" source="#BatRig_Spine2-Matrix-animation-input"/><input semantic="OUTPUT" source="#BatRig_Spine2-Matrix-animation-output-transform"/><input semantic="INTERPOLATION" source="#BatRig_Spine2-Interpolations"/></sampler><channel source="#BatRig_Spine2-Matrix-animation-transform" target="BatRig_Spine2/matrix"/></animation><animation><source id="BatRig_Spine2-visibility-animation-input"><float_array id="BatRig_Spine2-visibility-animation-input-array" count="20">

0.000000 0.041667 0.083333 0.125000 0.166667 0.208333 0.250000 0.291667 0.333333 0.375000 0.416667 0.458333 0.500000 0.541667 0.583333 0.625000
0.666667 0.708333 0.750000 0.791667</float_array><technique_common><accessor source="#BatRig_Spine2-visibility-animation-input-array" count="20"><param name="TIME" type="float"/></accessor></technique_common></source><source id="BatRig_Spine2-visibility-animation-output"><float_array id="BatRig_Spine2-visibility-animation-output-array" count="20">

1.000000 1.000000 1.000000 1.000000 1.000000 1.000000 1.000000 1.000000 1.000000 1.000000 1.000000 1.000000 1.000000 1.000000 1.000000 1.000000
1.000000 1.000000 1.000000 1.000000</float_array><technique_common><accessor source="#BatRig_Spine2-visibility-animation-output-array" count="20"><param type="float"/></accessor></technique_common></source><source id="BatRig_Spine2-visibility-animation-intan"><float_array id="BatRig_Spine2-visibility-animation-intan-array" count="20">

0.000000 0.000000 0.000000 0.000000 0.000000 0.000000 0.000000 0.000000 0.000000 0.000000 0.000000 0.000000 0.000000 0.000000 0.000000 0.000000
0.000000 0.000000 0.000000 0.000000</float_array><technique_common><accessor source="#BatRig_Spine2-visibility-animation-intan-array" count="20"><param type="float"/></accessor></technique_common></source><source id="BatRig_Spine2-visibility-animation-outtan"><float_array id="BatRig_Spine2-visibility-animation-outtan-array" count="20">

0.000000 0.000000 0.000000 0.000000 0.000000 0.000000 0.000000 0.000000 0.000000 0.000000 0.000000 0.000000 0.000000 0.000000 0.000000 0.000000
0.000000 0.000000 0.000000 0.000000</float_array><technique_common><accessor source="#BatRig_Spine2-visibility-animation-outtan-array" count="20"><param type="float"/></accessor></technique_common></source><source id="BatRig_Spine2-visibility-animation-interpolation"><Name_array id="BatRig_Spine2-visibility-animation-interpolation-array" count="20">
 STEP STEP STEP STEP STEP STEP STEP STEP STEP STEP STEP STEP STEP STEP STEP STEP STEP
STEP STEP BEZIER</Name_array><technique_common><accessor source="#BatRig_Spine2-visibility-animation-interpolation-array" count="20"><param type="name"/></accessor></technique_common></source><sampler id="BatRig_Spine2-visibility-animation"><input semantic="INPUT" source="#BatRig_Spine2-visibility-animation-input"/><input semantic="OUTPUT" source="#BatRig_Spine2-visibility-animation-output"/><input semantic="IN_TANGENT" source="#BatRig_Spine2-visibility-animation-intan"/><input semantic="OUT_TANGENT" source="#BatRig_Spine2-visibility-animation-outtan"/><input semantic="INTERPOLATION" source="#BatRig_Spine2-visibility-animation-interpolation"/></sampler><channel source="#BatRig_Spine2-visibility-animation" target="BatRig_Spine2/visibility"/></animation></animation>
    <animation id="BatRig_Spine3-anim" name="BatRig_Spine3"><animation><source id="BatRig_Spine3-Matrix-animation-input"><float_array id="BatRig_Spine3-Matrix-animation-input-array" count="20">

0.000000 0.041667 0.083333 0.125000 0.166667 0.208333 0.250000 0.291667 0.333333 0.375000 0.416667 0.458333 0.500000 0.541667 0.583333 0.625000
0.666667 0.708333 0.750000 0.791667</float_array><technique_common><accessor source="#BatRig_Spine3-Matrix-animation-input-array" count="20"><param name="TIME" type="float"/></accessor></technique_common></source><source id="BatRig_Spine3-Matrix-animation-output-transform"><float_array id="BatRig_Spine3-Matrix-animation-output-transform-array" count="320">

0.999809 0.006711 0.018380 0.000001 -0.004767 0.994585 -0.103819 13.030716 -0.018977 0.103712 0.994426 -1.061704 0.000000 0.000000 0.000000 1.000000
0.999810 0.006593 0.018365 0.000001 -0.004768 0.995203 -0.097714 13.030716 -0.018921 0.097608 0.995045 -1.061704 0.000000 0.000000 0.000000 1.000000
0.999811 0.006437 0.018344 0.000001 -0.004768 0.995964 -0.089630 13.030716 -0.018847 0.089526 0.995806 -1.061704 0.000000 0.000000 0.000000 1.000000
0.999811 0.006394 0.018338 0.000001 -0.004768 0.996164 -0.087374 13.030716 -0.018826 0.087270 0.996007 -1.061704 0.000000 0.000000 0.000000 1.000000
0.999812 0.006369 0.018334 0.000001 -0.004768 0.996279 -0.086059 13.030716 -0.018814 0.085955 0.996121 -1.061704 0.000000 0.000000 0.000000 1.000000
