<?xml version="1.0" encoding="utf-8"?>
<COLLADA xmlns="http://www.collada.org/2005/11/COLLADASchema" version="1.4.1">
  <asset><contributor><author></author><authoring_tool>FBX COLLADA exporter</authoring_tool><comments></comments></contributor><created>2017-08-30T19:32:19Z</created><keywords></keywords><modified>2017-08-30T19:32:19Z</modified><revision></revision><subject></subject><title></title><unit meter="0.010000" name="centimeter"></unit><up_axis>Y_UP</up_axis></asset>
  <library_animations>
    <animation id="BatRig_Reference-anim" name="BatRig_Reference"><animation><source id="BatRig_Reference-Matrix-animation-input"><float_array id="BatRig_Reference-Matrix-animation-input-array" count="21">

0.000000 0.041667 0.083333 0.125000 0.166667 0.208333 0.250000 0.291667 0.333333 0.375000 0.416667 0.458333 0.500000 0.541667 0.583333 0.625000
0.666667 0.708333 0.750000 0.791667 0.833333</float_array><technique_common><accessor source="#BatRig_Reference-Matrix-animation-input-array" count="21"><param name="TIME" type="float"/></accessor></technique_common></source><source id="BatRig_Reference-Matrix-animation-output-transform"><float_array id="BatRig_Reference-Matrix-animation-output-transform-array" count="336">

1.000000 0.000000 0.000000 1.289532 0.000000 1.000000 0.000000 0.000000 0.000000 0.000000 1.000000 13.628151 0.000000 0.000000 0.000000 1.000000
1.000000 0.000000 0.000000 1.289532 0.000000 1.000000 0.000000 0.000000 0.000000 0.000000 1.000000 13.628151 0.000000 0.000000 0.000000 1.000000
1.000000 0.000000 0.000000 -0.089706 0.000000 1.000000 0.000000 0.000000 0.000000 0.000000 1.000000 22.568331 0.000000 0.000000 0.000000 1.000000
1.000000 0.000000 0.000000 -0.246538 0.000000 1.000000 0.000000 0.000000 0.000000 0.000000 1.000000 23.342390 0.000000 0.000000 0.000000 1.000000
1.000000 0.000000 0.000000 -0.248666 0.000000 1.000000 0.000000 0.000000 0.000000 0.000000 1.000000 35.762051 0.000000 0.000000 0.000000 1.000000
1.000000 0.000000 0.000000 -1.022586 0.000000 1.000000 0.000000 0.000000 0.000000 0.000000 1.000000 48.143494 0.000000 0.000000 0.000000 1.000000
1.000000 0.000000 0.000000 0.624854 0.000000 1.000000 0.000000 0.000000 0.000000 0.000000 1.000000 73.859436 0.000000 0.000000 0.000000 1.000000
1.000000 0.000000 0.000000 0.624854 0.000000 1.000000 0.000000 0.000000 0.000000 0.000000 1.000000 73.859436 0.000000 0.000000 0.000000 1.000000
1.000000 0.000000 0.000000 2.912386 0.000000 1.000000 0.000000 0.000000 0.000000 0.000000 1.000000 72.772568 0.000000 0.000000 0.000000 1.000000
1.000000 0.000000 0.000000 4.785773 0.000000 1.000000 0.000000 0.000000 0.000000 0.000000 1.000000 70.384109 0.000000 0.000000 0.000000 1.000000
1.000000 0.000000 0.000000 5.806873 0.000000 1.000000 0.000000 0.000000 0.000000 0.000000 1.000000 68.844231 0.000000 0.000000 0.000000 1.000000
1.000000 0.000000 0.000000 1.693791 0.000000 1.000000 0.000000 0.000000 0.000000 0.000000 1.000000 69.959946 0.000000 0.000000 0.000000 1.000000
1.000000 0.000000 0.000000 0.891386 0.000000 1.000000 0.000000 0.000000 0.000000 0.000000 1.000000 70.641006 0.000000 0.000000 0.000000 1.000000
1.000000 0.000000 0.000000 0.897496 0.000000 1.000000 0.000000 0.000000 0.000000 0.000000 1.000000 71.432266 0.000000 0.000000 0.000000 1.000000
1.000000 0.000000 0.000000 0.909380 0.000000 1.000000 0.000000 0.000000 0.000000 0.000000 1.000000 72.226997 0.000000 0.000000 0.000000 1.000000
1.000000 0.000000 0.000000 0.933675 0.000000 1.000000 0.000000 0.000000 0.000000 0.000000 1.000000 73.017685 0.000000 0.000000 0.000000 1.000000
1.000000 0.000000 0.000000 0.977779 0.000000 1.000000 0.000000 0.000000 0.000000 0.000000 1.000000 73.797234 0.000000 0.000000 0.000000 1.000000
1.000000 0.000000 0.000000 2.023883 0.000000 1.000000 0.000000 0.000000 0.000000 0.000000 1.000000 74.332153 0.000000 0.000000 0.000000 1.000000
1.000000 0.000000 0.000000 3.853200 0.000000 1.000000 0.000000 0.000000 0.000000 0.000000 1.000000 75.530724 0.000000 0.000000 0.000000 1.000000
1.000000 0.000000 0.000000 3.796147 0.000000 1.000000 0.000000 0.000000 0.000000 0.000000 1.000000 75.510437 0.000000 0.000000 0.000000 1.000000
1.000000 0.000000 0.000000 3.498400 0.000000 1.000000 0.000000 0.000000 0.000000 0.000000 1.000000 75.336937 0.000000 0.000000 0.000000 1.000000</float_array><technique_common><accessor source="#BatRig_Reference-Matrix-animation-output-transform-array" count="21" stride="16"><param type="float4x4"/></accessor></technique_common></source><source id="BatRig_Reference-Interpolations"><Name_array id="BatRig_Reference-Interpolations-array" count="21">
 LINEAR LINEAR LINEAR LINEAR LINEAR LINEAR LINEAR LINEAR LINEAR LINEAR LINEAR
LINEAR LINEAR LINEAR LINEAR LINEAR LINEAR LINEAR LINEAR LINEAR LINEAR</Name_array><technique_common><accessor source="#BatRig_Reference-Interpolations-array" count="21"><param type="name"/></accessor></technique_common></source><sampler id="BatRig_Reference-Matrix-animation-transform"><input semantic="INPUT" source="#BatRig_Reference-Matrix-animation-input"/><input semantic="OUTPUT" source="#BatRig_Reference-Matrix-animation-output-transform"/><input semantic="INTERPOLATION" source="#BatRig_Reference-Interpolations"/></sampler><channel source="#BatRig_Reference-Matrix-animation-transform" target="BatRig_Reference/matrix"/></animation><animation><source id="BatRig_Reference-visibility-animation-input"><float_array id="BatRig_Reference-visibility-animation-input-array" count="21">

0.000000 0.041667 0.083333 0.125000 0.166667 0.208333 0.250000 0.291667 0.333333 0.375000 0.416667 0.458333 0.500000 0.541667 0.583333 0.625000
0.666667 0.708333 0.750000 0.791667 0.833333</float_array><technique_common><accessor source="#BatRig_Reference-visibility-animation-input-array" count="21"><param name="TIME" type="float"/></accessor></technique_common></source><source id="BatRig_Reference-visibility-animation-output"><float_array id="BatRig_Reference-visibility-animation-output-array" count="21">

1.000000 1.000000 1.000000 1.000000 1.000000 1.000000 1.000000 1.000000 1.000000 1.000000 1.000000 1.000000 1.000000 1.000000 1.000000 1.000000
1.000000 1.000000 1.000000 1.000000 1.000000</float_array><technique_common><accessor source="#BatRig_Reference-visibility-animation-output-array" count="21"><param type="float"/></accessor></technique_common></source><source id="BatRig_Reference-visibility-animation-intan"><float_array id="BatRig_Reference-visibility-animation-intan-array" count="21">

0.000000 0.000000 0.000000 0.000000 0.000000 0.000000 0.000000 0.000000 0.000000 0.000000 0.000000 0.000000 0.000000 0.000000 0.000000 0.000000
0.000000 0.000000 0.000000 0.000000 0.000000</float_array><technique_common><accessor source="#BatRig_Reference-visibility-animation-intan-array" count="21"><param type="float"/></accessor></technique_common></source><source id="BatRig_Reference-visibility-animation-outtan"><float_array id="BatRig_Reference-visibility-animation-outtan-array" count="21">

0.000000 0.000000 0.000000 0.000000 0.000000 0.000000 0.000000 0.000000 0.000000 0.000000 0.000000 0.000000 0.000000 0.000000 0.000000 0.000000
0.000000 0.000000 0.000000 0.000000 0.000000</float_array><technique_common><accessor source="#BatRig_Reference-visibility-animation-outtan-array" count="21"><param type="float"/></accessor></technique_common></source><source id="BatRig_Reference-visibility-animation-interpolation"><Name_array id="BatRig_Reference-visibility-animation-interpolation-array" count="21">
 STEP STEP STEP STEP STEP STEP STEP STEP STEP STEP STEP STEP STEP STEP STEP STEP STEP
STEP STEP STEP BEZIER</Name_array><technique_common><accessor source="#BatRig_Reference-visibility-animation-interpolation-array" count="21"><param type="name"/></accessor></technique_common></source><sampler id="BatRig_Reference-visibility-animation"><input semantic="INPUT" source="#BatRig_Reference-visibility-animation-input"/><input semantic="OUTPUT" source="#BatRig_Reference-visibility-animation-output"/><input semantic="IN_TANGENT" source="#BatRig_Reference-visibility-animation-intan"/><input semantic="OUT_TANGENT" source="#BatRig_Reference-visibility-animation-outtan"/><input semantic="INTERPOLATION" source="#BatRig_Reference-visibility-animation-interpolation"/></sampler><channel source="#BatRig_Reference-visibility-animation" target="BatRig_Reference/visibility"/></animation></animation>
    <animation id="BatRig_Hips-anim" name="BatRig_Hips"><animation><source id="BatRig_Hips-Matrix-animation-input"><float_array id="BatRig_Hips-Matrix-animation-input-array" count="21">

0.000000 0.041667 0.083333 0.125000 0.166667 0.208333 0.250000 0.291667 0.333333 0.375000 0.416667 0.458333 0.500000 0.541667 0.583333 0.625000
0.666667 0.708333 0.750000 0.791667 0.833333</float_array><technique_common><accessor source="#BatRig_Hips-Matrix-animation-input-array" count="21"><param name="TIME" type="float"/></accessor></technique_common></source><source id="BatRig_Hips-Matrix-animation-output-transform"><float_array id="BatRig_Hips-Matrix-animation-output-transform-array" count="336">

0.574846 0.084191 0.813919 0.000000 0.060649 0.987573 -0.144988 76.582092 -0.816011 0.132709 0.562596 0.000000 0.000000 0.000000 0.000000 1.000000
0.574846 0.084191 0.813919 0.000000 0.060649 0.987573 -0.144988 76.582092 -0.816011 0.132709 0.562596 0.000000 0.000000 0.000000 0.000000 1.000000
0.576571 0.114934 0.808923 0.000000 0.060301 0.981370 -0.182417 74.107658 -0.814819 0.153955 0.558899 0.000000 0.000000 0.000000 0.000000 1.000000
0.581262 0.118419 0.805054 0.000000 0.140065 0.960027 -0.242344 73.377831 -0.801571 0.253625 0.541441 0.000000 0.000000 0.000000 0.000000 1.000000
0.811892 0.216754 0.542078 0.000000 -0.060542 0.954776 -0.291098 75.156006 -0.580659 0.203522 0.788298 0.000000 0.000000 0.000000 0.000000 1.000000
0.953656 0.117234 0.277120 0.000000 -0.037892 0.960436 -0.275910 76.072235 -0.298502 0.252623 0.920368 0.000000 0.000000 0.000000 0.000000 1.000000
0.969728 0.174256 0.171061 0.000000 -0.124093 0.955008 -0.269372 69.098305 -0.210304 0.239990 0.947722 0.000000 0.000000 0.000000 0.000000 1.000000
0.969728 0.174256 0.171061 0.000000 -0.124093 0.955008 -0.269372 69.098305 -0.210304 0.239990 0.947722 0.000000 0.000000 0.000000 0.000000 1.000000
0.933841 0.127218 0.334299 0.000000 -0.020191 0.951871 -0.305834 72.738586 -0.357117 0.278851 0.891465 0.000000 0.000000 0.000000 0.000000 1.000000
0.889547 0.082842 0.449271 0.000000 0.075433 0.943288 -0.323291 73.514397 -0.450574 0.321472 0.832850 0.000000 0.000000 0.000000 0.000000 1.000000
0.830109 0.052301 0.555143 0.000000 0.159606 0.931648 -0.326432 73.667236 -0.534270 0.359578 0.765022 0.000000 0.000000 0.000000 0.000000 1.000000
0.740493 0.086230 0.666509 0.000000 0.169262 0.935838 -0.309125 73.756081 -0.650400 0.341720 0.678386 0.000000 0.000000 0.000000 0.000000 1.000000
0.722980 0.091796 0.684743 0.000000 0.163164 0.940408 -0.298345 73.890472 -0.671325 0.327423 0.664919 0.000000 0.000000 0.000000 0.000000 1.000000
0.709944 0.091296 0.698316 0.000000 0.155225 0.946892 -0.281604 73.990280 -0.686939 0.308319 0.658069 0.000000 0.000000 0.000000 0.000000 1.000000
0.692914 0.089417 0.715454 0.000000 0.143968 0.955140 -0.258805 74.064949 -0.706501 0.282332 0.648957 0.000000 0.000000 0.000000 0.000000 1.000000
0.673760 0.086529 0.733867 0.000000 0.130782 0.963480 -0.233673 74.205841 -0.727285 0.253416 0.637838 0.000000 0.000000 0.000000 0.000000 1.000000
0.654494 0.083344 0.751460 0.000000 0.117413 0.970644 -0.209916 74.505165 -0.746895 0.225620 0.625495 0.000000 0.000000 0.000000 0.000000 1.000000
0.573900 0.067354 0.816151 0.000000 0.060805 0.990356 -0.124487 79.598503 -0.816665 0.121069 0.564270 0.000000 0.000000 0.000000 0.000000 1.000000
0.563290 0.021257 0.825986 0.000000 0.055094 0.996478 -0.063216 79.535980 -0.824421 0.081116 0.560135 0.000000 0.000000 0.000000 0.000000 1.000000
0.566458 0.026687 0.823658 0.000000 0.057300 0.995781 -0.071671 79.447205 -0.822096 0.087794 0.562539 0.000000 0.000000 0.000000 0.000000 1.000000
0.569636 0.034213 0.821185 0.000000 0.059304 0.994818 -0.082585 79.452858 -0.819755 0.095743 0.564655 0.000000 0.000000 0.000000 0.000000 1.000000</float_array><technique_common><accessor source="#BatRig_Hips-Matrix-animation-output-transform-array" count="21" stride="16"><param type="float4x4"/></accessor></technique_common></source><source id="BatRig_Hips-Interpolations"><Name_array id="BatRig_Hips-Interpolations-array" count="21">
 LINEAR LINEAR LINEAR LINEAR LINEAR LINEAR LINEAR LINEAR LINEAR LINEAR LINEAR
LINEAR LINEAR LINEAR LINEAR LINEAR LINEAR LINEAR LINEAR LINEAR LINEAR</Name_array><technique_common><accessor source="#BatRig_Hips-Interpolations-array" count="21"><param type="name"/></accessor></technique_common></source><sampler id="BatRig_Hips-Matrix-animation-transform"><input semantic="INPUT" source="#BatRig_Hips-Matrix-animation-input"/><input semantic="OUTPUT" source="#BatRig_Hips-Matrix-animation-output-transform"/><input semantic="INTERPOLATION" source="#BatRig_Hips-Interpolations"/></sampler><channel source="#BatRig_Hips-Matrix-animation-transform" target="BatRig_Hips/matrix"/></animation><animation><source id="BatRig_Hips-visibility-animation-input"><float_array id="BatRig_Hips-visibility-animation-input-array" count="21">

0.000000 0.041667 0.083333 0.125000 0.166667 0.208333 0.250000 0.291667 0.333333 0.375000 0.416667 0.458333 0.500000 0.541667 0.583333 0.625000
0.666667 0.708333 0.750000 0.791667 0.833333</float_array><technique_common><accessor source="#BatRig_Hips-visibility-animation-input-array" count="21"><param name="TIME" type="float"/></accessor></technique_common></source><source id="BatRig_Hips-visibility-animation-output"><float_array id="BatRig_Hips-visibility-animation-output-array" count="21">

1.000000 1.000000 1.000000 1.000000 1.000000 1.000000 1.000000 1.000000 1.000000 1.000000 1.000000 1.000000 1.000000 1.000000 1.000000 1.000000
1.000000 1.000000 1.000000 1.000000 1.000000</float_array><technique_common><accessor source="#BatRig_Hips-visibility-animation-output-array" count="21"><param type="float"/></accessor></technique_common></source><source id="BatRig_Hips-visibility-animation-intan"><float_array id="BatRig_Hips-visibility-animation-intan-array" count="21">

0.000000 0.000000 0.000000 0.000000 0.000000 0.000000 0.000000 0.000000 0.000000 0.000000 0.000000 0.000000 0.000000 0.000000 0.000000 0.000000
0.000000 0.000000 0.000000 0.000000 0.000000</float_array><technique_common><accessor source="#BatRig_Hips-visibility-animation-intan-array" count="21"><param type="float"/></accessor></technique_common></source><source id="BatRig_Hips-visibility-animation-outtan"><float_array id="BatRig_Hips-visibility-animation-outtan-array" count="21">

0.000000 0.000000 0.000000 0.000000 0.000000 0.000000 0.000000 0.000000 0.000000 0.000000 0.000000 0.000000 0.000000 0.000000 0.000000 0.000000
0.000000 0.000000 0.000000 0.000000 0.000000</float_array><technique_common><accessor source="#BatRig_Hips-visibility-animation-outtan-array" count="21"><param type="float"/></accessor></technique_common></source><source id="BatRig_Hips-visibility-animation-interpolation"><Name_array id="BatRig_Hips-visibility-animation-interpolation-array" count="21">
 STEP STEP STEP STEP STEP STEP STEP STEP STEP STEP STEP STEP STEP STEP STEP STEP STEP
STEP STEP STEP BEZIER</Name_array><technique_common><accessor source="#BatRig_Hips-visibility-animation-interpolation-array" count="21"><param type="name"/></accessor></technique_common></source><sampler id="BatRig_Hips-visibility-animation"><input semantic="INPUT" source="#BatRig_Hips-visibility-animation-input"/><input semantic="OUTPUT" source="#BatRig_Hips-visibility-animation-output"/><input semantic="IN_TANGENT" source="#BatRig_Hips-visibility-animation-intan"/><input semantic="OUT_TANGENT" source="#BatRig_Hips-visibility-animation-outtan"/><input semantic="INTERPOLATION" source="#BatRig_Hips-visibility-animation-interpolation"/></sampler><channel source="#BatRig_Hips-visibility-animation" target="BatRig_Hips/visibility"/></animation></animation>
    <animation id="BatRig_Spine-anim" name="BatRig_Spine"><animation><source id="BatRig_Spine-Matrix-animation-input"><float_array id="BatRig_Spine-Matrix-animation-input-array" count="21">

0.000000 0.041667 0.083333 0.125000 0.166667 0.208333 0.250000 0.291667 0.333333 0.375000 0.416667 0.458333 0.500000 0.541667 0.583333 0.625000
0.666667 0.708333 0.750000 0.791667 0.833333</float_array><technique_common><accessor source="#BatRig_Spine-Matrix-animation-input-array" count="21"><param name="TIME" type="float"/></accessor></technique_common></source><source id="BatRig_Spine-Matrix-animation-output-transform"><float_array id="BatRig_Spine-Matrix-animation-output-transform-array" count="336">

0.997886 0.056841 -0.031499 -0.000001 -0.057198 0.998307 -0.010567 3.725677 0.030845 0.012346 0.999448 0.000001 0.000000 0.000000 0.000000 1.000000
0.997886 0.056841 -0.031499 -0.000001 -0.057198 0.998307 -0.010567 3.725677 0.030845 0.012346 0.999448 0.000001 0.000000 0.000000 0.000000 1.000000
0.997836 0.056797 -0.033137 -0.000001 -0.058099 0.997519 -0.039753 3.725677 0.030797 0.041592 0.998660 0.000001 0.000000 0.000000 0.000000 1.000000
0.999269 -0.012068 -0.036281 -0.000001 0.008609 0.995532 -0.094034 3.725677 0.037254 0.093653 0.994908 0.000001 0.000000 0.000000 0.000000 1.000000
0.996970 0.058320 -0.051476 -0.000001 -0.061438 0.996232 -0.061215 3.725677 0.047712 0.064192 0.996796 0.000001 0.000000 0.000000 0.000000 1.000000
0.996724 0.023607 -0.077354 -0.000001 -0.023823 0.999714 -0.001870 3.725677 0.077288 0.003707 0.997002 0.000001 0.000000 0.000000 0.000000 1.000000
0.977451 -0.102096 -0.184840 -0.000001 0.107825 0.993944 0.021183 3.725677 0.181558 -0.040636 0.982540 0.000001 0.000000 0.000000 0.000000 1.000000
0.977451 -0.102096 -0.184840 -0.000001 0.107825 0.993944 0.021183 3.725677 0.181558 -0.040636 0.982540 0.000001 0.000000 0.000000 0.000000 1.000000
0.991210 -0.056899 -0.119440 -0.000001 0.060378 0.997844 0.025710 3.725677 0.117720 -0.032696 0.992508 0.000001 0.000000 0.000000 0.000000 1.000000
0.993995 -0.041730 -0.101153 -0.000001 0.045323 0.998411 0.033481 3.725677 0.099595 -0.037865 0.994307 0.000001 0.000000 0.000000 0.000000 1.000000
0.995871 -0.025713 -0.087057 -0.000001 0.029340 0.998743 0.040646 3.725677 0.085902 -0.043032 0.995374 0.000001 0.000000 0.000000 0.000000 1.000000
0.998641 0.024654 -0.045922 -0.000001 -0.025932 0.999287 -0.027452 3.725677 0.045212 0.028606 0.998568 0.000001 0.000000 0.000000 0.000000 1.000000
0.998545 0.035960 -0.040194 -0.000001 -0.037296 0.998760 -0.032992 3.725677 0.038958 0.034443 0.998647 0.000001 0.000000 0.000000 0.000000 1.000000
0.998390 0.042406 -0.037684 -0.000001 -0.043600 0.998554 -0.031460 3.725677 0.036295 0.033052 0.998794 0.000001 0.000000 0.000000 0.000000 1.000000
0.998188 0.048511 -0.035610 -0.000001 -0.049504 0.998394 -0.027550 3.725677 0.034216 0.029263 0.998986 0.000001 0.000000 0.000000 0.000000 1.000000
0.998001 0.053430 -0.033762 -0.000001 -0.054185 0.998292 -0.021848 3.725677 0.032537 0.023634 0.999191 0.000001 0.000000 0.000000 0.000000 1.000000
0.997902 0.056317 -0.031926 -0.000001 -0.056816 0.998273 -0.014936 3.725677 0.031030 0.016719 0.999379 0.000001 0.000000 0.000000 0.000000 1.000000
0.997912 0.056847 -0.030668 -0.000001 -0.056745 0.998380 0.004188 3.725677 0.030856 -0.002439 0.999521 0.000001 0.000000 0.000000 0.000000 1.000000
0.997977 0.056769 -0.028615 -0.000001 -0.055579 0.997620 0.040808 3.725677 0.030864 -0.039135 0.998757 0.000001 0.000000 0.000000 0.000000 1.000000
0.997972 0.056807 -0.028726 -0.000001 -0.055674 0.997694 0.038827 3.725677 0.030865 -0.037149 0.998833 0.000001 0.000000 0.000000 0.000000 1.000000
0.997962 0.056821 -0.029045 -0.000001 -0.055851 0.997888 0.033172 3.725677 0.030868 -0.031482 0.999028 0.000001 0.000000 0.000000 0.000000 1.000000</float_array><technique_common><accessor source="#BatRig_Spine-Matrix-animation-output-transform-array" count="21" stride="16"><param type="float4x4"/></accessor></technique_common></source><source id="BatRig_Spine-Interpolations"><Name_array id="BatRig_Spine-Interpolations-array" count="21">
 LINEAR LINEAR LINEAR LINEAR LINEAR LINEAR LINEAR LINEAR LINEAR LINEAR LINEAR
LINEAR LINEAR LINEAR LINEAR LINEAR LINEAR LINEAR LINEAR LINEAR LINEAR</Name_array><technique_common><accessor source="#BatRig_Spine-Interpolations-array" count="21"><param type="name"/></accessor></technique_common></source><sampler id="BatRig_Spine-Matrix-animation-transform"><input semantic="INPUT" source="#BatRig_Spine-Matrix-animation-input"/><input semantic="OUTPUT" source="#BatRig_Spine-Matrix-animation-output-transform"/><input semantic="INTERPOLATION" source="#BatRig_Spine-Interpolations"/></sampler><channel source="#BatRig_Spine-Matrix-animation-transform" target="BatRig_Spine/matrix"/></animation><animation><source id="BatRig_Spine-visibility-animation-input"><float_array id="BatRig_Spine-visibility-animation-input-array" count="21">

0.000000 0.041667 0.083333 0.125000 0.166667 0.208333 0.250000 0.291667 0.333333 0.375000 0.416667 0.458333 0.500000 0.541667 0.583333 0.625000
0.666667 0.708333 0.750000 0.791667 0.833333</float_array><technique_common><accessor source="#BatRig_Spine-visibility-animation-input-array" count="21"><param name="TIME" type="float"/></accessor></technique_common></source><source id="BatRig_Spine-visibility-animation-output"><float_array id="BatRig_Spine-visibility-animation-output-array" count="21">

1.000000 1.000000 1.000000 1.000000 1.000000 1.000000 1.000000 1.000000 1.000000 1.000000 1.000000 1.000000 1.000000 1.000000 1.000000 1.000000
1.000000 1.000000 1.000000 1.000000 1.000000</float_array><technique_common><accessor source="#BatRig_Spine-visibility-animation-output-array" count="21"><param type="float"/></accessor></technique_common></source><source id="BatRig_Spine-visibility-animation-intan"><float_array id="BatRig_Spine-visibility-animation-intan-array" count="21">

0.000000 0.000000 0.000000 0.000000 0.000000 0.000000 0.000000 0.000000 0.000000 0.000000 0.000000 0.000000 0.000000 0.000000 0.000000 0.000000
0.000000 0.000000 0.000000 0.000000 0.000000</float_array><technique_common><accessor source="#BatRig_Spine-visibility-animation-intan-array" count="21"><param type="float"/></accessor></technique_common></source><source id="BatRig_Spine-visibility-animation-outtan"><float_array id="BatRig_Spine-visibility-animation-outtan-array" count="21">

0.000000 0.000000 0.000000 0.000000 0.000000 0.000000 0.000000 0.000000 0.000000 0.000000 0.000000 0.000000 0.000000 0.000000 0.000000 0.000000
0.000000 0.000000 0.000000 0.000000 0.000000</float_array><technique_common><accessor source="#BatRig_Spine-visibility-animation-outtan-array" count="21"><param type="float"/></accessor></technique_common></source><source id="BatRig_Spine-visibility-animation-interpolation"><Name_array id="BatRig_Spine-visibility-animation-interpolation-array" count="21">
 STEP STEP STEP STEP STEP STEP STEP STEP STEP STEP STEP STEP STEP STEP STEP STEP STEP
STEP STEP STEP BEZIER</Name_array><technique_common><accessor source="#BatRig_Spine-visibility-animation-interpolation-array" count="21"><param type="name"/></accessor></technique_common></source><sampler id="BatRig_Spine-visibility-animation"><input semantic="INPUT" source="#BatRig_Spine-visibility-animation-input"/><input semantic="OUTPUT" source="#BatRig_Spine-visibility-animation-output"/><input semantic="IN_TANGENT" source="#BatRig_Spine-visibility-animation-intan"/><input semantic="OUT_TANGENT" source="#BatRig_Spine-visibility-animation-outtan"/><input semantic="INTERPOLATION" source="#BatRig_Spine-visibility-animation-interpolation"/></sampler><channel source="#BatRig_Spine-visibility-animation" target="BatRig_Spine/visibility"/></animation></animation>
    <animation id="BatRig_Spine1-anim" name="BatRig_Spine1"><animation><source id="BatRig_Spine1-Matrix-animation-input"><float_array id="BatRig_Spine1-Matrix-animation-input-array" count="21">

0.000000 0.041667 0.083333 0.125000 0.166667 0.208333 0.250000 0.291667 0.333333 0.375000 0.416667 0.458333 0.500000 0.541667 0.583333 0.625000
0.666667 0.708333 0.750000 0.791667 0.833333</float_array><technique_common><accessor source="#BatRig_Spine1-Matrix-animation-input-array" count="21"><param name="TIME" type="float"/></accessor></technique_common></source><source id="BatRig_Spine1-Matrix-animation-output-transform"><float_array id="BatRig_Spine1-Matrix-animation-output-transform-array" count="336">

0.999997 0.002582 -0.000149 0.000002 -0.002581 0.999970 0.007347 10.999832 0.000168 -0.007347 0.999973 -0.000003 0.000000 0.000000 0.000000 1.000000
0.999997 0.002582 -0.000149 0.000002 -0.002581 0.999970 0.007347 10.999832 0.000168 -0.007347 0.999973 -0.000003 0.000000 0.000000 0.000000 1.000000
0.999998 0.001891 -0.000181 0.000002 -0.001885 0.999556 0.029733 10.999832 0.000237 -0.029733 0.999558 -0.000003 0.000000 0.000000 0.000000 1.000000
0.998707 0.050748 0.002965 0.000002 -0.050831 0.996295 0.069376 10.999832 0.000567 -0.069437 0.997586 -0.000003 0.000000 0.000000 0.000000 1.000000
0.980777 -0.102786 -0.165867 0.000002 0.104107 0.994566 -0.000735 10.999832 0.165041 -0.016547 0.986148 -0.000003 0.000000 0.000000 0.000000 1.000000
0.973695 -0.014490 -0.227392 0.000002 0.013654 0.999893 -0.005248 10.999832 0.227444 0.002005 0.973789 -0.000003 0.000000 0.000000 0.000000 1.000000
0.946118 -0.051060 -0.319771 0.000002 0.019707 0.994739 -0.100527 10.999832 0.323222 0.088809 0.942147 -0.000003 0.000000 0.000000 0.000000 1.000000
0.946118 -0.051060 -0.319771 0.000002 0.019707 0.994739 -0.100527 10.999832 0.323222 0.088809 0.942147 -0.000003 0.000000 0.000000 0.000000 1.000000
0.930759 -0.093624 -0.353444 0.000002 0.056137 0.991791 -0.114886 10.999832 0.361299 0.087090 0.928374 -0.000003 0.000000 0.000000 0.000000 1.000000
0.931129 -0.069828 -0.357942 0.000002 0.044812 0.995967 -0.077724 10.999832 0.361926 0.056331 0.930503 -0.000003 0.000000 0.000000 0.000000 1.000000
0.932696 -0.032812 -0.359169 0.000002 0.026316 0.999390 -0.022961 10.999832 0.359703 0.011964 0.932990 -0.000003 0.000000 0.000000 0.000000 1.000000
0.993278 -0.014635 -0.114820 0.000002 0.015245 0.999874 0.004433 10.999832 0.114741 -0.006154 0.993376 -0.000003 0.000000 0.000000 0.000000 1.000000
0.997700 -0.009623 -0.067101 0.000002 0.010439 0.999876 0.011823 10.999832 0.066979 -0.012496 0.997676 -0.000003 0.000000 0.000000 0.000000 1.000000
0.998966 -0.006325 -0.045025 0.000002 0.006879 0.999902 0.012168 10.999832 0.044944 -0.012465 0.998912 -0.000003 0.000000 0.000000 0.000000 1.000000
0.999672 -0.003207 -0.025408 0.000002 0.003517 0.999920 0.012164 10.999832 0.025367 -0.012249 0.999603 -0.000003 0.000000 0.000000 0.000000 1.000000
0.999947 -0.000348 -0.010287 0.000002 0.000468 0.999932 0.011659 10.999832 0.010282 -0.011663 0.999879 -0.000003 0.000000 0.000000 0.000000 1.000000
0.999996 0.002172 -0.001691 0.000002 -0.002154 0.999942 0.010525 10.999832 0.001714 -0.010521 0.999943 -0.000003 0.000000 0.000000 0.000000 1.000000
0.999996 0.002946 -0.000139 0.000002 -0.002947 0.999986 -0.004472 10.999832 0.000126 0.004472 0.999990 -0.000003 0.000000 0.000000 0.000000 1.000000
0.999993 0.003840 -0.000144 0.000002 -0.003843 0.999435 -0.033398 10.999832 0.000016 0.033398 0.999442 -0.000003 0.000000 0.000000 0.000000 1.000000
0.999993 0.003814 -0.000133 0.000002 -0.003816 0.999463 -0.032535 10.999832 0.000009 0.032535 0.999471 -0.000003 0.000000 0.000000 0.000000 1.000000
0.999993 0.003674 -0.000132 0.000002 -0.003676 0.999601 -0.028020 10.999832 0.000029 0.028020 0.999607 -0.000003 0.000000 0.000000 0.000000 1.000000</float_array><technique_common><accessor source="#BatRig_Spine1-Matrix-animation-output-transform-array" count="21" stride="16"><param type="float4x4"/></accessor></technique_common></source><source id="BatRig_Spine1-Interpolations"><Name_array id="BatRig_Spine1-Interpolations-array" count="21">
 LINEAR LINEAR LINEAR LINEAR LINEAR LINEAR LINEAR LINEAR LINEAR LINEAR LINEAR
LINEAR LINEAR LINEAR LINEAR LINEAR LINEAR LINEAR LINEAR LINEAR LINEAR</Name_array><technique_common><accessor source="#BatRig_Spine1-Interpolations-array" count="21"><param type="name"/></accessor></technique_common></source><sampler id="BatRig_Spine1-Matrix-animation-transform"><input semantic="INPUT" source="#BatRig_Spine1-Matrix-animation-input"/><input semantic="OUTPUT" source="#BatRig_Spine1-Matrix-animation-output-transform"/><input semantic="INTERPOLATION" source="#BatRig_Spine1-Interpolations"/></sampler><channel source="#BatRig_Spine1-Matrix-animation-transform" target="BatRig_Spine1/matrix"/></animation><animation><source id="BatRig_Spine1-visibility-animation-input"><float_array id="BatRig_Spine1-visibility-animation-input-array" count="21">

0.000000 0.041667 0.083333 0.125000 0.166667 0.208333 0.250000 0.291667 0.333333 0.375000 0.416667 0.458333 0.500000 0.541667 0.583333 0.625000
0.666667 0.708333 0.750000 0.791667 0.833333</float_array><technique_common><accessor source="#BatRig_Spine1-visibility-animation-input-array" count="21"><param name="TIME" type="float"/></accessor></technique_common></source><source id="BatRig_Spine1-visibility-animation-output"><float_array id="BatRig_Spine1-visibility-animation-output-array" count="21">

1.000000 1.000000 1.000000 1.000000 1.000000 1.000000 1.000000 1.000000 1.000000 1.000000 1.000000 1.000000 1.000000 1.000000 1.000000 1.000000
1.000000 1.000000 1.000000 1.000000 1.000000</float_array><technique_common><accessor source="#BatRig_Spine1-visibility-animation-output-array" count="21"><param type="float"/></accessor></technique_common></source><source id="BatRig_Spine1-visibility-animation-intan"><float_array id="BatRig_Spine1-visibility-animation-intan-array" count="21">

0.000000 0.000000 0.000000 0.000000 0.000000 0.000000 0.000000 0.000000 0.000000 0.000000 0.000000 0.000000 0.000000 0.000000 0.000000 0.000000
0.000000 0.000000 0.000000 0.000000 0.000000</float_array><technique_common><accessor source="#BatRig_Spine1-visibility-animation-intan-array" count="21"><param type="float"/></accessor></technique_common></source><source id="BatRig_Spine1-visibility-animation-outtan"><float_array id="BatRig_Spine1-visibility-animation-outtan-array" count="21">

0.000000 0.000000 0.000000 0.000000 0.000000 0.000000 0.000000 0.000000 0.000000 0.000000 0.000000 0.000000 0.000000 0.000000 0.000000 0.000000
0.000000 0.000000 0.000000 0.000000 0.000000</float_array><technique_common><accessor source="#BatRig_Spine1-visibility-animation-outtan-array" count="21"><param type="float"/></accessor></technique_common></source><source id="BatRig_Spine1-visibility-animation-interpolation"><Name_array id="BatRig_Spine1-visibility-animation-interpolation-array" count="21">
 STEP STEP STEP STEP STEP STEP STEP STEP STEP STEP STEP STEP STEP STEP STEP STEP STEP
STEP STEP STEP BEZIER</Name_array><technique_common><accessor source="#BatRig_Spine1-visibility-animation-interpolation-array" count="21"><param type="name"/></accessor></technique_common></source><sampler id="BatRig_Spine1-visibility-animation"><input semantic="INPUT" source="#BatRig_Spine1-visibility-animation-input"/><input semantic="OUTPUT" source="#BatRig_Spine1-visibility-animation-output"/><input semantic="IN_TANGENT" source="#BatRig_Spine1-visibility-animation-intan"/><input semantic="OUT_TANGENT" source="#BatRig_Spine1-visibility-animation-outtan"/><input semantic="INTERPOLATION" source="#BatRig_Spine1-visibility-animation-interpolation"/></sampler><channel source="#BatRig_Spine1-visibility-animation" target="BatRig_Spine1/visibility"/></animation></animation>
    <animation id="BatRig_Spine2-anim" name="BatRig_Spine2"><animation><source id="BatRig_Spine2-Matrix-animation-input"><float_array id="BatRig_Spine2-Matrix-animation-input-array" count="21">

0.000000 0.041667 0.083333 0.125000 0.166667 0.208333 0.250000 0.291667 0.333333 0.375000 0.416667 0.458333 0.500000 0.541667 0.583333 0.625000
0.666667 0.708333 0.750000 0.791667 0.833333</float_array><technique_common><accessor source="#BatRig_Spine2-Matrix-animation-input-array" count="21"><param name="TIME" type="float"/></accessor></technique_common></source><source id="BatRig_Spine2-Matrix-animation-output-transform"><float_array id="BatRig_Spine2-Matrix-animation-output-transform-array" count="336">

0.999997 0.002579 -0.000048 0.000000 -0.002579 0.999970 0.007349 11.776703 0.000067 -0.007349 0.999973 0.000004 0.000000 0.000000 0.000000 1.000000
0.999997 0.002579 -0.000048 0.000000 -0.002579 0.999970 0.007349 11.776703 0.000067 -0.007349 0.999973 0.000004 0.000000 0.000000 0.000000 1.000000
0.999998 0.001887 -0.000143 0.000000 -0.001882 0.999556 0.029733 11.776703 0.000199 -0.029733 0.999558 0.000004 0.000000 0.000000 0.000000 1.000000
0.998727 0.050436 0.000066 0.000000 -0.050319 0.996313 0.069490 11.776703 0.003439 -0.069405 0.997583 0.000004 0.000000 0.000000 0.000000 1.000000
0.981753 -0.096168 -0.164048 0.000000 0.094954 0.995365 -0.015244 11.776703 0.164754 -0.000611 0.986334 0.000004 0.000000 0.000000 0.000000 1.000000
0.969652 -0.009873 -0.244290 0.000000 0.009675 0.999951 -0.002011 11.776703 0.244298 -0.000414 0.969700 0.000004 0.000000 0.000000 0.000000 1.000000
0.938833 -0.015818 -0.344008 0.000000 -0.021110 0.994422 -0.103336 11.776703 0.343724 0.104277 0.933263 0.000004 0.000000 0.000000 0.000000 1.000000
0.938833 -0.015818 -0.344008 0.000000 -0.021110 0.994422 -0.103336 11.776703 0.343724 0.104277 0.933263 0.000004 0.000000 0.000000 0.000000 1.000000
0.933990 -0.055310 -0.352992 -0.000000 0.008831 0.991217 -0.131947 11.776703 0.357190 0.120120 0.926276 0.000004 0.000000 0.000000 0.000000 1.000000
0.935423 -0.041310 -0.351108 0.000000 0.008878 0.995581 -0.093483 11.776703 0.353418 0.084329 0.931657 0.000004 0.000000 0.000000 0.000000 1.000000
0.943475 -0.025776 -0.330439 0.000000 0.014969 0.999268 -0.035207 11.776703 0.331105 0.028271 0.943170 0.000004 0.000000 0.000000 0.000000 1.000000
0.994616 -0.008254 -0.103298 -0.000000 0.008077 0.999965 -0.002130 11.776703 0.103312 0.001284 0.994648 0.000004 0.000000 0.000000 0.000000 1.000000
0.998207 -0.004552 -0.059687 0.000000 0.004998 0.999961 0.007323 11.776703 0.059651 -0.007608 0.998190 0.000004 0.000000 0.000000 0.000000 1.000000
0.999199 -0.002456 -0.039931 0.000000 0.002822 0.999954 0.009119 11.776703 0.039907 -0.009224 0.999161 0.000004 0.000000 0.000000 0.000000 1.000000
0.999746 -0.000493 -0.022528 0.000000 0.000719 0.999949 0.010038 11.776703 0.022522 -0.010052 0.999696 0.000004 0.000000 0.000000 0.000000 1.000000
0.999958 0.001164 -0.009139 -0.000000 -0.001069 0.999946 0.010365 11.776703 0.009151 -0.010355 0.999905 0.000004 0.000000 0.000000 0.000000 1.000000
0.999996 0.002341 -0.001423 0.000000 -0.002326 0.999943 0.010401 11.776703 0.001447 -0.010398 0.999945 0.000004 0.000000 0.000000 0.000000 1.000000
0.999996 0.002946 -0.000006 0.000000 -0.002946 0.999986 -0.004470 11.776703 -0.000007 0.004470 0.999990 0.000004 0.000000 0.000000 0.000000 1.000000
0.999993 0.003846 0.000070 0.000000 -0.003842 0.999435 -0.033397 11.776703 -0.000198 0.033396 0.999442 0.000004 0.000000 0.000000 0.000000 1.000000
0.999993 0.003819 0.000079 0.000000 -0.003814 0.999463 -0.032535 11.776703 -0.000203 0.032534 0.999471 0.000004 0.000000 0.000000 0.000000 1.000000
0.999993 0.003675 0.000070 -0.000000 -0.003672 0.999601 -0.028018 11.776703 -0.000173 0.028018 0.999607 0.000004 0.000000 0.000000 0.000000 1.000000</float_array><technique_common><accessor source="#BatRig_Spine2-Matrix-animation-output-transform-array" count="21" stride="16"><param type="float4x4"/></accessor></technique_common></source><source id="BatRig_Spine2-Interpolations"><Name_array id="BatRig_Spine2-Interpolations-array" count="21">
 LINEAR LINEAR LINEAR LINEAR LINEAR LINEAR LINEAR LINEAR LINEAR LINEAR LINEAR
LINEAR LINEAR LINEAR LINEAR LINEAR LINEAR LINEAR LINEAR LINEAR LINEAR</Name_array><technique_common><accessor source="#BatRig_Spine2-Interpolations-array" count="21"><param type="name"/></accessor></technique_common></source><sampler id="BatRig_Spine2-Matrix-animation-transform"><input semantic="INPUT" source="#BatRig_Spine2-Matrix-animation-input"/><input semantic="OUTPUT" source="#BatRig_Spine2-Matrix-animation-output-transform"/><input semantic="INTERPOLATION" source="#BatRig_Spine2-Interpolations"/></sampler><channel source="#BatRig_Spine2-Matrix-animation-transform" target="BatRig_Spine2/matrix"/></animation><animation><source id="BatRig_Spine2-visibility-animation-input"><float_array id="BatRig_Spine2-visibility-animation-input-array" count="21">

0.000000 0.041667 0.083333 0.125000 0.166667 0.208333 0.250000 0.291667 0.333333 0.375000 0.416667 0.458333 0.500000 0.541667 0.583333 0.625000
0.666667 0.708333 0.750000 0.791667 0.833333</float_array><technique_common><accessor source="#BatRig_Spine2-visibility-animation-input-array" count="21"><param name="TIME" type="float"/></accessor></technique_common></source><source id="BatRig_Spine2-visibility-animation-output"><float_array id="BatRig_Spine2-visibility-animation-output-array" count="21">

1.000000 1.000000 1.000000 1.000000 1.000000 1.000000 1.000000 1.000000 1.000000 1.000000 1.000000 1.000000 1.000000 1.000000 1.000000 1.000000
1.000000 1.000000 1.000000 1.000000 1.000000</float_array><technique_common><accessor source="#BatRig_Spine2-visibility-animation-output-array" count="21"><param type="float"/></accessor></technique_common></source><source id="BatRig_Spine2-visibility-animation-intan"><float_array id="BatRig_Spine2-visibility-animation-intan-array" count="21">

0.000000 0.000000 0.000000 0.000000 0.000000 0.000000 0.000000 0.000000 0.000000 0.000000 0.000000 0.000000 0.000000 0.000000 0.000000 0.000000
0.000000 0.000000 0.000000 0.000000 0.000000</float_array><technique_common><accessor source="#BatRig_Spine2-visibility-animation-intan-array" count="21"><param type="float"/></accessor></technique_common></source><source id="BatRig_Spine2-visibility-animation-outtan"><float_array id="BatRig_Spine2-visibility-animation-outtan-array" count="21">

0.000000 0.000000 0.000000 0.000000 0.000000 0.000000 0.000000 0.000000 0.000000 0.000000 0.000000 0.000000 0.000000 0.000000 0.000000 0.000000
0.000000 0.000000 0.000000 0.000000 0.000000</float_array><technique_common><accessor source="#BatRig_Spine2-visibility-animation-outtan-array" count="21"><param type="float"/></accessor></technique_common></source><source id="BatRig_Spine2-visibility-animation-interpolation"><Name_array id="BatRig_Spine2-visibility-animation-interpolation-array" count="21">
 STEP STEP STEP STEP STEP STEP STEP STEP STEP STEP STEP STEP STEP STEP STEP STEP STEP
STEP STEP STEP BEZIER</Name_array><technique_common><accessor source="#BatRig_Spine2-visibility-animation-interpolation-array" count="21"><param type="name"/></accessor></technique_common></source><sampler id="BatRig_Spine2-visibility-animation"><input semantic="INPUT" source="#BatRig_Spine2-visibility-animation-input"/><input semantic="OUTPUT" source="#BatRig_Spine2-visibility-animation-output"/><input semantic="IN_TANGENT" source="#BatRig_Spine2-visibility-animation-intan"/><input semantic="OUT_TANGENT" source="#BatRig_Spine2-visibility-animation-outtan"/><input semantic="INTERPOLATION" source="#BatRig_Spine2-visibility-animation-interpolation"/></sampler><channel source="#BatRig_Spine2-visibility-animation" target="BatRig_Spine2/visibility"/></animation></animation>
    <animation id="BatRig_Spine3-anim" name="BatRig_Spine3"><animation><source id="BatRig_Spine3-Matrix-animation-input"><float_array id="BatRig_Spine3-Matrix-animation-input-array" count="21">

0.000000 0.041667 0.083333 0.125000 0.166667 0.208333 0.250000 0.291667 0.333333 0.375000 0.416667 0.458333 0.500000 0.541667 0.583333 0.625000
