<?xml version="1.0" encoding="utf-8"?>
<COLLADA xmlns="http://www.collada.org/2005/11/COLLADASchema" version="1.4.1">
  <asset><contributor><author></author><authoring_tool>FBX COLLADA exporter</authoring_tool><comments></comments></contributor><created>2017-08-30T19:30:32Z</created><keywords></keywords><modified>2017-08-30T19:30:32Z</modified><revision></revision><subject></subject><title></title><unit meter="0.010000" name="centimeter"></unit><up_axis>Y_UP</up_axis></asset>
  <library_animations>
    <animation id="BatRig_Reference-anim" name="BatRig_Reference"><animation><source id="BatRig_Reference-Matrix-animation-input"><float_array id="BatRig_Reference-Matrix-animation-input-array" count="18">

0.000000 0.041667 0.083333 0.125000 0.166667 0.208333 0.250000 0.291667 0.333333 0.375000 0.416667 0.458333 0.500000 0.541667 0.583333 0.625000
0.666667 0.708333</float_array><technique_common><accessor source="#BatRig_Reference-Matrix-animation-input-array" count="18"><param name="TIME" type="float"/></accessor></technique_common></source><source id="BatRig_Reference-Matrix-animation-output-transform"><float_array id="BatRig_Reference-Matrix-animation-output-transform-array" count="288">

1.000000 0.000000 0.000000 -6.537809 0.000000 1.000000 0.000000 0.000000 0.000000 0.000000 1.000000 0.515641 0.000000 0.000000 0.000000 1.000000
1.000000 0.000000 0.000000 -6.537809 0.000000 1.000000 0.000000 0.000000 0.000000 0.000000 1.000000 0.515641 0.000000 0.000000 0.000000 1.000000
1.000000 0.000000 0.000000 -14.553989 0.000000 1.000000 0.000000 0.000000 0.000000 0.000000 1.000000 1.014224 0.000000 0.000000 0.000000 1.000000
1.000000 0.000000 0.000000 -22.606987 0.000000 1.000000 0.000000 0.000000 0.000000 0.000000 1.000000 1.472329 0.000000 0.000000 0.000000 1.000000
1.000000 0.000000 0.000000 -30.427586 0.000000 1.000000 0.000000 0.000000 0.000000 0.000000 1.000000 1.833633 0.000000 0.000000 0.000000 1.000000
1.000000 0.000000 0.000000 -37.632839 0.000000 1.000000 0.000000 0.000000 0.000000 0.000000 1.000000 1.997463 0.000000 0.000000 0.000000 1.000000
1.000000 0.000000 0.000000 -43.536777 0.000000 1.000000 0.000000 0.000000 0.000000 0.000000 1.000000 1.503178 0.000000 0.000000 0.000000 1.000000
1.000000 0.000000 0.000000 -48.569641 0.000000 1.000000 0.000000 0.000000 0.000000 0.000000 1.000000 0.417135 0.000000 0.000000 0.000000 1.000000
1.000000 0.000000 0.000000 -53.584866 0.000000 1.000000 0.000000 0.000000 0.000000 0.000000 1.000000 -0.676872 0.000000 0.000000 0.000000 1.000000
1.000000 0.000000 0.000000 -59.427273 0.000000 1.000000 0.000000 0.000000 0.000000 0.000000 1.000000 -1.196651 0.000000 0.000000 0.000000 1.000000
1.000000 0.000000 0.000000 -67.567520 0.000000 1.000000 0.000000 0.000000 0.000000 0.000000 1.000000 -1.218695 0.000000 0.000000 0.000000 1.000000
1.000000 0.000000 0.000000 -76.845772 0.000000 1.000000 0.000000 0.000000 0.000000 0.000000 1.000000 -1.161709 0.000000 0.000000 0.000000 1.000000
1.000000 0.000000 0.000000 -86.194542 0.000000 1.000000 0.000000 0.000000 0.000000 0.000000 1.000000 -1.051500 0.000000 0.000000 0.000000 1.000000
1.000000 0.000000 0.000000 -94.775711 0.000000 1.000000 0.000000 0.000000 0.000000 0.000000 1.000000 -0.871600 0.000000 0.000000 0.000000 1.000000
1.000000 0.000000 0.000000 -101.931358 0.000000 1.000000 0.000000 0.000000 0.000000 0.000000 1.000000 -0.641537 0.000000 0.000000 0.000000 1.000000
1.000000 0.000000 0.000000 -108.834869 0.000000 1.000000 0.000000 0.000000 0.000000 0.000000 1.000000 -0.380787 0.000000 0.000000 0.000000 1.000000
1.000000 0.000000 0.000000 -115.393173 0.000000 1.000000 0.000000 0.000000 0.000000 0.000000 1.000000 -0.116969 0.000000 0.000000 0.000000 1.000000
1.000000 0.000000 0.000000 -115.393173 0.000000 1.000000 0.000000 0.000000 0.000000 0.000000 1.000000 -0.116969 0.000000 0.000000 0.000000 1.000000</float_array><technique_common><accessor source="#BatRig_Reference-Matrix-animation-output-transform-array" count="18" stride="16"><param type="float4x4"/></accessor></technique_common></source><source id="BatRig_Reference-Interpolations"><Name_array id="BatRig_Reference-Interpolations-array" count="18">
 LINEAR LINEAR LINEAR LINEAR LINEAR LINEAR LINEAR LINEAR LINEAR LINEAR LINEAR
LINEAR LINEAR LINEAR LINEAR LINEAR LINEAR LINEAR</Name_array><technique_common><accessor source="#BatRig_Reference-Interpolations-array" count="18"><param type="name"/></accessor></technique_common></source><sampler id="BatRig_Reference-Matrix-animation-transform"><input semantic="INPUT" source="#BatRig_Reference-Matrix-animation-input"/><input semantic="OUTPUT" source="#BatRig_Reference-Matrix-animation-output-transform"/><input semantic="INTERPOLATION" source="#BatRig_Reference-Interpolations"/></sampler><channel source="#BatRig_Reference-Matrix-animation-transform" target="BatRig_Reference/matrix"/></animation><animation><source id="BatRig_Reference-visibility-animation-input"><float_array id="BatRig_Reference-visibility-animation-input-array" count="18">

0.000000 0.041667 0.083333 0.125000 0.166667 0.208333 0.250000 0.291667 0.333333 0.375000 0.416667 0.458333 0.500000 0.541667 0.583333 0.625000
0.666667 0.708333</float_array><technique_common><accessor source="#BatRig_Reference-visibility-animation-input-array" count="18"><param name="TIME" type="float"/></accessor></technique_common></source><source id="BatRig_Reference-visibility-animation-output"><float_array id="BatRig_Reference-visibility-animation-output-array" count="18">

1.000000 1.000000 1.000000 1.000000 1.000000 1.000000 1.000000 1.000000 1.000000 1.000000 1.000000 1.000000 1.000000 1.000000 1.000000 1.000000
1.000000 1.000000</float_array><technique_common><accessor source="#BatRig_Reference-visibility-animation-output-array" count="18"><param type="float"/></accessor></technique_common></source><source id="BatRig_Reference-visibility-animation-intan"><float_array id="BatRig_Reference-visibility-animation-intan-array" count="18">

0.000000 0.000000 0.000000 0.000000 0.000000 0.000000 0.000000 0.000000 0.000000 0.000000 0.000000 0.000000 0.000000 0.000000 0.000000 0.000000
0.000000 0.000000</float_array><technique_common><accessor source="#BatRig_Reference-visibility-animation-intan-array" count="18"><param type="float"/></accessor></technique_common></source><source id="BatRig_Reference-visibility-animation-outtan"><float_array id="BatRig_Reference-visibility-animation-outtan-array" count="18">

0.000000 0.000000 0.000000 0.000000 0.000000 0.000000 0.000000 0.000000 0.000000 0.000000 0.000000 0.000000 0.000000 0.000000 0.000000 0.000000
0.000000 0.000000</float_array><technique_common><accessor source="#BatRig_Reference-visibility-animation-outtan-array" count="18"><param type="float"/></accessor></technique_common></source><source id="BatRig_Reference-visibility-animation-interpolation"><Name_array id="BatRig_Reference-visibility-animation-interpolation-array" count="18">
 STEP STEP STEP STEP STEP STEP STEP STEP STEP STEP STEP STEP STEP STEP STEP STEP STEP
BEZIER</Name_array><technique_common><accessor source="#BatRig_Reference-visibility-animation-interpolation-array" count="18"><param type="name"/></accessor></technique_common></source><sampler id="BatRig_Reference-visibility-animation"><input semantic="INPUT" source="#BatRig_Reference-visibility-animation-input"/><input semantic="OUTPUT" source="#BatRig_Reference-visibility-animation-output"/><input semantic="IN_TANGENT" source="#BatRig_Reference-visibility-animation-intan"/><input semantic="OUT_TANGENT" source="#BatRig_Reference-visibility-animation-outtan"/><input semantic="INTERPOLATION" source="#BatRig_Reference-visibility-animation-interpolation"/></sampler><channel source="#BatRig_Reference-visibility-animation" target="BatRig_Reference/visibility"/></animation></animation>
    <animation id="BatRig_Hips-anim" name="BatRig_Hips"><animation><source id="BatRig_Hips-Matrix-animation-input"><float_array id="BatRig_Hips-Matrix-animation-input-array" count="18">

0.000000 0.041667 0.083333 0.125000 0.166667 0.208333 0.250000 0.291667 0.333333 0.375000 0.416667 0.458333 0.500000 0.541667 0.583333 0.625000
0.666667 0.708333</float_array><technique_common><accessor source="#BatRig_Hips-Matrix-animation-input-array" count="18"><param name="TIME" type="float"/></accessor></technique_common></source><source id="BatRig_Hips-Matrix-animation-output-transform"><float_array id="BatRig_Hips-Matrix-animation-output-transform-array" count="288">

0.463595 -0.058168 0.884136 0.000000 0.063448 0.997461 0.032355 77.274132 -0.883773 0.041097 0.466108 0.000000 0.000000 0.000000 0.000000 1.000000
0.463595 -0.058168 0.884136 0.000000 0.063448 0.997461 0.032355 77.274132 -0.883773 0.041097 0.466108 0.000000 0.000000 0.000000 0.000000 1.000000
0.481489 -0.031758 0.875877 0.000000 0.067476 0.997720 -0.000917 78.530182 -0.873851 0.059542 0.482534 0.000000 0.000000 0.000000 0.000000 1.000000
0.507008 -0.002425 0.861938 0.000000 0.070594 0.996753 -0.038720 79.649063 -0.859046 0.080479 0.505533 0.000000 0.000000 0.000000 0.000000 1.000000
0.524355 0.022861 0.851193 0.000000 0.072303 0.994834 -0.071259 80.522789 -0.848425 0.098909 0.519993 0.000000 0.000000 0.000000 0.000000 1.000000
0.518294 0.037933 0.854361 0.000000 0.073554 0.993337 -0.088724 80.925934 -0.852034 0.108827 0.512050 0.000000 0.000000 0.000000 0.000000 1.000000
0.462421 0.040271 0.885746 0.000000 0.076436 0.993439 -0.085072 80.731636 -0.883360 0.107042 0.456309 0.000000 0.000000 0.000000 0.000000 1.000000
0.371246 0.030699 0.928027 0.000000 0.078184 0.994871 -0.064187 80.312180 -0.925237 0.096386 0.366942 0.000000 0.000000 0.000000 0.000000 1.000000
0.277427 0.014725 0.960634 0.000000 0.074852 0.996512 -0.036891 79.895935 -0.957826 0.082140 0.275357 0.000000 0.000000 0.000000 0.000000 1.000000
0.218606 -0.000427 0.975813 0.000000 0.066107 0.997709 -0.014373 79.712029 -0.973571 0.067650 0.218133 0.000000 0.000000 0.000000 0.000000 1.000000
0.235241 -0.024803 0.971621 0.000000 0.033661 0.999283 0.017360 81.110588 -0.971354 0.028622 0.235907 0.000000 0.000000 0.000000 0.000000 1.000000
0.308559 -0.046352 0.950075 0.000000 0.003596 0.998862 0.047565 83.243088 -0.951198 -0.011260 0.308374 0.000000 0.000000 0.000000 0.000000 1.000000
0.376829 -0.069916 0.923640 0.000000 -0.009812 0.996790 0.079456 84.825630 -0.926231 -0.039004 0.374933 0.000000 0.000000 0.000000 0.000000 1.000000
0.442542 -0.083698 0.892833 0.000000 -0.006088 0.995331 0.096324 85.664246 -0.896727 -0.048063 0.439966 0.000000 0.000000 0.000000 0.000000 1.000000
0.463027 -0.081187 0.882618 0.000000 0.006415 0.996077 0.088258 84.470940 -0.886321 -0.035204 0.461731 0.000000 0.000000 0.000000 0.000000 1.000000
0.477637 -0.074117 0.875426 0.000000 0.025005 0.997178 0.070782 81.997322 -0.878201 -0.011918 0.478143 0.000000 0.000000 0.000000 0.000000 1.000000
0.494441 -0.065975 0.866704 0.000000 0.043768 0.997740 0.050981 78.956055 -0.868109 0.012727 0.496211 0.000000 0.000000 0.000000 0.000000 1.000000
0.494441 -0.065975 0.866704 0.000000 0.043768 0.997740 0.050981 78.956055 -0.868109 0.012727 0.496211 0.000000 0.000000 0.000000 0.000000 1.000000</float_array><technique_common><accessor source="#BatRig_Hips-Matrix-animation-output-transform-array" count="18" stride="16"><param type="float4x4"/></accessor></technique_common></source><source id="BatRig_Hips-Interpolations"><Name_array id="BatRig_Hips-Interpolations-array" count="18">
 LINEAR LINEAR LINEAR LINEAR LINEAR LINEAR LINEAR LINEAR LINEAR LINEAR LINEAR
LINEAR LINEAR LINEAR LINEAR LINEAR LINEAR LINEAR</Name_array><technique_common><accessor source="#BatRig_Hips-Interpolations-array" count="18"><param type="name"/></accessor></technique_common></source><sampler id="BatRig_Hips-Matrix-animation-transform"><input semantic="INPUT" source="#BatRig_Hips-Matrix-animation-input"/><input semantic="OUTPUT" source="#BatRig_Hips-Matrix-animation-output-transform"/><input semantic="INTERPOLATION" source="#BatRig_Hips-Interpolations"/></sampler><channel source="#BatRig_Hips-Matrix-animation-transform" target="BatRig_Hips/matrix"/></animation><animation><source id="BatRig_Hips-visibility-animation-input"><float_array id="BatRig_Hips-visibility-animation-input-array" count="18">

0.000000 0.041667 0.083333 0.125000 0.166667 0.208333 0.250000 0.291667 0.333333 0.375000 0.416667 0.458333 0.500000 0.541667 0.583333 0.625000
0.666667 0.708333</float_array><technique_common><accessor source="#BatRig_Hips-visibility-animation-input-array" count="18"><param name="TIME" type="float"/></accessor></technique_common></source><source id="BatRig_Hips-visibility-animation-output"><float_array id="BatRig_Hips-visibility-animation-output-array" count="18">

1.000000 1.000000 1.000000 1.000000 1.000000 1.000000 1.000000 1.000000 1.000000 1.000000 1.000000 1.000000 1.000000 1.000000 1.000000 1.000000
1.000000 1.000000</float_array><technique_common><accessor source="#BatRig_Hips-visibility-animation-output-array" count="18"><param type="float"/></accessor></technique_common></source><source id="BatRig_Hips-visibility-animation-intan"><float_array id="BatRig_Hips-visibility-animation-intan-array" count="18">

0.000000 0.000000 0.000000 0.000000 0.000000 0.000000 0.000000 0.000000 0.000000 0.000000 0.000000 0.000000 0.000000 0.000000 0.000000 0.000000
0.000000 0.000000</float_array><technique_common><accessor source="#BatRig_Hips-visibility-animation-intan-array" count="18"><param type="float"/></accessor></technique_common></source><source id="BatRig_Hips-visibility-animation-outtan"><float_array id="BatRig_Hips-visibility-animation-outtan-array" count="18">

0.000000 0.000000 0.000000 0.000000 0.000000 0.000000 0.000000 0.000000 0.000000 0.000000 0.000000 0.000000 0.000000 0.000000 0.000000 0.000000
0.000000 0.000000</float_array><technique_common><accessor source="#BatRig_Hips-visibility-animation-outtan-array" count="18"><param type="float"/></accessor></technique_common></source><source id="BatRig_Hips-visibility-animation-interpolation"><Name_array id="BatRig_Hips-visibility-animation-interpolation-array" count="18">
 STEP STEP STEP STEP STEP STEP STEP STEP STEP STEP STEP STEP STEP STEP STEP STEP STEP
BEZIER</Name_array><technique_common><accessor source="#BatRig_Hips-visibility-animation-interpolation-array" count="18"><param type="name"/></accessor></technique_common></source><sampler id="BatRig_Hips-visibility-animation"><input semantic="INPUT" source="#BatRig_Hips-visibility-animation-input"/><input semantic="OUTPUT" source="#BatRig_Hips-visibility-animation-output"/><input semantic="IN_TANGENT" source="#BatRig_Hips-visibility-animation-intan"/><input semantic="OUT_TANGENT" source="#BatRig_Hips-visibility-animation-outtan"/><input semantic="INTERPOLATION" source="#BatRig_Hips-visibility-animation-interpolation"/></sampler><channel source="#BatRig_Hips-visibility-animation" target="BatRig_Hips/visibility"/></animation></animation>
    <animation id="BatRig_Spine-anim" name="BatRig_Spine"><animation><source id="BatRig_Spine-Matrix-animation-input"><float_array id="BatRig_Spine-Matrix-animation-input-array" count="18">

0.000000 0.041667 0.083333 0.125000 0.166667 0.208333 0.250000 0.291667 0.333333 0.375000 0.416667 0.458333 0.500000 0.541667 0.583333 0.625000
0.666667 0.708333</float_array><technique_common><accessor source="#BatRig_Spine-Matrix-animation-input-array" count="18"><param name="TIME" type="float"/></accessor></technique_common></source><source id="BatRig_Spine-Matrix-animation-output-transform"><float_array id="BatRig_Spine-Matrix-animation-output-transform-array" count="288">

0.985671 0.148865 -0.079318 -0.000004 -0.143242 0.987033 0.072436 3.725675 0.089073 -0.060036 0.994214 0.000005 0.000000 0.000000 0.000000 1.000000
0.985671 0.148865 -0.079318 -0.000004 -0.143242 0.987033 0.072436 3.725675 0.089073 -0.060036 0.994214 0.000005 0.000000 0.000000 0.000000 1.000000
0.985458 0.149032 -0.081624 -0.000004 -0.143017 0.986861 0.075182 3.725675 0.091756 -0.062415 0.993824 0.000005 0.000000 0.000000 0.000000 1.000000
0.985161 0.149199 -0.084832 -0.000004 -0.142705 0.986680 0.078091 3.725675 0.095353 -0.064826 0.993330 0.000005 0.000000 0.000000 0.000000 1.000000
0.984740 0.149360 -0.089324 -0.000004 -0.142265 0.986497 0.081150 3.725675 0.100238 -0.067204 0.992691 0.000005 0.000000 0.000000 0.000000 1.000000
0.984082 0.149482 -0.096116 -0.000004 -0.141597 0.986334 0.084237 3.725675 0.107394 -0.069286 0.991799 0.000005 0.000000 0.000000 0.000000 1.000000
0.982475 0.150161 -0.110431 -0.000004 -0.141507 0.986497 0.082463 3.725675 0.121323 -0.065391 0.990457 0.000005 0.000000 0.000000 0.000000 1.000000
0.979878 0.150992 -0.130541 -0.000004 -0.141268 0.986665 0.080841 3.725675 0.141007 -0.060773 0.988142 0.000005 0.000000 0.000000 0.000000 1.000000
0.977196 0.151853 -0.148418 -0.000004 -0.141357 0.986806 0.078941 3.725675 0.158447 -0.056161 0.985769 0.000005 0.000000 0.000000 0.000000 1.000000
0.975880 0.152588 -0.156122 -0.000004 -0.142105 0.986906 0.076302 3.725675 0.165721 -0.052276 0.984786 0.000005 0.000000 0.000000 0.000000 1.000000
0.977773 0.145122 -0.151324 -0.000004 -0.135520 0.988155 0.071997 3.725675 0.159980 -0.049889 0.985859 0.000005 0.000000 0.000000 0.000000 1.000000
0.980336 0.137631 -0.141416 -0.000004 -0.129215 0.989343 0.067111 3.725675 0.149145 -0.047518 0.987673 0.000005 0.000000 0.000000 0.000000 1.000000
0.982226 0.136633 -0.128700 -0.000004 -0.129384 0.989582 0.063137 3.725675 0.135986 -0.045363 0.989672 0.000005 0.000000 0.000000 0.000000 1.000000
0.983971 0.135626 -0.115785 -0.000004 -0.129471 0.989817 0.059151 3.725675 0.122628 -0.043212 0.991512 0.000005 0.000000 0.000000 0.000000 1.000000
0.984736 0.138613 -0.105269 -0.000004 -0.132668 0.989248 0.061548 3.725675 0.112668 -0.046643 0.992537 0.000005 0.000000 0.000000 0.000000 1.000000
0.985271 0.142154 -0.095047 -0.000004 -0.136402 0.988550 0.064532 3.725675 0.103132 -0.050617 0.993379 0.000005 0.000000 0.000000 0.000000 1.000000
0.985640 0.145706 -0.085343 -0.000004 -0.140184 0.987822 0.067504 3.725675 0.094139 -0.054571 0.994062 0.000005 0.000000 0.000000 0.000000 1.000000
0.985640 0.145706 -0.085343 -0.000004 -0.140184 0.987822 0.067504 3.725675 0.094139 -0.054571 0.994062 0.000005 0.000000 0.000000 0.000000 1.000000</float_array><technique_common><accessor source="#BatRig_Spine-Matrix-animation-output-transform-array" count="18" stride="16"><param type="float4x4"/></accessor></technique_common></source><source id="BatRig_Spine-Interpolations"><Name_array id="BatRig_Spine-Interpolations-array" count="18">
 LINEAR LINEAR LINEAR LINEAR LINEAR LINEAR LINEAR LINEAR LINEAR LINEAR LINEAR
LINEAR LINEAR LINEAR LINEAR LINEAR LINEAR LINEAR</Name_array><technique_common><accessor source="#BatRig_Spine-Interpolations-array" count="18"><param type="name"/></accessor></technique_common></source><sampler id="BatRig_Spine-Matrix-animation-transform"><input semantic="INPUT" source="#BatRig_Spine-Matrix-animation-input"/><input semantic="OUTPUT" source="#BatRig_Spine-Matrix-animation-output-transform"/><input semantic="INTERPOLATION" source="#BatRig_Spine-Interpolations"/></sampler><channel source="#BatRig_Spine-Matrix-animation-transform" target="BatRig_Spine/matrix"/></animation><animation><source id="BatRig_Spine-visibility-animation-input"><float_array id="BatRig_Spine-visibility-animation-input-array" count="18">

0.000000 0.041667 0.083333 0.125000 0.166667 0.208333 0.250000 0.291667 0.333333 0.375000 0.416667 0.458333 0.500000 0.541667 0.583333 0.625000
0.666667 0.708333</float_array><technique_common><accessor source="#BatRig_Spine-visibility-animation-input-array" count="18"><param name="TIME" type="float"/></accessor></technique_common></source><source id="BatRig_Spine-visibility-animation-output"><float_array id="BatRig_Spine-visibility-animation-output-array" count="18">

1.000000 1.000000 1.000000 1.000000 1.000000 1.000000 1.000000 1.000000 1.000000 1.000000 1.000000 1.000000 1.000000 1.000000 1.000000 1.000000
1.000000 1.000000</float_array><technique_common><accessor source="#BatRig_Spine-visibility-animation-output-array" count="18"><param type="float"/></accessor></technique_common></source><source id="BatRig_Spine-visibility-animation-intan"><float_array id="BatRig_Spine-visibility-animation-intan-array" count="18">

0.000000 0.000000 0.000000 0.000000 0.000000 0.000000 0.000000 0.000000 0.000000 0.000000 0.000000 0.000000 0.000000 0.000000 0.000000 0.000000
0.000000 0.000000</float_array><technique_common><accessor source="#BatRig_Spine-visibility-animation-intan-array" count="18"><param type="float"/></accessor></technique_common></source><source id="BatRig_Spine-visibility-animation-outtan"><float_array id="BatRig_Spine-visibility-animation-outtan-array" count="18">

0.000000 0.000000 0.000000 0.000000 0.000000 0.000000 0.000000 0.000000 0.000000 0.000000 0.000000 0.000000 0.000000 0.000000 0.000000 0.000000
0.000000 0.000000</float_array><technique_common><accessor source="#BatRig_Spine-visibility-animation-outtan-array" count="18"><param type="float"/></accessor></technique_common></source><source id="BatRig_Spine-visibility-animation-interpolation"><Name_array id="BatRig_Spine-visibility-animation-interpolation-array" count="18">
 STEP STEP STEP STEP STEP STEP STEP STEP STEP STEP STEP STEP STEP STEP STEP STEP STEP
BEZIER</Name_array><technique_common><accessor source="#BatRig_Spine-visibility-animation-interpolation-array" count="18"><param type="name"/></accessor></technique_common></source><sampler id="BatRig_Spine-visibility-animation"><input semantic="INPUT" source="#BatRig_Spine-visibility-animation-input"/><input semantic="OUTPUT" source="#BatRig_Spine-visibility-animation-output"/><input semantic="IN_TANGENT" source="#BatRig_Spine-visibility-animation-intan"/><input semantic="OUT_TANGENT" source="#BatRig_Spine-visibility-animation-outtan"/><input semantic="INTERPOLATION" source="#BatRig_Spine-visibility-animation-interpolation"/></sampler><channel source="#BatRig_Spine-visibility-animation" target="BatRig_Spine/visibility"/></animation></animation>
    <animation id="BatRig_Spine1-anim" name="BatRig_Spine1"><animation><source id="BatRig_Spine1-Matrix-animation-input"><float_array id="BatRig_Spine1-Matrix-animation-input-array" count="18">

0.000000 0.041667 0.083333 0.125000 0.166667 0.208333 0.250000 0.291667 0.333333 0.375000 0.416667 0.458333 0.500000 0.541667 0.583333 0.625000
0.666667 0.708333</float_array><technique_common><accessor source="#BatRig_Spine1-Matrix-animation-input-array" count="18"><param name="TIME" type="float"/></accessor></technique_common></source><source id="BatRig_Spine1-Matrix-animation-output-transform"><float_array id="BatRig_Spine1-Matrix-animation-output-transform-array" count="288">

0.998403 -0.008428 -0.055868 0.000003 0.005227 0.998349 -0.057199 10.999828 0.056258 0.056816 0.996798 -0.000004 0.000000 0.000000 0.000000 1.000000
0.998403 -0.008428 -0.055868 0.000003 0.005227 0.998349 -0.057199 10.999828 0.056258 0.056816 0.996798 -0.000004 0.000000 0.000000 0.000000 1.000000
0.998079 -0.007936 -0.061437 0.000003 0.004727 0.998626 -0.052198 10.999828 0.061767 0.051807 0.996745 -0.000004 0.000000 0.000000 0.000000 1.000000
0.997604 -0.007449 -0.068776 0.000003 0.004209 0.998879 -0.047139 10.999828 0.069050 0.046737 0.996518 -0.000004 0.000000 0.000000 0.000000 1.000000
0.996888 -0.006987 -0.078520 0.000003 0.003683 0.999105 -0.042143 10.999828 0.078744 0.041723 0.996021 -0.000004 0.000000 0.000000 0.000000 1.000000
0.995691 -0.006609 -0.092492 0.000003 0.003129 0.999284 -0.037716 10.999828 0.092675 0.037264 0.994999 -0.000004 0.000000 0.000000 0.000000 1.000000
0.992671 -0.006571 -0.120668 0.000003 0.001133 0.998983 -0.045077 10.999828 0.120841 0.044610 0.991669 -0.000004 0.000000 0.000000 0.000000 1.000000
0.987137 -0.006446 -0.159748 0.000003 -0.002179 0.998551 -0.053760 10.999828 0.159863 0.053417 0.985693 -0.000004 0.000000 0.000000 0.000000 1.000000
0.980929 -0.006213 -0.194266 0.000003 -0.006005 0.998043 -0.062239 10.999828 0.194273 0.062219 0.978972 -0.000004 0.000000 0.000000 0.000000 1.000000
0.977876 -0.005964 -0.209098 0.000003 -0.008726 0.997560 -0.069261 10.999828 0.209001 0.069553 0.975439 -0.000004 0.000000 0.000000 0.000000 1.000000
0.979856 -0.030883 -0.197301 0.000003 0.013892 0.996118 -0.086930 10.999828 0.199220 0.082438 0.976481 -0.000004 0.000000 0.000000 0.000000 1.000000
0.983053 -0.055909 -0.174591 0.000003 0.038153 0.993903 -0.103450 10.999828 0.179310 0.095036 0.979192 -0.000004 0.000000 0.000000 0.000000 1.000000
0.987538 -0.053786 -0.147907 0.000003 0.038072 0.993519 -0.107097 10.999828 0.152709 0.100131 0.983185 -0.000004 0.000000 0.000000 0.000000 1.000000
0.991193 -0.051706 -0.121916 0.000003 0.038167 0.993101 -0.110881 10.999828 0.126808 0.105251 0.986328 -0.000004 0.000000 0.000000 0.000000 1.000000
0.993875 -0.041983 -0.102224 0.000003 0.031844 0.994591 -0.098866 10.999828 0.105822 0.095005 0.989836 -0.000004 0.000000 0.000000 0.000000 1.000000
0.996035 -0.030440 -0.083596 0.000003 0.023268 0.996069 -0.085467 10.999828 0.085869 0.083183 0.992828 -0.000004 0.000000 0.000000 0.000000 1.000000
0.997634 -0.018816 -0.066116 0.000003 0.014005 0.997270 -0.072496 10.999828 0.067300 0.071399 0.995175 -0.000004 0.000000 0.000000 0.000000 1.000000
0.997634 -0.018816 -0.066116 0.000003 0.014005 0.997270 -0.072496 10.999828 0.067300 0.071399 0.995175 -0.000004 0.000000 0.000000 0.000000 1.000000</float_array><technique_common><accessor source="#BatRig_Spine1-Matrix-animation-output-transform-array" count="18" stride="16"><param type="float4x4"/></accessor></technique_common></source><source id="BatRig_Spine1-Interpolations"><Name_array id="BatRig_Spine1-Interpolations-array" count="18">
 LINEAR LINEAR LINEAR LINEAR LINEAR LINEAR LINEAR LINEAR LINEAR LINEAR LINEAR
LINEAR LINEAR LINEAR LINEAR LINEAR LINEAR LINEAR</Name_array><technique_common><accessor source="#BatRig_Spine1-Interpolations-array" count="18"><param type="name"/></accessor></technique_common></source><sampler id="BatRig_Spine1-Matrix-animation-transform"><input semantic="INPUT" source="#BatRig_Spine1-Matrix-animation-input"/><input semantic="OUTPUT" source="#BatRig_Spine1-Matrix-animation-output-transform"/><input semantic="INTERPOLATION" source="#BatRig_Spine1-Interpolations"/></sampler><channel source="#BatRig_Spine1-Matrix-animation-transform" target="BatRig_Spine1/matrix"/></animation><animation><source id="BatRig_Spine1-visibility-animation-input"><float_array id="BatRig_Spine1-visibility-animation-input-array" count="18">

0.000000 0.041667 0.083333 0.125000 0.166667 0.208333 0.250000 0.291667 0.333333 0.375000 0.416667 0.458333 0.500000 0.541667 0.583333 0.625000
0.666667 0.708333</float_array><technique_common><accessor source="#BatRig_Spine1-visibility-animation-input-array" count="18"><param name="TIME" type="float"/></accessor></technique_common></source><source id="BatRig_Spine1-visibility-animation-output"><float_array id="BatRig_Spine1-visibility-animation-output-array" count="18">

1.000000 1.000000 1.000000 1.000000 1.000000 1.000000 1.000000 1.000000 1.000000 1.000000 1.000000 1.000000 1.000000 1.000000 1.000000 1.000000
1.000000 1.000000</float_array><technique_common><accessor source="#BatRig_Spine1-visibility-animation-output-array" count="18"><param type="float"/></accessor></technique_common></source><source id="BatRig_Spine1-visibility-animation-intan"><float_array id="BatRig_Spine1-visibility-animation-intan-array" count="18">

0.000000 0.000000 0.000000 0.000000 0.000000 0.000000 0.000000 0.000000 0.000000 0.000000 0.000000 0.000000 0.000000 0.000000 0.000000 0.000000
0.000000 0.000000</float_array><technique_common><accessor source="#BatRig_Spine1-visibility-animation-intan-array" count="18"><param type="float"/></accessor></technique_common></source><source id="BatRig_Spine1-visibility-animation-outtan"><float_array id="BatRig_Spine1-visibility-animation-outtan-array" count="18">

0.000000 0.000000 0.000000 0.000000 0.000000 0.000000 0.000000 0.000000 0.000000 0.000000 0.000000 0.000000 0.000000 0.000000 0.000000 0.000000
0.000000 0.000000</float_array><technique_common><accessor source="#BatRig_Spine1-visibility-animation-outtan-array" count="18"><param type="float"/></accessor></technique_common></source><source id="BatRig_Spine1-visibility-animation-interpolation"><Name_array id="BatRig_Spine1-visibility-animation-interpolation-array" count="18">
 STEP STEP STEP STEP STEP STEP STEP STEP STEP STEP STEP STEP STEP STEP STEP STEP STEP
BEZIER</Name_array><technique_common><accessor source="#BatRig_Spine1-visibility-animation-interpolation-array" count="18"><param type="name"/></accessor></technique_common></source><sampler id="BatRig_Spine1-visibility-animation"><input semantic="INPUT" source="#BatRig_Spine1-visibility-animation-input"/><input semantic="OUTPUT" source="#BatRig_Spine1-visibility-animation-output"/><input semantic="IN_TANGENT" source="#BatRig_Spine1-visibility-animation-intan"/><input semantic="OUT_TANGENT" source="#BatRig_Spine1-visibility-animation-outtan"/><input semantic="INTERPOLATION" source="#BatRig_Spine1-visibility-animation-interpolation"/></sampler><channel source="#BatRig_Spine1-visibility-animation" target="BatRig_Spine1/visibility"/></animation></animation>
    <animation id="BatRig_Spine2-anim" name="BatRig_Spine2"><animation><source id="BatRig_Spine2-Matrix-animation-input"><float_array id="BatRig_Spine2-Matrix-animation-input-array" count="18">

0.000000 0.041667 0.083333 0.125000 0.166667 0.208333 0.250000 0.291667 0.333333 0.375000 0.416667 0.458333 0.500000 0.541667 0.583333 0.625000
0.666667 0.708333</float_array><technique_common><accessor source="#BatRig_Spine2-Matrix-animation-input-array" count="18"><param name="TIME" type="float"/></accessor></technique_common></source><source id="BatRig_Spine2-Matrix-animation-output-transform"><float_array id="BatRig_Spine2-Matrix-animation-output-transform-array" count="288">

0.998390 -0.013369 -0.055130 0.000001 0.010208 0.998309 -0.057234 11.776699 0.055802 0.056579 0.996837 0.000003 0.000000 0.000000 0.000000 1.000000
0.998390 -0.013369 -0.055130 0.000001 0.010208 0.998309 -0.057234 11.776699 0.055802 0.056579 0.996837 0.000003 0.000000 0.000000 0.000000 1.000000
0.998085 -0.012018 -0.060677 0.000001 0.008862 0.998606 -0.052024 11.776699 0.061218 0.051387 0.996801 0.000003 0.000000 0.000000 0.000000 1.000000
0.997627 -0.010799 -0.068002 0.000001 0.007626 0.998878 -0.046747 11.776699 0.068431 0.046118 0.996589 0.000003 0.000000 0.000000 0.000000 1.000000
0.996925 -0.009820 -0.077748 0.000001 0.006603 0.999116 -0.041526 11.776699 0.078087 0.040885 0.996108 0.000003 0.000000 0.000000 0.000000 1.000000
0.995739 -0.009452 -0.091731 0.000001 0.006086 0.999300 -0.036903 11.776699 0.092016 0.036187 0.995100 0.000003 0.000000 0.000000 0.000000 1.000000
0.992724 -0.010908 -0.119920 0.000001 0.005639 0.999007 -0.044193 11.776699 0.120283 0.043195 0.991799 0.000003 0.000000 0.000000 0.000000 1.000000
0.987181 -0.013032 -0.159072 0.000001 0.004666 0.998592 -0.052851 11.776699 0.159537 0.051431 0.985851 0.000003 0.000000 0.000000 0.000000 1.000000
0.980953 -0.014675 -0.193689 0.000001 0.002826 0.998115 -0.061311 11.776699 0.194224 0.059596 0.979145 0.000003 0.000000 0.000000 0.000000 1.000000
0.977887 -0.014841 -0.208607 0.000001 0.000592 0.997671 -0.068202 11.776699 0.209134 0.066570 0.975618 0.000003 0.000000 0.000000 0.000000 1.000000
0.980089 -0.037108 -0.195062 0.000001 0.019785 0.995744 -0.090016 11.776699 0.197572 0.084364 0.976651 0.000003 0.000000 0.000000 0.000000 1.000000
0.983580 -0.058642 -0.170680 0.000001 0.039995 0.993048 -0.110710 11.776699 0.175986 0.102066 0.979087 0.000003 0.000000 0.000000 0.000000 1.000000
0.987975 -0.055996 -0.144118 0.000001 0.039801 0.992809 -0.112898 11.776699 0.149403 0.105804 0.983099 0.000003 0.000000 0.000000 0.000000 1.000000
0.991546 -0.053431 -0.118242 0.000001 0.039752 0.992551 -0.115162 11.776699 0.123514 0.109488 0.986284 0.000003 0.000000 0.000000 0.000000 1.000000
0.994076 -0.044348 -0.099230 0.000001 0.034138 0.994165 -0.102322 11.776699 0.103189 0.098328 0.989790 0.000003 0.000000 0.000000 0.000000 1.000000
0.996104 -0.033919 -0.081399 0.000001 0.026728 0.995774 -0.087865 11.776699 0.084035 0.085347 0.992801 0.000003 0.000000 0.000000 0.000000 1.000000
0.997627 -0.023498 -0.064720 0.000001 0.018701 0.997102 -0.073747 11.776699 0.066265 0.072362 0.995175 0.000003 0.000000 0.000000 0.000000 1.000000
0.997627 -0.023498 -0.064720 0.000001 0.018701 0.997102 -0.073747 11.776699 0.066265 0.072362 0.995175 0.000003 0.000000 0.000000 0.000000 1.000000</float_array><technique_common><accessor source="#BatRig_Spine2-Matrix-animation-output-transform-array" count="18" stride="16"><param type="float4x4"/></accessor></technique_common></source><source id="BatRig_Spine2-Interpolations"><Name_array id="BatRig_Spine2-Interpolations-array" count="18">
 LINEAR LINEAR LINEAR LINEAR LINEAR LINEAR LINEAR LINEAR LINEAR LINEAR LINEAR
LINEAR LINEAR LINEAR LINEAR LINEAR LINEAR LINEAR</Name_array><technique_common><accessor source="#BatRig_Spine2-Interpolations-array" count="18"><param type="name"/></accessor></technique_common></source><sampler id="BatRig_Spine2-Matrix-animation-transform"><input semantic="INPUT" source="#BatRig_Spine2-Matrix-animation-input"/><input semantic="OUTPUT" source="#BatRig_Spine2-Matrix-animation-output-transform"/><input semantic="INTERPOLATION" source="#BatRig_Spine2-Interpolations"/></sampler><channel source="#BatRig_Spine2-Matrix-animation-transform" target="BatRig_Spine2/matrix"/></animation><animation><source id="BatRig_Spine2-visibility-animation-input"><float_array id="BatRig_Spine2-visibility-animation-input-array" count="18">

0.000000 0.041667 0.083333 0.125000 0.166667 0.208333 0.250000 0.291667 0.333333 0.375000 0.416667 0.458333 0.500000 0.541667 0.583333 0.625000
0.666667 0.708333</float_array><technique_common><accessor source="#BatRig_Spine2-visibility-animation-input-array" count="18"><param name="TIME" type="float"/></accessor></technique_common></source><source id="BatRig_Spine2-visibility-animation-output"><float_array id="BatRig_Spine2-visibility-animation-output-array" count="18">

1.000000 1.000000 1.000000 1.000000 1.000000 1.000000 1.000000 1.000000 1.000000 1.000000 1.000000 1.000000 1.000000 1.000000 1.000000 1.000000
1.000000 1.000000</float_array><technique_common><accessor source="#BatRig_Spine2-visibility-animation-output-array" count="18"><param type="float"/></accessor></technique_common></source><source id="BatRig_Spine2-visibility-animation-intan"><float_array id="BatRig_Spine2-visibility-animation-intan-array" count="18">

0.000000 0.000000 0.000000 0.000000 0.000000 0.000000 0.000000 0.000000 0.000000 0.000000 0.000000 0.000000 0.000000 0.000000 0.000000 0.000000
0.000000 0.000000</float_array><technique_common><accessor source="#BatRig_Spine2-visibility-animation-intan-array" count="18"><param type="float"/></accessor></technique_common></source><source id="BatRig_Spine2-visibility-animation-outtan"><float_array id="BatRig_Spine2-visibility-animation-outtan-array" count="18">

0.000000 0.000000 0.000000 0.000000 0.000000 0.000000 0.000000 0.000000 0.000000 0.000000 0.000000 0.000000 0.000000 0.000000 0.000000 0.000000
0.000000 0.000000</float_array><technique_common><accessor source="#BatRig_Spine2-visibility-animation-outtan-array" count="18"><param type="float"/></accessor></technique_common></source><source id="BatRig_Spine2-visibility-animation-interpolation"><Name_array id="BatRig_Spine2-visibility-animation-interpolation-array" count="18">
 STEP STEP STEP STEP STEP STEP STEP STEP STEP STEP STEP STEP STEP STEP STEP STEP STEP
BEZIER</Name_array><technique_common><accessor source="#BatRig_Spine2-visibility-animation-interpolation-array" count="18"><param type="name"/></accessor></technique_common></source><sampler id="BatRig_Spine2-visibility-animation"><input semantic="INPUT" source="#BatRig_Spine2-visibility-animation-input"/><input semantic="OUTPUT" source="#BatRig_Spine2-visibility-animation-output"/><input semantic="IN_TANGENT" source="#BatRig_Spine2-visibility-animation-intan"/><input semantic="OUT_TANGENT" source="#BatRig_Spine2-visibility-animation-outtan"/><input semantic="INTERPOLATION" source="#BatRig_Spine2-visibility-animation-interpolation"/></sampler><channel source="#BatRig_Spine2-visibility-animation" target="BatRig_Spine2/visibility"/></animation></animation>
    <animation id="BatRig_Spine3-anim" name="BatRig_Spine3"><animation><source id="BatRig_Spine3-Matrix-animation-input"><float_array id="BatRig_Spine3-Matrix-animation-input-array" count="18">

0.000000 0.041667 0.083333 0.125000 0.166667 0.208333 0.250000 0.291667 0.333333 0.375000 0.416667 0.458333 0.500000 0.541667 0.583333 0.625000
0.666667 0.708333</float_array><technique_common><accessor source="#BatRig_Spine3-Matrix-animation-input-array" count="18"><param name="TIME" type="float"/></accessor></technique_common></source><source id="BatRig_Spine3-Matrix-animation-output-transform"><float_array id="BatRig_Spine3-Matrix-animation-output-transform-array" count="288">

0.998363 -0.018376 -0.054157 0.000002 0.015308 0.998284 -0.056527 13.030717 0.055103 0.055605 0.996931 -1.061704 0.000000 0.000000 0.000000 1.000000
0.998363 -0.018376 -0.054157 0.000002 0.015308 0.998284 -0.056527 13.030717 0.055103 0.055605 0.996931 -1.061704 0.000000 0.000000 0.000000 1.000000
0.998075 -0.016599 -0.059751 0.000002 0.013539 0.998593 -0.051263 13.030717 0.060518 0.050355 0.996896 -1.061704 0.000000 0.000000 0.000000 1.000000
0.997635 -0.014810 -0.067121 0.000002 0.011738 0.998875 -0.045935 13.030717 0.067726 0.045038 0.996687 -1.061704 0.000000 0.000000 0.000000 1.000000
0.996953 -0.013065 -0.076905 0.000002 0.009957 0.999123 -0.040665 13.030717 0.077369 0.039775 0.996209 -1.061704 0.000000 0.000000 0.000000 1.000000
0.995790 -0.011586 -0.090927 0.000002 0.008340 0.999317 -0.036002 13.030717 0.091282 0.035092 0.995207 -1.061704 0.000000 0.000000 0.000000 1.000000
0.992772 -0.014315 -0.119162 0.000002 0.009251 0.999035 -0.042941 13.030717 0.119662 0.041528 0.991946 -1.061704 0.000000 0.000000 0.000000 1.000000
0.987232 -0.017459 -0.158329 0.000002 0.009410 0.998632 -0.051445 13.030717 0.159011 0.049298 0.986045 -1.061704 0.000000 0.000000 0.000000 1.000000
0.980999 -0.020502 -0.192926 0.000002 0.009063 0.998158 -0.059990 13.030717 0.193800 0.057102 0.979378 -1.061704 0.000000 0.000000 0.000000 1.000000
0.977902 -0.023035 -0.207790 0.000002 0.009263 0.997709 -0.067009 13.030717 0.208857 0.063603 0.975876 -1.061704 0.000000 0.000000 0.000000 1.000000
0.980308 -0.038838 -0.193618 0.000002 0.021366 0.995574 -0.091525 13.030717 0.196316 0.085586 0.976798 -1.061704 0.000000 0.000000 0.000000 1.000000
0.984263 -0.054840 -0.167982 0.000002 0.035663 0.992711 -0.115121 13.030717 0.173071 0.107319 0.979045 -1.061704 0.000000 0.000000 0.000000 1.000000
0.988664 -0.051786 -0.140928 0.000002 0.035478 0.992631 -0.115867 13.030717 0.145890 0.109554 0.983216 -1.061704 0.000000 0.000000 0.000000 1.000000
0.992099 -0.048737 -0.115603 0.000002 0.035147 0.992532 -0.116814 13.030717 0.120433 0.111828 0.986403 -1.061704 0.000000 0.000000 0.000000 1.000000
0.994395 -0.042244 -0.096922 0.000002 0.032137 0.994103 -0.103570 13.030717 0.100726 0.099875 0.989889 -1.061704 0.000000 0.000000 0.000000 1.000000
0.996237 -0.034494 -0.079509 0.000002 0.027410 0.995697 -0.088525 13.030717 0.082220 0.086013 0.992896 -1.061704 0.000000 0.000000 0.000000 1.000000
0.997638 -0.026657 -0.063304 0.000002 0.021962 0.997036 -0.073730 13.030717 0.065082 0.072166 0.995267 -1.061704 0.000000 0.000000 0.000000 1.000000
