<?xml version="1.0" encoding="utf-8"?>
<COLLADA xmlns="http://www.collada.org/2005/11/COLLADASchema" version="1.4.1">
  <asset><contributor><author></author><authoring_tool>FBX COLLADA exporter</authoring_tool><comments></comments></contributor><created>2017-08-30T19:32:54Z</created><keywords></keywords><modified>2017-08-30T19:32:54Z</modified><revision></revision><subject></subject><title></title><unit meter="0.010000" name="centimeter"></unit><up_axis>Y_UP</up_axis></asset>
  <library_animations>
    <animation id="BatRig_Reference-anim" name="BatRig_Reference"><animation><source id="BatRig_Reference-Matrix-animation-input"><float_array id="BatRig_Reference-Matrix-animation-input-array" count="21">

0.000000 0.041667 0.083333 0.125000 0.166667 0.208333 0.250000 0.291667 0.333333 0.375000 0.416667 0.458333 0.500000 0.541667 0.583333 0.625000
0.666667 0.708333 0.750000 0.791667 0.833333</float_array><technique_common><accessor source="#BatRig_Reference-Matrix-animation-input-array" count="21"><param name="TIME" type="float"/></accessor></technique_common></source><source id="BatRig_Reference-Matrix-animation-output-transform"><float_array id="BatRig_Reference-Matrix-animation-output-transform-array" count="336">

1.000000 0.000000 0.000000 -0.055035 0.000000 1.000000 0.000000 0.000000 0.000000 0.000000 1.000000 99.960648 0.000000 0.000000 0.000000 1.000000
1.000000 0.000000 0.000000 -0.055035 0.000000 1.000000 0.000000 0.000000 0.000000 0.000000 1.000000 99.960648 0.000000 0.000000 0.000000 1.000000
1.000000 0.000000 0.000000 0.115280 0.000000 1.000000 0.000000 0.000000 0.000000 0.000000 1.000000 104.743973 0.000000 0.000000 0.000000 1.000000
1.000000 0.000000 0.000000 0.187281 0.000000 1.000000 0.000000 0.000000 0.000000 0.000000 1.000000 109.071640 0.000000 0.000000 0.000000 1.000000
1.000000 0.000000 0.000000 0.032582 0.000000 1.000000 0.000000 0.000000 0.000000 0.000000 1.000000 110.592041 0.000000 0.000000 0.000000 1.000000
1.000000 0.000000 0.000000 -0.158600 0.000000 1.000000 0.000000 0.000000 0.000000 0.000000 1.000000 119.184013 0.000000 0.000000 0.000000 1.000000
1.000000 0.000000 0.000000 0.379029 0.000000 1.000000 0.000000 0.000000 0.000000 0.000000 1.000000 124.214409 0.000000 0.000000 0.000000 1.000000
1.000000 0.000000 0.000000 0.500938 0.000000 1.000000 0.000000 0.000000 0.000000 0.000000 1.000000 149.770447 0.000000 0.000000 0.000000 1.000000
1.000000 0.000000 0.000000 0.500947 0.000000 1.000000 0.000000 0.000000 0.000000 0.000000 1.000000 149.770447 0.000000 0.000000 0.000000 1.000000
1.000000 0.000000 0.000000 0.390155 0.000000 1.000000 0.000000 0.000000 0.000000 0.000000 1.000000 151.209290 0.000000 0.000000 0.000000 1.000000
1.000000 0.000000 0.000000 0.233810 0.000000 1.000000 0.000000 0.000000 0.000000 0.000000 1.000000 151.397690 0.000000 0.000000 0.000000 1.000000
1.000000 0.000000 0.000000 0.153911 0.000000 1.000000 0.000000 0.000000 0.000000 0.000000 1.000000 152.085907 0.000000 0.000000 0.000000 1.000000
1.000000 0.000000 0.000000 1.329551 0.000000 1.000000 0.000000 0.000000 0.000000 0.000000 1.000000 154.460983 0.000000 0.000000 0.000000 1.000000
1.000000 0.000000 0.000000 3.543085 0.000000 1.000000 0.000000 0.000000 0.000000 0.000000 1.000000 157.315643 0.000000 0.000000 0.000000 1.000000
1.000000 0.000000 0.000000 4.856244 0.000000 1.000000 0.000000 0.000000 0.000000 0.000000 1.000000 158.668396 0.000000 0.000000 0.000000 1.000000
1.000000 0.000000 0.000000 5.042554 0.000000 1.000000 0.000000 0.000000 0.000000 0.000000 1.000000 158.600128 0.000000 0.000000 0.000000 1.000000
1.000000 0.000000 0.000000 5.161561 0.000000 1.000000 0.000000 0.000000 0.000000 0.000000 1.000000 158.491058 0.000000 0.000000 0.000000 1.000000
1.000000 0.000000 0.000000 5.233206 0.000000 1.000000 0.000000 0.000000 0.000000 0.000000 1.000000 158.367966 0.000000 0.000000 0.000000 1.000000
1.000000 0.000000 0.000000 5.268694 0.000000 1.000000 0.000000 0.000000 0.000000 0.000000 1.000000 158.256378 0.000000 0.000000 0.000000 1.000000
1.000000 0.000000 0.000000 5.277520 0.000000 1.000000 0.000000 0.000000 0.000000 0.000000 1.000000 158.198593 0.000000 0.000000 0.000000 1.000000
1.000000 0.000000 0.000000 5.273636 0.000000 1.000000 0.000000 0.000000 0.000000 0.000000 1.000000 158.183990 0.000000 0.000000 0.000000 1.000000</float_array><technique_common><accessor source="#BatRig_Reference-Matrix-animation-output-transform-array" count="21" stride="16"><param type="float4x4"/></accessor></technique_common></source><source id="BatRig_Reference-Interpolations"><Name_array id="BatRig_Reference-Interpolations-array" count="21">
 LINEAR LINEAR LINEAR LINEAR LINEAR LINEAR LINEAR LINEAR LINEAR LINEAR LINEAR
LINEAR LINEAR LINEAR LINEAR LINEAR LINEAR LINEAR LINEAR LINEAR LINEAR</Name_array><technique_common><accessor source="#BatRig_Reference-Interpolations-array" count="21"><param type="name"/></accessor></technique_common></source><sampler id="BatRig_Reference-Matrix-animation-transform"><input semantic="INPUT" source="#BatRig_Reference-Matrix-animation-input"/><input semantic="OUTPUT" source="#BatRig_Reference-Matrix-animation-output-transform"/><input semantic="INTERPOLATION" source="#BatRig_Reference-Interpolations"/></sampler><channel source="#BatRig_Reference-Matrix-animation-transform" target="BatRig_Reference/matrix"/></animation><animation><source id="BatRig_Reference-visibility-animation-input"><float_array id="BatRig_Reference-visibility-animation-input-array" count="21">

0.000000 0.041667 0.083333 0.125000 0.166667 0.208333 0.250000 0.291667 0.333333 0.375000 0.416667 0.458333 0.500000 0.541667 0.583333 0.625000
0.666667 0.708333 0.750000 0.791667 0.833333</float_array><technique_common><accessor source="#BatRig_Reference-visibility-animation-input-array" count="21"><param name="TIME" type="float"/></accessor></technique_common></source><source id="BatRig_Reference-visibility-animation-output"><float_array id="BatRig_Reference-visibility-animation-output-array" count="21">

1.000000 1.000000 1.000000 1.000000 1.000000 1.000000 1.000000 1.000000 1.000000 1.000000 1.000000 1.000000 1.000000 1.000000 1.000000 1.000000
1.000000 1.000000 1.000000 1.000000 1.000000</float_array><technique_common><accessor source="#BatRig_Reference-visibility-animation-output-array" count="21"><param type="float"/></accessor></technique_common></source><source id="BatRig_Reference-visibility-animation-intan"><float_array id="BatRig_Reference-visibility-animation-intan-array" count="21">

0.000000 0.000000 0.000000 0.000000 0.000000 0.000000 0.000000 0.000000 0.000000 0.000000 0.000000 0.000000 0.000000 0.000000 0.000000 0.000000
0.000000 0.000000 0.000000 0.000000 0.000000</float_array><technique_common><accessor source="#BatRig_Reference-visibility-animation-intan-array" count="21"><param type="float"/></accessor></technique_common></source><source id="BatRig_Reference-visibility-animation-outtan"><float_array id="BatRig_Reference-visibility-animation-outtan-array" count="21">

0.000000 0.000000 0.000000 0.000000 0.000000 0.000000 0.000000 0.000000 0.000000 0.000000 0.000000 0.000000 0.000000 0.000000 0.000000 0.000000
0.000000 0.000000 0.000000 0.000000 0.000000</float_array><technique_common><accessor source="#BatRig_Reference-visibility-animation-outtan-array" count="21"><param type="float"/></accessor></technique_common></source><source id="BatRig_Reference-visibility-animation-interpolation"><Name_array id="BatRig_Reference-visibility-animation-interpolation-array" count="21">
 STEP STEP STEP STEP STEP STEP STEP STEP STEP STEP STEP STEP STEP STEP STEP STEP STEP
STEP STEP STEP BEZIER</Name_array><technique_common><accessor source="#BatRig_Reference-visibility-animation-interpolation-array" count="21"><param type="name"/></accessor></technique_common></source><sampler id="BatRig_Reference-visibility-animation"><input semantic="INPUT" source="#BatRig_Reference-visibility-animation-input"/><input semantic="OUTPUT" source="#BatRig_Reference-visibility-animation-output"/><input semantic="IN_TANGENT" source="#BatRig_Reference-visibility-animation-intan"/><input semantic="OUT_TANGENT" source="#BatRig_Reference-visibility-animation-outtan"/><input semantic="INTERPOLATION" source="#BatRig_Reference-visibility-animation-interpolation"/></sampler><channel source="#BatRig_Reference-visibility-animation" target="BatRig_Reference/visibility"/></animation></animation>
    <animation id="BatRig_Hips-anim" name="BatRig_Hips"><animation><source id="BatRig_Hips-Matrix-animation-input"><float_array id="BatRig_Hips-Matrix-animation-input-array" count="21">

0.000000 0.041667 0.083333 0.125000 0.166667 0.208333 0.250000 0.291667 0.333333 0.375000 0.416667 0.458333 0.500000 0.541667 0.583333 0.625000
0.666667 0.708333 0.750000 0.791667 0.833333</float_array><technique_common><accessor source="#BatRig_Hips-Matrix-animation-input-array" count="21"><param name="TIME" type="float"/></accessor></technique_common></source><source id="BatRig_Hips-Matrix-animation-output-transform"><float_array id="BatRig_Hips-Matrix-animation-output-transform-array" count="336">

0.668171 0.122872 0.733792 0.000000 0.037799 0.979389 -0.198415 79.979195 -0.743047 0.160312 0.649755 0.000000 0.000000 0.000000 0.000000 1.000000
0.668171 0.122872 0.733792 0.000000 0.037799 0.979389 -0.198415 79.979195 -0.743047 0.160312 0.649755 0.000000 0.000000 0.000000 0.000000 1.000000
0.760237 0.130862 0.636329 0.000000 0.011477 0.976643 -0.214561 79.980156 -0.649544 0.170420 0.740979 0.000000 0.000000 0.000000 0.000000 1.000000
0.833473 0.136367 0.535469 0.000000 -0.006810 0.971530 -0.236818 79.967567 -0.552519 0.193735 0.810672 0.000000 0.000000 0.000000 0.000000 1.000000
0.915045 0.124056 0.383801 0.000000 0.023163 0.933796 -0.357056 78.222816 -0.402687 0.335612 0.851591 0.000000 0.000000 0.000000 0.000000 1.000000
0.961070 0.098685 0.258080 0.000000 0.033077 0.886234 -0.462054 86.109177 -0.274317 0.452603 0.848469 0.000000 0.000000 0.000000 0.000000 1.000000
0.968987 0.166616 0.182492 0.000000 -0.089425 0.924879 -0.369596 80.106033 -0.230364 0.341814 0.911096 0.000000 0.000000 0.000000 0.000000 1.000000
0.988170 0.142943 0.055561 0.000000 -0.124025 0.957956 -0.258725 82.584259 -0.090208 0.248773 0.964352 0.000000 0.000000 0.000000 0.000000 1.000000
0.988170 0.142943 0.055561 0.000000 -0.124025 0.957956 -0.258725 82.584259 -0.090208 0.248773 0.964352 0.000000 0.000000 0.000000 0.000000 1.000000
0.973000 0.147101 0.177855 0.000000 -0.096830 0.959654 -0.263983 82.291817 -0.209512 0.239634 0.947987 0.000000 0.000000 0.000000 0.000000 1.000000
0.926669 0.149708 0.344778 0.000000 -0.057577 0.962971 -0.263387 81.796074 -0.371442 0.224221 0.900975 0.000000 0.000000 0.000000 0.000000 1.000000
0.863352 0.139728 0.484871 0.000000 -0.021740 0.970304 -0.240908 81.277756 -0.504134 0.197447 0.840752 0.000000 0.000000 0.000000 0.000000 1.000000
0.809998 0.105982 0.576777 0.000000 0.002415 0.982923 -0.184002 80.641968 -0.586428 0.150434 0.795910 0.000000 0.000000 0.000000 0.000000 1.000000
0.761863 0.057293 0.645199 0.000000 0.018094 0.993809 -0.109615 79.954979 -0.647485 0.095186 0.756110 0.000000 0.000000 0.000000 0.000000 1.000000
0.713411 0.016938 0.700541 0.000000 0.028765 0.998157 -0.053428 79.576790 -0.700155 0.058267 0.711609 0.000000 0.000000 0.000000 0.000000 1.000000
0.681353 0.003920 0.731944 0.000000 0.035336 0.998644 -0.038241 79.490631 -0.731101 0.051920 0.680291 0.000000 0.000000 0.000000 0.000000 1.000000
0.648357 -0.002957 0.761331 0.000000 0.042631 0.998565 -0.032426 79.436378 -0.760142 0.053480 0.647552 0.000000 0.000000 0.000000 0.000000 1.000000
0.616903 -0.005588 0.787019 0.000000 0.050057 0.998229 -0.032150 79.404816 -0.785446 0.059229 0.616090 0.000000 0.000000 0.000000 0.000000 1.000000
0.589732 -0.006215 0.807575 0.000000 0.056667 0.997824 -0.033702 79.390221 -0.805608 0.065638 0.588801 0.000000 0.000000 0.000000 0.000000 1.000000
0.569705 -0.007376 0.821816 0.000000 0.061211 0.997563 -0.033480 79.387497 -0.819567 0.069378 0.568768 0.000000 0.000000 0.000000 0.000000 1.000000
0.540628 -0.013683 0.841151 0.000000 0.064838 0.997571 -0.025445 79.391022 -0.838760 0.068295 0.540202 0.000000 0.000000 0.000000 0.000000 1.000000</float_array><technique_common><accessor source="#BatRig_Hips-Matrix-animation-output-transform-array" count="21" stride="16"><param type="float4x4"/></accessor></technique_common></source><source id="BatRig_Hips-Interpolations"><Name_array id="BatRig_Hips-Interpolations-array" count="21">
 LINEAR LINEAR LINEAR LINEAR LINEAR LINEAR LINEAR LINEAR LINEAR LINEAR LINEAR
LINEAR LINEAR LINEAR LINEAR LINEAR LINEAR LINEAR LINEAR LINEAR LINEAR</Name_array><technique_common><accessor source="#BatRig_Hips-Interpolations-array" count="21"><param type="name"/></accessor></technique_common></source><sampler id="BatRig_Hips-Matrix-animation-transform"><input semantic="INPUT" source="#BatRig_Hips-Matrix-animation-input"/><input semantic="OUTPUT" source="#BatRig_Hips-Matrix-animation-output-transform"/><input semantic="INTERPOLATION" source="#BatRig_Hips-Interpolations"/></sampler><channel source="#BatRig_Hips-Matrix-animation-transform" target="BatRig_Hips/matrix"/></animation><animation><source id="BatRig_Hips-visibility-animation-input"><float_array id="BatRig_Hips-visibility-animation-input-array" count="21">

0.000000 0.041667 0.083333 0.125000 0.166667 0.208333 0.250000 0.291667 0.333333 0.375000 0.416667 0.458333 0.500000 0.541667 0.583333 0.625000
0.666667 0.708333 0.750000 0.791667 0.833333</float_array><technique_common><accessor source="#BatRig_Hips-visibility-animation-input-array" count="21"><param name="TIME" type="float"/></accessor></technique_common></source><source id="BatRig_Hips-visibility-animation-output"><float_array id="BatRig_Hips-visibility-animation-output-array" count="21">

1.000000 1.000000 1.000000 1.000000 1.000000 1.000000 1.000000 1.000000 1.000000 1.000000 1.000000 1.000000 1.000000 1.000000 1.000000 1.000000
1.000000 1.000000 1.000000 1.000000 1.000000</float_array><technique_common><accessor source="#BatRig_Hips-visibility-animation-output-array" count="21"><param type="float"/></accessor></technique_common></source><source id="BatRig_Hips-visibility-animation-intan"><float_array id="BatRig_Hips-visibility-animation-intan-array" count="21">

0.000000 0.000000 0.000000 0.000000 0.000000 0.000000 0.000000 0.000000 0.000000 0.000000 0.000000 0.000000 0.000000 0.000000 0.000000 0.000000
0.000000 0.000000 0.000000 0.000000 0.000000</float_array><technique_common><accessor source="#BatRig_Hips-visibility-animation-intan-array" count="21"><param type="float"/></accessor></technique_common></source><source id="BatRig_Hips-visibility-animation-outtan"><float_array id="BatRig_Hips-visibility-animation-outtan-array" count="21">

0.000000 0.000000 0.000000 0.000000 0.000000 0.000000 0.000000 0.000000 0.000000 0.000000 0.000000 0.000000 0.000000 0.000000 0.000000 0.000000
0.000000 0.000000 0.000000 0.000000 0.000000</float_array><technique_common><accessor source="#BatRig_Hips-visibility-animation-outtan-array" count="21"><param type="float"/></accessor></technique_common></source><source id="BatRig_Hips-visibility-animation-interpolation"><Name_array id="BatRig_Hips-visibility-animation-interpolation-array" count="21">
 STEP STEP STEP STEP STEP STEP STEP STEP STEP STEP STEP STEP STEP STEP STEP STEP STEP
STEP STEP STEP BEZIER</Name_array><technique_common><accessor source="#BatRig_Hips-visibility-animation-interpolation-array" count="21"><param type="name"/></accessor></technique_common></source><sampler id="BatRig_Hips-visibility-animation"><input semantic="INPUT" source="#BatRig_Hips-visibility-animation-input"/><input semantic="OUTPUT" source="#BatRig_Hips-visibility-animation-output"/><input semantic="IN_TANGENT" source="#BatRig_Hips-visibility-animation-intan"/><input semantic="OUT_TANGENT" source="#BatRig_Hips-visibility-animation-outtan"/><input semantic="INTERPOLATION" source="#BatRig_Hips-visibility-animation-interpolation"/></sampler><channel source="#BatRig_Hips-visibility-animation" target="BatRig_Hips/visibility"/></animation></animation>
    <animation id="BatRig_Spine-anim" name="BatRig_Spine"><animation><source id="BatRig_Spine-Matrix-animation-input"><float_array id="BatRig_Spine-Matrix-animation-input-array" count="21">

0.000000 0.041667 0.083333 0.125000 0.166667 0.208333 0.250000 0.291667 0.333333 0.375000 0.416667 0.458333 0.500000 0.541667 0.583333 0.625000
0.666667 0.708333 0.750000 0.791667 0.833333</float_array><technique_common><accessor source="#BatRig_Spine-Matrix-animation-input-array" count="21"><param name="TIME" type="float"/></accessor></technique_common></source><source id="BatRig_Spine-Matrix-animation-output-transform"><float_array id="BatRig_Spine-Matrix-animation-output-transform-array" count="336">

0.998149 0.052043 -0.031469 -0.000001 -0.053279 0.997786 -0.039798 3.725677 0.029328 0.041401 0.998712 0.000001 0.000000 0.000000 0.000000 1.000000
0.998149 0.052043 -0.031469 -0.000001 -0.053279 0.997786 -0.039798 3.725677 0.029328 0.041401 0.998712 0.000001 0.000000 0.000000 0.000000 1.000000
0.999254 0.029775 -0.024582 -0.000001 -0.030742 0.998729 -0.039950 3.725677 0.023361 0.040676 0.998899 0.000001 0.000000 0.000000 0.000000 1.000000
0.999821 0.001930 -0.018819 -0.000001 -0.002686 0.999186 -0.040244 3.725677 0.018726 0.040287 0.999013 0.000001 0.000000 0.000000 0.000000 1.000000
0.998711 -0.047581 -0.017664 -0.000001 0.046001 0.995648 -0.081050 3.725677 0.021444 0.080133 0.996553 0.000001 0.000000 0.000000 0.000000 1.000000
0.991809 -0.125315 -0.024714 -0.000001 0.121356 0.984871 -0.123698 3.725677 0.039841 0.119686 0.992012 0.000001 0.000000 0.000000 0.000000 1.000000
0.972356 -0.229104 -0.045121 -0.000001 0.222168 0.967190 -0.123230 3.725677 0.071873 0.109799 0.991352 0.000001 0.000000 0.000000 0.000000 1.000000
0.995172 -0.056322 -0.080376 -0.000001 0.053679 0.997956 -0.034675 3.725677 0.082165 0.030193 0.996161 0.000001 0.000000 0.000000 0.000000 1.000000
0.995172 -0.056323 -0.080376 -0.000001 0.053680 0.997956 -0.034676 3.725677 0.082165 0.030194 0.996161 0.000001 0.000000 0.000000 0.000000 1.000000
0.998068 -0.016316 -0.059954 -0.000001 0.014275 0.999309 -0.034308 3.725677 0.060472 0.033386 0.997611 0.000001 0.000000 0.000000 0.000000 1.000000
0.999484 -0.003015 -0.031988 -0.000001 0.001806 0.999286 -0.037747 3.725677 0.032079 0.037670 0.998775 0.000001 0.000000 0.000000 0.000000 1.000000
0.999810 0.008609 -0.017463 -0.000001 -0.009297 0.999167 -0.039734 3.725677 0.017106 0.039889 0.999058 0.000001 0.000000 0.000000 0.000000 1.000000
0.999549 0.023530 -0.018683 -0.000001 -0.023711 0.999673 -0.009544 3.725677 0.018452 0.009983 0.999780 0.000001 0.000000 0.000000 0.000000 1.000000
0.999161 0.035045 -0.021179 -0.000001 -0.034035 0.998348 0.046286 3.725677 0.022766 -0.045526 0.998704 0.000001 0.000000 0.000000 0.000000 1.000000
0.998808 0.042940 -0.023197 -0.000001 -0.041055 0.996232 0.076389 3.725677 0.026390 -0.075346 0.996808 0.000001 0.000000 0.000000 0.000000 1.000000
0.998547 0.048081 -0.024327 -0.000001 -0.046115 0.996058 0.075773 3.725677 0.027874 -0.074541 0.996828 0.000001 0.000000 0.000000 0.000000 1.000000
0.998335 0.051821 -0.025320 -0.000001 -0.049821 0.996007 0.074085 3.725677 0.029058 -0.072700 0.996930 0.000001 0.000000 0.000000 0.000000 1.000000
0.998174 0.054457 -0.026151 -0.000001 -0.052455 0.996029 0.071941 3.725677 0.029965 -0.070438 0.997066 0.000001 0.000000 0.000000 0.000000 1.000000
0.998066 0.056108 -0.026769 -0.000001 -0.054121 0.996083 0.069920 3.725677 0.030587 -0.068336 0.997193 0.000001 0.000000 0.000000 0.000000 1.000000
0.998024 0.056718 -0.027034 -0.000001 -0.054744 0.996121 0.068897 3.725677 0.030837 -0.067281 0.997257 0.000001 0.000000 0.000000 0.000000 1.000000
0.998024 0.056719 -0.027036 -0.000001 -0.054744 0.996121 0.068897 3.725677 0.030839 -0.067281 0.997257 0.000001 0.000000 0.000000 0.000000 1.000000</float_array><technique_common><accessor source="#BatRig_Spine-Matrix-animation-output-transform-array" count="21" stride="16"><param type="float4x4"/></accessor></technique_common></source><source id="BatRig_Spine-Interpolations"><Name_array id="BatRig_Spine-Interpolations-array" count="21">
 LINEAR LINEAR LINEAR LINEAR LINEAR LINEAR LINEAR LINEAR LINEAR LINEAR LINEAR
LINEAR LINEAR LINEAR LINEAR LINEAR LINEAR LINEAR LINEAR LINEAR LINEAR</Name_array><technique_common><accessor source="#BatRig_Spine-Interpolations-array" count="21"><param type="name"/></accessor></technique_common></source><sampler id="BatRig_Spine-Matrix-animation-transform"><input semantic="INPUT" source="#BatRig_Spine-Matrix-animation-input"/><input semantic="OUTPUT" source="#BatRig_Spine-Matrix-animation-output-transform"/><input semantic="INTERPOLATION" source="#BatRig_Spine-Interpolations"/></sampler><channel source="#BatRig_Spine-Matrix-animation-transform" target="BatRig_Spine/matrix"/></animation><animation><source id="BatRig_Spine-visibility-animation-input"><float_array id="BatRig_Spine-visibility-animation-input-array" count="21">

0.000000 0.041667 0.083333 0.125000 0.166667 0.208333 0.250000 0.291667 0.333333 0.375000 0.416667 0.458333 0.500000 0.541667 0.583333 0.625000
0.666667 0.708333 0.750000 0.791667 0.833333</float_array><technique_common><accessor source="#BatRig_Spine-visibility-animation-input-array" count="21"><param name="TIME" type="float"/></accessor></technique_common></source><source id="BatRig_Spine-visibility-animation-output"><float_array id="BatRig_Spine-visibility-animation-output-array" count="21">

1.000000 1.000000 1.000000 1.000000 1.000000 1.000000 1.000000 1.000000 1.000000 1.000000 1.000000 1.000000 1.000000 1.000000 1.000000 1.000000
1.000000 1.000000 1.000000 1.000000 1.000000</float_array><technique_common><accessor source="#BatRig_Spine-visibility-animation-output-array" count="21"><param type="float"/></accessor></technique_common></source><source id="BatRig_Spine-visibility-animation-intan"><float_array id="BatRig_Spine-visibility-animation-intan-array" count="21">

0.000000 0.000000 0.000000 0.000000 0.000000 0.000000 0.000000 0.000000 0.000000 0.000000 0.000000 0.000000 0.000000 0.000000 0.000000 0.000000
0.000000 0.000000 0.000000 0.000000 0.000000</float_array><technique_common><accessor source="#BatRig_Spine-visibility-animation-intan-array" count="21"><param type="float"/></accessor></technique_common></source><source id="BatRig_Spine-visibility-animation-outtan"><float_array id="BatRig_Spine-visibility-animation-outtan-array" count="21">

0.000000 0.000000 0.000000 0.000000 0.000000 0.000000 0.000000 0.000000 0.000000 0.000000 0.000000 0.000000 0.000000 0.000000 0.000000 0.000000
0.000000 0.000000 0.000000 0.000000 0.000000</float_array><technique_common><accessor source="#BatRig_Spine-visibility-animation-outtan-array" count="21"><param type="float"/></accessor></technique_common></source><source id="BatRig_Spine-visibility-animation-interpolation"><Name_array id="BatRig_Spine-visibility-animation-interpolation-array" count="21">
 STEP STEP STEP STEP STEP STEP STEP STEP STEP STEP STEP STEP STEP STEP STEP STEP STEP
STEP STEP STEP BEZIER</Name_array><technique_common><accessor source="#BatRig_Spine-visibility-animation-interpolation-array" count="21"><param type="name"/></accessor></technique_common></source><sampler id="BatRig_Spine-visibility-animation"><input semantic="INPUT" source="#BatRig_Spine-visibility-animation-input"/><input semantic="OUTPUT" source="#BatRig_Spine-visibility-animation-output"/><input semantic="IN_TANGENT" source="#BatRig_Spine-visibility-animation-intan"/><input semantic="OUT_TANGENT" source="#BatRig_Spine-visibility-animation-outtan"/><input semantic="INTERPOLATION" source="#BatRig_Spine-visibility-animation-interpolation"/></sampler><channel source="#BatRig_Spine-visibility-animation" target="BatRig_Spine/visibility"/></animation></animation>
    <animation id="BatRig_Spine1-anim" name="BatRig_Spine1"><animation><source id="BatRig_Spine1-Matrix-animation-input"><float_array id="BatRig_Spine1-Matrix-animation-input-array" count="21">

0.000000 0.041667 0.083333 0.125000 0.166667 0.208333 0.250000 0.291667 0.333333 0.375000 0.416667 0.458333 0.500000 0.541667 0.583333 0.625000
0.666667 0.708333 0.750000 0.791667 0.833333</float_array><technique_common><accessor source="#BatRig_Spine1-Matrix-animation-input-array" count="21"><param name="TIME" type="float"/></accessor></technique_common></source><source id="BatRig_Spine1-Matrix-animation-output-transform"><float_array id="BatRig_Spine1-Matrix-animation-output-transform-array" count="336">

0.999937 0.002064 -0.011072 0.000002 -0.001774 0.999657 0.026136 10.999832 0.011122 -0.026115 0.999597 -0.000003 0.000000 0.000000 0.000000 1.000000
0.999937 0.002064 -0.011072 0.000002 -0.001774 0.999657 0.026136 10.999832 0.011122 -0.026115 0.999597 -0.000003 0.000000 0.000000 0.000000 1.000000
0.998212 0.004063 -0.059633 0.000002 -0.003317 0.999915 0.012602 10.999832 0.059679 -0.012382 0.998141 -0.000003 0.000000 0.000000 0.000000 1.000000
0.993562 0.010216 -0.112824 0.000002 -0.009581 0.999935 0.006171 10.999832 0.112880 -0.005050 0.993596 -0.000003 0.000000 0.000000 0.000000 1.000000
0.983116 0.038735 -0.178834 0.000002 -0.030595 0.998376 0.048056 10.999832 0.180405 -0.041773 0.982705 -0.000003 0.000000 0.000000 0.000000 1.000000
0.960264 0.065213 -0.271369 0.000002 -0.041199 0.994788 0.093273 10.999832 0.276037 -0.078387 0.957945 -0.000003 0.000000 0.000000 0.000000 1.000000
0.947565 0.060155 -0.313850 0.000002 -0.047722 0.997747 0.047154 10.999832 0.315979 -0.029704 0.948301 -0.000003 0.000000 0.000000 0.000000 1.000000
0.915533 0.037983 -0.400446 0.000002 -0.041887 0.999122 -0.000997 10.999832 0.400056 0.017686 0.916320 -0.000003 0.000000 0.000000 0.000000 1.000000
0.915533 0.037983 -0.400446 0.000002 -0.041887 0.999122 -0.000997 10.999832 0.400056 0.017686 0.916320 -0.000003 0.000000 0.000000 0.000000 1.000000
0.947270 0.024433 -0.319504 0.000002 -0.026166 0.999657 -0.001130 10.999832 0.319367 0.009431 0.947584 -0.000003 0.000000 0.000000 0.000000 1.000000
0.981049 0.014873 -0.193189 0.000002 -0.014244 0.999888 0.004645 10.999832 0.193237 -0.001805 0.981150 -0.000003 0.000000 0.000000 0.000000 1.000000
0.995697 0.009281 -0.092205 0.000002 -0.008537 0.999928 0.008460 10.999832 0.092277 -0.007636 0.995704 -0.000003 0.000000 0.000000 0.000000 1.000000
0.998753 0.007431 -0.049377 0.000002 -0.008024 0.999898 -0.011826 10.999832 0.049284 0.012207 0.998710 -0.000003 0.000000 0.000000 0.000000 1.000000
0.999373 0.006832 -0.034735 0.000002 -0.008523 0.998773 -0.048774 10.999832 0.034359 0.049039 0.998206 -0.000003 0.000000 0.000000 0.000000 1.000000
0.999616 0.006464 -0.026933 0.000002 -0.008301 0.997606 -0.068652 10.999832 0.026425 0.068849 0.997277 -0.000003 0.000000 0.000000 0.000000 1.000000
0.999837 0.005905 -0.017043 0.000002 -0.007043 0.997693 -0.067526 10.999832 0.016605 0.067635 0.997572 -0.000003 0.000000 0.000000 0.000000 1.000000
0.999937 0.005410 -0.009790 0.000002 -0.006033 0.997882 -0.064763 10.999832 0.009419 0.064818 0.997853 -0.000003 0.000000 0.000000 0.000000 1.000000
0.999977 0.004994 -0.004631 0.000002 -0.005269 0.998104 -0.061322 10.999832 0.004316 0.061345 0.998107 -0.000003 0.000000 0.000000 0.000000 1.000000
0.999988 0.004687 -0.001368 0.000002 -0.004759 0.998299 -0.058107 10.999832 0.001093 0.058113 0.998309 -0.000003 0.000000 0.000000 0.000000 1.000000
0.999990 0.004554 -0.000146 0.000002 -0.004555 0.998393 -0.056489 10.999832 -0.000111 0.056489 0.998403 -0.000003 0.000000 0.000000 0.000000 1.000000
0.999990 0.004554 -0.000146 0.000002 -0.004555 0.998393 -0.056489 10.999832 -0.000111 0.056489 0.998403 -0.000003 0.000000 0.000000 0.000000 1.000000</float_array><technique_common><accessor source="#BatRig_Spine1-Matrix-animation-output-transform-array" count="21" stride="16"><param type="float4x4"/></accessor></technique_common></source><source id="BatRig_Spine1-Interpolations"><Name_array id="BatRig_Spine1-Interpolations-array" count="21">
 LINEAR LINEAR LINEAR LINEAR LINEAR LINEAR LINEAR LINEAR LINEAR LINEAR LINEAR
LINEAR LINEAR LINEAR LINEAR LINEAR LINEAR LINEAR LINEAR LINEAR LINEAR</Name_array><technique_common><accessor source="#BatRig_Spine1-Interpolations-array" count="21"><param type="name"/></accessor></technique_common></source><sampler id="BatRig_Spine1-Matrix-animation-transform"><input semantic="INPUT" source="#BatRig_Spine1-Matrix-animation-input"/><input semantic="OUTPUT" source="#BatRig_Spine1-Matrix-animation-output-transform"/><input semantic="INTERPOLATION" source="#BatRig_Spine1-Interpolations"/></sampler><channel source="#BatRig_Spine1-Matrix-animation-transform" target="BatRig_Spine1/matrix"/></animation><animation><source id="BatRig_Spine1-visibility-animation-input"><float_array id="BatRig_Spine1-visibility-animation-input-array" count="21">

0.000000 0.041667 0.083333 0.125000 0.166667 0.208333 0.250000 0.291667 0.333333 0.375000 0.416667 0.458333 0.500000 0.541667 0.583333 0.625000
0.666667 0.708333 0.750000 0.791667 0.833333</float_array><technique_common><accessor source="#BatRig_Spine1-visibility-animation-input-array" count="21"><param name="TIME" type="float"/></accessor></technique_common></source><source id="BatRig_Spine1-visibility-animation-output"><float_array id="BatRig_Spine1-visibility-animation-output-array" count="21">

1.000000 1.000000 1.000000 1.000000 1.000000 1.000000 1.000000 1.000000 1.000000 1.000000 1.000000 1.000000 1.000000 1.000000 1.000000 1.000000
1.000000 1.000000 1.000000 1.000000 1.000000</float_array><technique_common><accessor source="#BatRig_Spine1-visibility-animation-output-array" count="21"><param type="float"/></accessor></technique_common></source><source id="BatRig_Spine1-visibility-animation-intan"><float_array id="BatRig_Spine1-visibility-animation-intan-array" count="21">

0.000000 0.000000 0.000000 0.000000 0.000000 0.000000 0.000000 0.000000 0.000000 0.000000 0.000000 0.000000 0.000000 0.000000 0.000000 0.000000
0.000000 0.000000 0.000000 0.000000 0.000000</float_array><technique_common><accessor source="#BatRig_Spine1-visibility-animation-intan-array" count="21"><param type="float"/></accessor></technique_common></source><source id="BatRig_Spine1-visibility-animation-outtan"><float_array id="BatRig_Spine1-visibility-animation-outtan-array" count="21">

0.000000 0.000000 0.000000 0.000000 0.000000 0.000000 0.000000 0.000000 0.000000 0.000000 0.000000 0.000000 0.000000 0.000000 0.000000 0.000000
0.000000 0.000000 0.000000 0.000000 0.000000</float_array><technique_common><accessor source="#BatRig_Spine1-visibility-animation-outtan-array" count="21"><param type="float"/></accessor></technique_common></source><source id="BatRig_Spine1-visibility-animation-interpolation"><Name_array id="BatRig_Spine1-visibility-animation-interpolation-array" count="21">
 STEP STEP STEP STEP STEP STEP STEP STEP STEP STEP STEP STEP STEP STEP STEP STEP STEP
STEP STEP STEP BEZIER</Name_array><technique_common><accessor source="#BatRig_Spine1-visibility-animation-interpolation-array" count="21"><param type="name"/></accessor></technique_common></source><sampler id="BatRig_Spine1-visibility-animation"><input semantic="INPUT" source="#BatRig_Spine1-visibility-animation-input"/><input semantic="OUTPUT" source="#BatRig_Spine1-visibility-animation-output"/><input semantic="IN_TANGENT" source="#BatRig_Spine1-visibility-animation-intan"/><input semantic="OUT_TANGENT" source="#BatRig_Spine1-visibility-animation-outtan"/><input semantic="INTERPOLATION" source="#BatRig_Spine1-visibility-animation-interpolation"/></sampler><channel source="#BatRig_Spine1-visibility-animation" target="BatRig_Spine1/visibility"/></animation></animation>
    <animation id="BatRig_Spine2-anim" name="BatRig_Spine2"><animation><source id="BatRig_Spine2-Matrix-animation-input"><float_array id="BatRig_Spine2-Matrix-animation-input-array" count="21">

0.000000 0.041667 0.083333 0.125000 0.166667 0.208333 0.250000 0.291667 0.333333 0.375000 0.416667 0.458333 0.500000 0.541667 0.583333 0.625000
0.666667 0.708333 0.750000 0.791667 0.833333</float_array><technique_common><accessor source="#BatRig_Spine2-Matrix-animation-input-array" count="21"><param name="TIME" type="float"/></accessor></technique_common></source><source id="BatRig_Spine2-Matrix-animation-output-transform"><float_array id="BatRig_Spine2-Matrix-animation-output-transform-array" count="336">

0.999933 0.003200 -0.011102 0.000000 -0.002914 0.999666 0.025694 11.776703 0.011181 -0.025660 0.999608 0.000004 0.000000 0.000000 0.000000 1.000000
0.999933 0.003200 -0.011102 0.000000 -0.002914 0.999666 0.025694 11.776703 0.011181 -0.025660 0.999608 0.000004 0.000000 0.000000 0.000000 1.000000
0.998152 0.009363 -0.060034 -0.000000 -0.008726 0.999903 0.010860 11.776703 0.060130 -0.010316 0.998137 0.000004 0.000000 0.000000 0.000000 1.000000
0.993350 0.017121 -0.113856 0.000000 -0.016735 0.999851 0.004349 11.776703 0.113913 -0.002415 0.993488 0.000004 0.000000 0.000000 0.000000 1.000000
0.982859 0.031116 -0.181714 0.000000 -0.023037 0.998657 0.046403 11.776703 0.182914 -0.041421 0.982256 0.000004 0.000000 0.000000 0.000000 1.000000
0.959823 0.048798 -0.276331 0.000000 -0.024290 0.995515 0.091432 11.776703 0.279553 -0.081046 0.956704 0.000004 0.000000 0.000000 0.000000 1.000000
0.946431 0.055829 -0.318043 0.000000 -0.042822 0.997941 0.047749 11.776703 0.320054 -0.031572 0.946873 0.000004 0.000000 0.000000 0.000000 1.000000
0.914014 0.045196 -0.403157 0.000000 -0.051169 0.998682 -0.004050 11.776703 0.402442 0.024331 0.915122 0.000004 0.000000 0.000000 0.000000 1.000000
0.914014 0.045196 -0.403157 0.000000 -0.051169 0.998682 -0.004050 11.776703 0.402442 0.024331 0.915122 0.000004 0.000000 0.000000 0.000000 1.000000
0.946270 0.033403 -0.321647 0.000000 -0.036476 0.999328 -0.003529 11.776703 0.321313 0.015072 0.946853 0.000004 0.000000 0.000000 0.000000 1.000000
0.980591 0.022841 -0.194730 0.000000 -0.022746 0.999738 0.002724 11.776703 0.194741 0.001758 0.980853 0.000004 0.000000 0.000000 0.000000 1.000000
0.995535 0.015431 -0.093127 0.000000 -0.014862 0.999866 0.006798 11.776703 0.093220 -0.005384 0.995631 0.000004 0.000000 0.000000 0.000000 1.000000
0.998682 0.012326 -0.049829 0.000000 -0.013017 0.999823 -0.013563 11.776703 0.049653 0.014194 0.998666 0.000004 0.000000 0.000000 0.000000 1.000000
0.999328 0.011428 -0.034829 0.000000 -0.013153 0.998677 -0.049710 11.776703 0.034215 0.050135 0.998156 0.000004 0.000000 0.000000 0.000000 1.000000
0.999584 0.010680 -0.026806 0.000000 -0.012512 0.997528 -0.069151 11.776703 0.026001 0.069458 0.997246 0.000004 0.000000 0.000000 0.000000 1.000000
0.999816 0.009225 -0.016805 0.000000 -0.010348 0.997629 -0.068037 11.776703 0.016138 0.068198 0.997541 0.000004 0.000000 0.000000 0.000000 1.000000
0.999925 0.007695 -0.009502 -0.000000 -0.008298 0.997840 -0.065169 11.776703 0.008980 0.065243 0.997829 0.000004 0.000000 0.000000 0.000000 1.000000
0.999971 0.006256 -0.004331 0.000000 -0.006511 0.998082 -0.061567 11.776703 0.003938 0.061593 0.998094 0.000004 0.000000 0.000000 0.000000 1.000000
0.999986 0.005098 -0.001077 0.000000 -0.005152 0.998292 -0.058190 11.776703 0.000779 0.058195 0.998305 0.000004 0.000000 0.000000 0.000000 1.000000
0.999990 0.004565 0.000133 0.000000 -0.004550 0.998393 -0.056488 11.776703 -0.000391 0.056487 0.998403 0.000004 0.000000 0.000000 0.000000 1.000000
0.999990 0.004565 0.000133 0.000000 -0.004550 0.998393 -0.056488 11.776703 -0.000391 0.056487 0.998403 0.000004 0.000000 0.000000 0.000000 1.000000</float_array><technique_common><accessor source="#BatRig_Spine2-Matrix-animation-output-transform-array" count="21" stride="16"><param type="float4x4"/></accessor></technique_common></source><source id="BatRig_Spine2-Interpolations"><Name_array id="BatRig_Spine2-Interpolations-array" count="21">
 LINEAR LINEAR LINEAR LINEAR LINEAR LINEAR LINEAR LINEAR LINEAR LINEAR LINEAR
LINEAR LINEAR LINEAR LINEAR LINEAR LINEAR LINEAR LINEAR LINEAR LINEAR</Name_array><technique_common><accessor source="#BatRig_Spine2-Interpolations-array" count="21"><param type="name"/></accessor></technique_common></source><sampler id="BatRig_Spine2-Matrix-animation-transform"><input semantic="INPUT" source="#BatRig_Spine2-Matrix-animation-input"/><input semantic="OUTPUT" source="#BatRig_Spine2-Matrix-animation-output-transform"/><input semantic="INTERPOLATION" source="#BatRig_Spine2-Interpolations"/></sampler><channel source="#BatRig_Spine2-Matrix-animation-transform" target="BatRig_Spine2/matrix"/></animation><animation><source id="BatRig_Spine2-visibility-animation-input"><float_array id="BatRig_Spine2-visibility-animation-input-array" count="21">

0.000000 0.041667 0.083333 0.125000 0.166667 0.208333 0.250000 0.291667 0.333333 0.375000 0.416667 0.458333 0.500000 0.541667 0.583333 0.625000
0.666667 0.708333 0.750000 0.791667 0.833333</float_array><technique_common><accessor source="#BatRig_Spine2-visibility-animation-input-array" count="21"><param name="TIME" type="float"/></accessor></technique_common></source><source id="BatRig_Spine2-visibility-animation-output"><float_array id="BatRig_Spine2-visibility-animation-output-array" count="21">

1.000000 1.000000 1.000000 1.000000 1.000000 1.000000 1.000000 1.000000 1.000000 1.000000 1.000000 1.000000 1.000000 1.000000 1.000000 1.000000
1.000000 1.000000 1.000000 1.000000 1.000000</float_array><technique_common><accessor source="#BatRig_Spine2-visibility-animation-output-array" count="21"><param type="float"/></accessor></technique_common></source><source id="BatRig_Spine2-visibility-animation-intan"><float_array id="BatRig_Spine2-visibility-animation-intan-array" count="21">

0.000000 0.000000 0.000000 0.000000 0.000000 0.000000 0.000000 0.000000 0.000000 0.000000 0.000000 0.000000 0.000000 0.000000 0.000000 0.000000
0.000000 0.000000 0.000000 0.000000 0.000000</float_array><technique_common><accessor source="#BatRig_Spine2-visibility-animation-intan-array" count="21"><param type="float"/></accessor></technique_common></source><source id="BatRig_Spine2-visibility-animation-outtan"><float_array id="BatRig_Spine2-visibility-animation-outtan-array" count="21">

0.000000 0.000000 0.000000 0.000000 0.000000 0.000000 0.000000 0.000000 0.000000 0.000000 0.000000 0.000000 0.000000 0.000000 0.000000 0.000000
0.000000 0.000000 0.000000 0.000000 0.000000</float_array><technique_common><accessor source="#BatRig_Spine2-visibility-animation-outtan-array" count="21"><param type="float"/></accessor></technique_common></source><source id="BatRig_Spine2-visibility-animation-interpolation"><Name_array id="BatRig_Spine2-visibility-animation-interpolation-array" count="21">
 STEP STEP STEP STEP STEP STEP STEP STEP STEP STEP STEP STEP STEP STEP STEP STEP STEP
STEP STEP STEP BEZIER</Name_array><technique_common><accessor source="#BatRig_Spine2-visibility-animation-interpolation-array" count="21"><param type="name"/></accessor></technique_common></source><sampler id="BatRig_Spine2-visibility-animation"><input semantic="INPUT" source="#BatRig_Spine2-visibility-animation-input"/><input semantic="OUTPUT" source="#BatRig_Spine2-visibility-animation-output"/><input semantic="IN_TANGENT" source="#BatRig_Spine2-visibility-animation-intan"/><input semantic="OUT_TANGENT" source="#BatRig_Spine2-visibility-animation-outtan"/><input semantic="INTERPOLATION" source="#BatRig_Spine2-visibility-animation-interpolation"/></sampler><channel source="#BatRig_Spine2-visibility-animation" target="BatRig_Spine2/visibility"/></animation></animation>
    <animation id="BatRig_Spine3-anim" name="BatRig_Spine3"><animation><source id="BatRig_Spine3-Matrix-animation-input"><float_array id="BatRig_Spine3-Matrix-animation-input-array" count="21">

0.000000 0.041667 0.083333 0.125000 0.166667 0.208333 0.250000 0.291667 0.333333 0.375000 0.416667 0.458333 0.500000 0.541667 0.583333 0.625000
