<?xml version="1.0" encoding="utf-8"?>
<COLLADA xmlns="http://www.collada.org/2005/11/COLLADASchema" version="1.4.1">
  <asset><contributor><author></author><authoring_tool>FBX COLLADA exporter</authoring_tool><comments></comments></contributor><created>2017-08-30T19:31:41Z</created><keywords></keywords><modified>2017-08-30T19:31:41Z</modified><revision></revision><subject></subject><title></title><unit meter="0.010000" name="centimeter"></unit><up_axis>Y_UP</up_axis></asset>
  <library_animations>
    <animation id="BatRig_Reference-anim" name="BatRig_Reference"><animation><source id="BatRig_Reference-Matrix-animation-input"><float_array id="BatRig_Reference-Matrix-animation-input-array" count="18">

0.000000 0.041667 0.083333 0.125000 0.166667 0.208333 0.250000 0.291667 0.333333 0.375000 0.416667 0.458333 0.500000 0.541667 0.583333 0.625000
0.666667 0.708333</float_array><technique_common><accessor source="#BatRig_Reference-Matrix-animation-input-array" count="18"><param name="TIME" type="float"/></accessor></technique_common></source><source id="BatRig_Reference-Matrix-animation-output-transform"><float_array id="BatRig_Reference-Matrix-animation-output-transform-array" count="288">

1.000000 0.000000 0.000000 -0.975012 0.000000 1.000000 0.000000 0.000000 0.000000 0.000000 1.000000 1.618144 0.000000 0.000000 0.000000 1.000000
1.000000 0.000000 0.000000 -0.975012 0.000000 1.000000 0.000000 0.000000 0.000000 0.000000 1.000000 1.618144 0.000000 0.000000 0.000000 1.000000
1.000000 0.000000 0.000000 -4.289794 0.000000 1.000000 0.000000 0.000000 0.000000 0.000000 1.000000 5.328445 0.000000 0.000000 0.000000 1.000000
1.000000 0.000000 0.000000 -8.971144 0.000000 1.000000 0.000000 0.000000 0.000000 0.000000 1.000000 10.565869 0.000000 0.000000 0.000000 1.000000
1.000000 0.000000 0.000000 -14.327933 0.000000 1.000000 0.000000 0.000000 0.000000 0.000000 1.000000 16.554451 0.000000 0.000000 0.000000 1.000000
1.000000 0.000000 0.000000 -19.668919 0.000000 1.000000 0.000000 0.000000 0.000000 0.000000 1.000000 22.518278 0.000000 0.000000 0.000000 1.000000
1.000000 0.000000 0.000000 -24.978390 0.000000 1.000000 0.000000 0.000000 0.000000 0.000000 1.000000 28.446449 0.000000 0.000000 0.000000 1.000000
1.000000 0.000000 0.000000 -30.889225 0.000000 1.000000 0.000000 0.000000 0.000000 0.000000 1.000000 35.044628 0.000000 0.000000 0.000000 1.000000
1.000000 0.000000 0.000000 -37.682922 0.000000 1.000000 0.000000 0.000000 0.000000 0.000000 1.000000 42.611958 0.000000 0.000000 0.000000 1.000000
1.000000 0.000000 0.000000 -45.640991 0.000000 1.000000 0.000000 0.000000 0.000000 0.000000 1.000000 51.447758 0.000000 0.000000 0.000000 1.000000
1.000000 0.000000 0.000000 -56.566433 0.000000 1.000000 0.000000 0.000000 0.000000 0.000000 1.000000 63.525616 0.000000 0.000000 0.000000 1.000000
1.000000 0.000000 0.000000 -69.739326 0.000000 1.000000 0.000000 0.000000 0.000000 0.000000 1.000000 78.051926 0.000000 0.000000 0.000000 1.000000
1.000000 0.000000 0.000000 -81.655708 0.000000 1.000000 0.000000 0.000000 0.000000 0.000000 1.000000 91.175331 0.000000 0.000000 0.000000 1.000000
1.000000 0.000000 0.000000 -88.810104 0.000000 1.000000 0.000000 0.000000 0.000000 0.000000 1.000000 99.045906 0.000000 0.000000 0.000000 1.000000
1.000000 0.000000 0.000000 -93.479706 0.000000 1.000000 0.000000 0.000000 0.000000 0.000000 1.000000 104.178444 0.000000 0.000000 0.000000 1.000000
1.000000 0.000000 0.000000 -93.598465 0.000000 1.000000 0.000000 0.000000 0.000000 0.000000 1.000000 104.308441 0.000000 0.000000 0.000000 1.000000
1.000000 0.000000 0.000000 -93.615135 0.000000 1.000000 0.000000 0.000000 0.000000 0.000000 1.000000 104.326096 0.000000 0.000000 0.000000 1.000000
1.000000 0.000000 0.000000 -93.615135 0.000000 1.000000 0.000000 0.000000 0.000000 0.000000 1.000000 104.326096 0.000000 0.000000 0.000000 1.000000</float_array><technique_common><accessor source="#BatRig_Reference-Matrix-animation-output-transform-array" count="18" stride="16"><param type="float4x4"/></accessor></technique_common></source><source id="BatRig_Reference-Interpolations"><Name_array id="BatRig_Reference-Interpolations-array" count="18">
 LINEAR LINEAR LINEAR LINEAR LINEAR LINEAR LINEAR LINEAR LINEAR LINEAR LINEAR
LINEAR LINEAR LINEAR LINEAR LINEAR LINEAR LINEAR</Name_array><technique_common><accessor source="#BatRig_Reference-Interpolations-array" count="18"><param type="name"/></accessor></technique_common></source><sampler id="BatRig_Reference-Matrix-animation-transform"><input semantic="INPUT" source="#BatRig_Reference-Matrix-animation-input"/><input semantic="OUTPUT" source="#BatRig_Reference-Matrix-animation-output-transform"/><input semantic="INTERPOLATION" source="#BatRig_Reference-Interpolations"/></sampler><channel source="#BatRig_Reference-Matrix-animation-transform" target="BatRig_Reference/matrix"/></animation><animation><source id="BatRig_Reference-visibility-animation-input"><float_array id="BatRig_Reference-visibility-animation-input-array" count="18">

0.000000 0.041667 0.083333 0.125000 0.166667 0.208333 0.250000 0.291667 0.333333 0.375000 0.416667 0.458333 0.500000 0.541667 0.583333 0.625000
0.666667 0.708333</float_array><technique_common><accessor source="#BatRig_Reference-visibility-animation-input-array" count="18"><param name="TIME" type="float"/></accessor></technique_common></source><source id="BatRig_Reference-visibility-animation-output"><float_array id="BatRig_Reference-visibility-animation-output-array" count="18">

1.000000 1.000000 1.000000 1.000000 1.000000 1.000000 1.000000 1.000000 1.000000 1.000000 1.000000 1.000000 1.000000 1.000000 1.000000 1.000000
1.000000 1.000000</float_array><technique_common><accessor source="#BatRig_Reference-visibility-animation-output-array" count="18"><param type="float"/></accessor></technique_common></source><source id="BatRig_Reference-visibility-animation-intan"><float_array id="BatRig_Reference-visibility-animation-intan-array" count="18">

0.000000 0.000000 0.000000 0.000000 0.000000 0.000000 0.000000 0.000000 0.000000 0.000000 0.000000 0.000000 0.000000 0.000000 0.000000 0.000000
0.000000 0.000000</float_array><technique_common><accessor source="#BatRig_Reference-visibility-animation-intan-array" count="18"><param type="float"/></accessor></technique_common></source><source id="BatRig_Reference-visibility-animation-outtan"><float_array id="BatRig_Reference-visibility-animation-outtan-array" count="18">

0.000000 0.000000 0.000000 0.000000 0.000000 0.000000 0.000000 0.000000 0.000000 0.000000 0.000000 0.000000 0.000000 0.000000 0.000000 0.000000
0.000000 0.000000</float_array><technique_common><accessor source="#BatRig_Reference-visibility-animation-outtan-array" count="18"><param type="float"/></accessor></technique_common></source><source id="BatRig_Reference-visibility-animation-interpolation"><Name_array id="BatRig_Reference-visibility-animation-interpolation-array" count="18">
 STEP STEP STEP STEP STEP STEP STEP STEP STEP STEP STEP STEP STEP STEP STEP STEP STEP
BEZIER</Name_array><technique_common><accessor source="#BatRig_Reference-visibility-animation-interpolation-array" count="18"><param type="name"/></accessor></technique_common></source><sampler id="BatRig_Reference-visibility-animation"><input semantic="INPUT" source="#BatRig_Reference-visibility-animation-input"/><input semantic="OUTPUT" source="#BatRig_Reference-visibility-animation-output"/><input semantic="IN_TANGENT" source="#BatRig_Reference-visibility-animation-intan"/><input semantic="OUT_TANGENT" source="#BatRig_Reference-visibility-animation-outtan"/><input semantic="INTERPOLATION" source="#BatRig_Reference-visibility-animation-interpolation"/></sampler><channel source="#BatRig_Reference-visibility-animation" target="BatRig_Reference/visibility"/></animation></animation>
    <animation id="BatRig_Hips-anim" name="BatRig_Hips"><animation><source id="BatRig_Hips-Matrix-animation-input"><float_array id="BatRig_Hips-Matrix-animation-input-array" count="18">

0.000000 0.041667 0.083333 0.125000 0.166667 0.208333 0.250000 0.291667 0.333333 0.375000 0.416667 0.458333 0.500000 0.541667 0.583333 0.625000
0.666667 0.708333</float_array><technique_common><accessor source="#BatRig_Hips-Matrix-animation-input-array" count="18"><param name="TIME" type="float"/></accessor></technique_common></source><source id="BatRig_Hips-Matrix-animation-output-transform"><float_array id="BatRig_Hips-Matrix-animation-output-transform-array" count="288">

0.529615 -0.044195 0.847086 0.000000 0.070660 0.997469 0.007863 77.064194 -0.845290 0.055691 0.531398 0.000000 0.000000 0.000000 0.000000 1.000000
0.529615 -0.044195 0.847086 0.000000 0.070660 0.997469 0.007863 77.064194 -0.845290 0.055691 0.531398 0.000000 0.000000 0.000000 0.000000 1.000000
0.515957 -0.037914 0.855775 0.000000 0.074245 0.997240 -0.000581 79.484116 -0.853391 0.063837 0.517348 0.000000 0.000000 0.000000 0.000000 1.000000
0.500299 -0.029505 0.865350 0.000000 0.079453 0.996767 -0.011950 82.365387 -0.862200 0.074733 0.501026 0.000000 0.000000 0.000000 0.000000 1.000000
0.484596 -0.020658 0.874494 0.000000 0.085376 0.996065 -0.023781 84.775673 -0.870562 0.086185 0.484453 0.000000 0.000000 0.000000 0.000000 1.000000
0.470922 -0.013065 0.882078 0.000000 0.090822 0.995295 -0.033746 85.782845 -0.877487 0.096004 0.469893 0.000000 0.000000 0.000000 0.000000 1.000000
0.458347 -0.005702 0.888755 0.000000 0.096372 0.994402 -0.043321 84.545074 -0.883533 0.105507 0.456331 0.000000 0.000000 0.000000 0.000000 1.000000
0.446168 0.002163 0.894947 0.000000 0.102538 0.993288 -0.053520 81.828362 -0.889056 0.115645 0.442952 0.000000 0.000000 0.000000 0.000000 1.000000
0.436942 0.008426 0.899450 0.000000 0.107620 0.992283 -0.061576 79.112808 -0.893028 0.123704 0.432663 0.000000 0.000000 0.000000 0.000000 1.000000
0.433286 0.010982 0.901190 0.000000 0.109735 0.991843 -0.064846 77.878670 -0.894551 0.126989 0.428547 0.000000 0.000000 0.000000 0.000000 1.000000
0.451303 0.004459 0.892360 0.000000 0.103838 0.992932 -0.057476 78.747826 -0.886309 0.118600 0.447650 0.000000 0.000000 0.000000 0.000000 1.000000
0.490222 -0.010525 0.871534 0.000000 0.091675 0.995003 -0.039550 80.660072 -0.866763 0.099286 0.488737 0.000000 0.000000 0.000000 0.000000 1.000000
0.528041 -0.027070 0.848787 0.000000 0.080414 0.996595 -0.018242 82.572868 -0.845403 0.077887 0.528420 0.000000 0.000000 0.000000 0.000000 1.000000
0.544765 -0.038299 0.837714 0.000000 0.073975 0.997257 -0.002513 83.444832 -0.835320 0.063339 0.546104 0.000000 0.000000 0.000000 0.000000 1.000000
0.555358 -0.046420 0.830315 0.000000 0.069711 0.997525 0.009142 77.667274 -0.828685 0.052805 0.557219 0.000000 0.000000 0.000000 0.000000 1.000000
0.551129 -0.046629 0.833116 0.000000 0.069553 0.997530 0.009819 76.516838 -0.831516 0.052534 0.553011 0.000000 0.000000 0.000000 0.000000 1.000000
0.545541 -0.046661 0.836784 0.000000 0.069469 0.997531 0.010334 76.122849 -0.835200 0.052493 0.547435 0.000000 0.000000 0.000000 0.000000 1.000000
0.545541 -0.046661 0.836784 0.000000 0.069469 0.997531 0.010334 76.122849 -0.835200 0.052493 0.547435 0.000000 0.000000 0.000000 0.000000 1.000000</float_array><technique_common><accessor source="#BatRig_Hips-Matrix-animation-output-transform-array" count="18" stride="16"><param type="float4x4"/></accessor></technique_common></source><source id="BatRig_Hips-Interpolations"><Name_array id="BatRig_Hips-Interpolations-array" count="18">
 LINEAR LINEAR LINEAR LINEAR LINEAR LINEAR LINEAR LINEAR LINEAR LINEAR LINEAR
LINEAR LINEAR LINEAR LINEAR LINEAR LINEAR LINEAR</Name_array><technique_common><accessor source="#BatRig_Hips-Interpolations-array" count="18"><param type="name"/></accessor></technique_common></source><sampler id="BatRig_Hips-Matrix-animation-transform"><input semantic="INPUT" source="#BatRig_Hips-Matrix-animation-input"/><input semantic="OUTPUT" source="#BatRig_Hips-Matrix-animation-output-transform"/><input semantic="INTERPOLATION" source="#BatRig_Hips-Interpolations"/></sampler><channel source="#BatRig_Hips-Matrix-animation-transform" target="BatRig_Hips/matrix"/></animation><animation><source id="BatRig_Hips-visibility-animation-input"><float_array id="BatRig_Hips-visibility-animation-input-array" count="18">

0.000000 0.041667 0.083333 0.125000 0.166667 0.208333 0.250000 0.291667 0.333333 0.375000 0.416667 0.458333 0.500000 0.541667 0.583333 0.625000
0.666667 0.708333</float_array><technique_common><accessor source="#BatRig_Hips-visibility-animation-input-array" count="18"><param name="TIME" type="float"/></accessor></technique_common></source><source id="BatRig_Hips-visibility-animation-output"><float_array id="BatRig_Hips-visibility-animation-output-array" count="18">

1.000000 1.000000 1.000000 1.000000 1.000000 1.000000 1.000000 1.000000 1.000000 1.000000 1.000000 1.000000 1.000000 1.000000 1.000000 1.000000
1.000000 1.000000</float_array><technique_common><accessor source="#BatRig_Hips-visibility-animation-output-array" count="18"><param type="float"/></accessor></technique_common></source><source id="BatRig_Hips-visibility-animation-intan"><float_array id="BatRig_Hips-visibility-animation-intan-array" count="18">

0.000000 0.000000 0.000000 0.000000 0.000000 0.000000 0.000000 0.000000 0.000000 0.000000 0.000000 0.000000 0.000000 0.000000 0.000000 0.000000
0.000000 0.000000</float_array><technique_common><accessor source="#BatRig_Hips-visibility-animation-intan-array" count="18"><param type="float"/></accessor></technique_common></source><source id="BatRig_Hips-visibility-animation-outtan"><float_array id="BatRig_Hips-visibility-animation-outtan-array" count="18">

0.000000 0.000000 0.000000 0.000000 0.000000 0.000000 0.000000 0.000000 0.000000 0.000000 0.000000 0.000000 0.000000 0.000000 0.000000 0.000000
0.000000 0.000000</float_array><technique_common><accessor source="#BatRig_Hips-visibility-animation-outtan-array" count="18"><param type="float"/></accessor></technique_common></source><source id="BatRig_Hips-visibility-animation-interpolation"><Name_array id="BatRig_Hips-visibility-animation-interpolation-array" count="18">
 STEP STEP STEP STEP STEP STEP STEP STEP STEP STEP STEP STEP STEP STEP STEP STEP STEP
BEZIER</Name_array><technique_common><accessor source="#BatRig_Hips-visibility-animation-interpolation-array" count="18"><param type="name"/></accessor></technique_common></source><sampler id="BatRig_Hips-visibility-animation"><input semantic="INPUT" source="#BatRig_Hips-visibility-animation-input"/><input semantic="OUTPUT" source="#BatRig_Hips-visibility-animation-output"/><input semantic="IN_TANGENT" source="#BatRig_Hips-visibility-animation-intan"/><input semantic="OUT_TANGENT" source="#BatRig_Hips-visibility-animation-outtan"/><input semantic="INTERPOLATION" source="#BatRig_Hips-visibility-animation-interpolation"/></sampler><channel source="#BatRig_Hips-visibility-animation" target="BatRig_Hips/visibility"/></animation></animation>
    <animation id="BatRig_Spine-anim" name="BatRig_Spine"><animation><source id="BatRig_Spine-Matrix-animation-input"><float_array id="BatRig_Spine-Matrix-animation-input-array" count="18">

0.000000 0.041667 0.083333 0.125000 0.166667 0.208333 0.250000 0.291667 0.333333 0.375000 0.416667 0.458333 0.500000 0.541667 0.583333 0.625000
0.666667 0.708333</float_array><technique_common><accessor source="#BatRig_Spine-Matrix-animation-input-array" count="18"><param name="TIME" type="float"/></accessor></technique_common></source><source id="BatRig_Spine-Matrix-animation-output-transform"><float_array id="BatRig_Spine-Matrix-animation-output-transform-array" count="288">

0.986376 0.147676 -0.072480 -0.000004 -0.142612 0.987250 0.070702 3.725675 0.081997 -0.059402 0.994861 0.000005 0.000000 0.000000 0.000000 1.000000
0.986376 0.147676 -0.072480 -0.000004 -0.142612 0.987250 0.070702 3.725675 0.081997 -0.059402 0.994861 0.000005 0.000000 0.000000 0.000000 1.000000
0.985904 0.148482 -0.077115 -0.000004 -0.142717 0.986874 0.075575 3.725675 0.087324 -0.063504 0.994154 0.000005 0.000000 0.000000 0.000000 1.000000
0.985718 0.148589 -0.079251 -0.000004 -0.142513 0.986753 0.077516 3.725675 0.089719 -0.065115 0.993836 0.000005 0.000000 0.000000 0.000000 1.000000
0.985457 0.148694 -0.082243 -0.000004 -0.142232 0.986632 0.079546 3.725675 0.092972 -0.066692 0.993433 0.000005 0.000000 0.000000 0.000000 1.000000
0.985058 0.148767 -0.086768 -0.000004 -0.141800 0.986526 0.081609 3.725675 0.097740 -0.068086 0.992880 0.000005 0.000000 0.000000 0.000000 1.000000
0.984100 0.149231 -0.096318 -0.000004 -0.141743 0.986630 0.080431 3.725675 0.107033 -0.065500 0.992096 0.000005 0.000000 0.000000 0.000000 1.000000
0.982604 0.149820 -0.109741 -0.000004 -0.141589 0.986741 0.079344 3.725675 0.120173 -0.062426 0.990788 0.000005 0.000000 0.000000 0.000000 1.000000
0.981100 0.150448 -0.121688 -0.000004 -0.141644 0.986834 0.078070 3.725675 0.131831 -0.059358 0.989493 0.000005 0.000000 0.000000 0.000000 1.000000
0.980366 0.150983 -0.126835 -0.000004 -0.142118 0.986904 0.076306 3.725675 0.136695 -0.056782 0.988984 0.000005 0.000000 0.000000 0.000000 1.000000
0.981528 0.146020 -0.123616 -0.000004 -0.137688 0.987745 0.073501 3.725675 0.132834 -0.055123 0.989604 0.000005 0.000000 0.000000 0.000000 1.000000
0.983069 0.141029 -0.116986 -0.000004 -0.133452 0.988559 0.070293 3.725675 0.125561 -0.053491 0.990643 0.000005 0.000000 0.000000 0.000000 1.000000
0.984140 0.140355 -0.108482 -0.000004 -0.133556 0.988732 0.067616 3.725675 0.116750 -0.052055 0.991796 0.000005 0.000000 0.000000 0.000000 1.000000
0.985151 0.139665 -0.099852 -0.000004 -0.133614 0.988903 0.064945 3.725675 0.107814 -0.050639 0.992881 0.000005 0.000000 0.000000 0.000000 1.000000
0.987007 0.144805 -0.069640 -0.000004 -0.140426 0.988011 0.064151 3.725675 0.078094 -0.053538 0.995507 0.000005 0.000000 0.000000 0.000000 1.000000
0.987037 0.146034 -0.066571 -0.000004 -0.141774 0.987777 0.064780 3.725675 0.075217 -0.054502 0.995677 0.000005 0.000000 0.000000 0.000000 1.000000
0.986975 0.146589 -0.066277 -0.000004 -0.142302 0.987663 0.065367 3.725675 0.075041 -0.055084 0.995658 0.000005 0.000000 0.000000 0.000000 1.000000
0.986975 0.146589 -0.066277 -0.000004 -0.142302 0.987663 0.065367 3.725675 0.075041 -0.055084 0.995658 0.000005 0.000000 0.000000 0.000000 1.000000</float_array><technique_common><accessor source="#BatRig_Spine-Matrix-animation-output-transform-array" count="18" stride="16"><param type="float4x4"/></accessor></technique_common></source><source id="BatRig_Spine-Interpolations"><Name_array id="BatRig_Spine-Interpolations-array" count="18">
 LINEAR LINEAR LINEAR LINEAR LINEAR LINEAR LINEAR LINEAR LINEAR LINEAR LINEAR
LINEAR LINEAR LINEAR LINEAR LINEAR LINEAR LINEAR</Name_array><technique_common><accessor source="#BatRig_Spine-Interpolations-array" count="18"><param type="name"/></accessor></technique_common></source><sampler id="BatRig_Spine-Matrix-animation-transform"><input semantic="INPUT" source="#BatRig_Spine-Matrix-animation-input"/><input semantic="OUTPUT" source="#BatRig_Spine-Matrix-animation-output-transform"/><input semantic="INTERPOLATION" source="#BatRig_Spine-Interpolations"/></sampler><channel source="#BatRig_Spine-Matrix-animation-transform" target="BatRig_Spine/matrix"/></animation><animation><source id="BatRig_Spine-visibility-animation-input"><float_array id="BatRig_Spine-visibility-animation-input-array" count="18">

0.000000 0.041667 0.083333 0.125000 0.166667 0.208333 0.250000 0.291667 0.333333 0.375000 0.416667 0.458333 0.500000 0.541667 0.583333 0.625000
0.666667 0.708333</float_array><technique_common><accessor source="#BatRig_Spine-visibility-animation-input-array" count="18"><param name="TIME" type="float"/></accessor></technique_common></source><source id="BatRig_Spine-visibility-animation-output"><float_array id="BatRig_Spine-visibility-animation-output-array" count="18">

1.000000 1.000000 1.000000 1.000000 1.000000 1.000000 1.000000 1.000000 1.000000 1.000000 1.000000 1.000000 1.000000 1.000000 1.000000 1.000000
1.000000 1.000000</float_array><technique_common><accessor source="#BatRig_Spine-visibility-animation-output-array" count="18"><param type="float"/></accessor></technique_common></source><source id="BatRig_Spine-visibility-animation-intan"><float_array id="BatRig_Spine-visibility-animation-intan-array" count="18">

0.000000 0.000000 0.000000 0.000000 0.000000 0.000000 0.000000 0.000000 0.000000 0.000000 0.000000 0.000000 0.000000 0.000000 0.000000 0.000000
0.000000 0.000000</float_array><technique_common><accessor source="#BatRig_Spine-visibility-animation-intan-array" count="18"><param type="float"/></accessor></technique_common></source><source id="BatRig_Spine-visibility-animation-outtan"><float_array id="BatRig_Spine-visibility-animation-outtan-array" count="18">

0.000000 0.000000 0.000000 0.000000 0.000000 0.000000 0.000000 0.000000 0.000000 0.000000 0.000000 0.000000 0.000000 0.000000 0.000000 0.000000
0.000000 0.000000</float_array><technique_common><accessor source="#BatRig_Spine-visibility-animation-outtan-array" count="18"><param type="float"/></accessor></technique_common></source><source id="BatRig_Spine-visibility-animation-interpolation"><Name_array id="BatRig_Spine-visibility-animation-interpolation-array" count="18">
 STEP STEP STEP STEP STEP STEP STEP STEP STEP STEP STEP STEP STEP STEP STEP STEP STEP
BEZIER</Name_array><technique_common><accessor source="#BatRig_Spine-visibility-animation-interpolation-array" count="18"><param type="name"/></accessor></technique_common></source><sampler id="BatRig_Spine-visibility-animation"><input semantic="INPUT" source="#BatRig_Spine-visibility-animation-input"/><input semantic="OUTPUT" source="#BatRig_Spine-visibility-animation-output"/><input semantic="IN_TANGENT" source="#BatRig_Spine-visibility-animation-intan"/><input semantic="OUT_TANGENT" source="#BatRig_Spine-visibility-animation-outtan"/><input semantic="INTERPOLATION" source="#BatRig_Spine-visibility-animation-interpolation"/></sampler><channel source="#BatRig_Spine-visibility-animation" target="BatRig_Spine/visibility"/></animation></animation>
    <animation id="BatRig_Spine1-anim" name="BatRig_Spine1"><animation><source id="BatRig_Spine1-Matrix-animation-input"><float_array id="BatRig_Spine1-Matrix-animation-input-array" count="18">

0.000000 0.041667 0.083333 0.125000 0.166667 0.208333 0.250000 0.291667 0.333333 0.375000 0.416667 0.458333 0.500000 0.541667 0.583333 0.625000
0.666667 0.708333</float_array><technique_common><accessor source="#BatRig_Spine1-Matrix-animation-input-array" count="18"><param name="TIME" type="float"/></accessor></technique_common></source><source id="BatRig_Spine1-Matrix-animation-output-transform"><float_array id="BatRig_Spine1-Matrix-animation-output-transform-array" count="288">

0.999084 -0.008785 -0.041884 0.000003 0.006635 0.998667 -0.051186 10.999828 0.042278 0.050861 0.997810 -0.000004 0.000000 0.000000 0.000000 1.000000
0.999084 -0.008785 -0.041884 0.000003 0.006635 0.998667 -0.051186 10.999828 0.042278 0.050861 0.997810 -0.000004 0.000000 0.000000 0.000000 1.000000
0.998589 -0.008303 -0.052444 0.000003 0.005677 0.998732 -0.050020 10.999828 0.052793 0.049652 0.997370 -0.000004 0.000000 0.000000 0.000000 1.000000
0.998323 -0.007991 -0.057340 0.000003 0.005317 0.998898 -0.046636 10.999828 0.057649 0.046253 0.997265 -0.000004 0.000000 0.000000 0.000000 1.000000
0.997930 -0.007709 -0.063843 0.000003 0.004944 0.999047 -0.043355 10.999828 0.064116 0.042950 0.997018 -0.000004 0.000000 0.000000 0.000000 1.000000
0.997291 -0.007491 -0.073171 0.000003 0.004541 0.999173 -0.040398 10.999828 0.073413 0.039956 0.996501 -0.000004 0.000000 0.000000 0.000000 1.000000
0.995732 -0.007418 -0.091996 0.000003 0.003255 0.998967 -0.045319 10.999828 0.092237 0.044826 0.994728 -0.000004 0.000000 0.000000 0.000000 1.000000
0.992968 -0.007219 -0.118162 0.000003 0.001166 0.998687 -0.051218 10.999828 0.118377 0.050720 0.991673 -0.000004 0.000000 0.000000 0.000000 1.000000
0.989937 -0.006878 -0.141345 0.000003 -0.001204 0.998373 -0.057016 10.999828 0.141507 0.056612 0.988317 -0.000004 0.000000 0.000000 0.000000 1.000000
0.988462 -0.006537 -0.151329 0.000003 -0.002854 0.998087 -0.061758 10.999828 0.151443 0.061477 0.986552 -0.000004 0.000000 0.000000 0.000000 1.000000
0.989384 -0.022949 -0.143499 0.000003 0.012529 0.997246 -0.073100 10.999828 0.144781 0.070526 0.986947 -0.000004 0.000000 0.000000 0.000000 1.000000
0.990929 -0.039534 -0.128439 0.000003 0.028885 0.996069 -0.083739 10.999828 0.131245 0.079269 0.988176 -0.000004 0.000000 0.000000 0.000000 1.000000
0.993137 -0.038204 -0.110542 0.000003 0.028703 0.995856 -0.086297 10.999828 0.113381 0.082532 0.990118 -0.000004 0.000000 0.000000 0.000000 1.000000
0.994968 -0.036922 -0.093146 0.000003 0.028625 0.995630 -0.088887 10.999828 0.096021 0.085773 0.991677 -0.000004 0.000000 0.000000 0.000000 1.000000
0.999300 -0.014554 -0.034454 0.000003 0.012473 0.998128 -0.059870 10.999828 0.035261 0.059398 0.997611 -0.000004 0.000000 0.000000 0.000000 1.000000
0.999530 -0.010843 -0.028670 0.000003 0.009273 0.998479 -0.054343 10.999828 0.029216 0.054052 0.998111 -0.000004 0.000000 0.000000 0.000000 1.000000
0.999555 -0.009517 -0.028279 0.000003 0.008025 0.998593 -0.052415 10.999828 0.028738 0.052165 0.998225 -0.000004 0.000000 0.000000 0.000000 1.000000
0.999555 -0.009517 -0.028279 0.000003 0.008025 0.998593 -0.052415 10.999828 0.028738 0.052165 0.998225 -0.000004 0.000000 0.000000 0.000000 1.000000</float_array><technique_common><accessor source="#BatRig_Spine1-Matrix-animation-output-transform-array" count="18" stride="16"><param type="float4x4"/></accessor></technique_common></source><source id="BatRig_Spine1-Interpolations"><Name_array id="BatRig_Spine1-Interpolations-array" count="18">
 LINEAR LINEAR LINEAR LINEAR LINEAR LINEAR LINEAR LINEAR LINEAR LINEAR LINEAR
LINEAR LINEAR LINEAR LINEAR LINEAR LINEAR LINEAR</Name_array><technique_common><accessor source="#BatRig_Spine1-Interpolations-array" count="18"><param type="name"/></accessor></technique_common></source><sampler id="BatRig_Spine1-Matrix-animation-transform"><input semantic="INPUT" source="#BatRig_Spine1-Matrix-animation-input"/><input semantic="OUTPUT" source="#BatRig_Spine1-Matrix-animation-output-transform"/><input semantic="INTERPOLATION" source="#BatRig_Spine1-Interpolations"/></sampler><channel source="#BatRig_Spine1-Matrix-animation-transform" target="BatRig_Spine1/matrix"/></animation><animation><source id="BatRig_Spine1-visibility-animation-input"><float_array id="BatRig_Spine1-visibility-animation-input-array" count="18">

0.000000 0.041667 0.083333 0.125000 0.166667 0.208333 0.250000 0.291667 0.333333 0.375000 0.416667 0.458333 0.500000 0.541667 0.583333 0.625000
0.666667 0.708333</float_array><technique_common><accessor source="#BatRig_Spine1-visibility-animation-input-array" count="18"><param name="TIME" type="float"/></accessor></technique_common></source><source id="BatRig_Spine1-visibility-animation-output"><float_array id="BatRig_Spine1-visibility-animation-output-array" count="18">

1.000000 1.000000 1.000000 1.000000 1.000000 1.000000 1.000000 1.000000 1.000000 1.000000 1.000000 1.000000 1.000000 1.000000 1.000000 1.000000
1.000000 1.000000</float_array><technique_common><accessor source="#BatRig_Spine1-visibility-animation-output-array" count="18"><param type="float"/></accessor></technique_common></source><source id="BatRig_Spine1-visibility-animation-intan"><float_array id="BatRig_Spine1-visibility-animation-intan-array" count="18">

0.000000 0.000000 0.000000 0.000000 0.000000 0.000000 0.000000 0.000000 0.000000 0.000000 0.000000 0.000000 0.000000 0.000000 0.000000 0.000000
0.000000 0.000000</float_array><technique_common><accessor source="#BatRig_Spine1-visibility-animation-intan-array" count="18"><param type="float"/></accessor></technique_common></source><source id="BatRig_Spine1-visibility-animation-outtan"><float_array id="BatRig_Spine1-visibility-animation-outtan-array" count="18">

0.000000 0.000000 0.000000 0.000000 0.000000 0.000000 0.000000 0.000000 0.000000 0.000000 0.000000 0.000000 0.000000 0.000000 0.000000 0.000000
0.000000 0.000000</float_array><technique_common><accessor source="#BatRig_Spine1-visibility-animation-outtan-array" count="18"><param type="float"/></accessor></technique_common></source><source id="BatRig_Spine1-visibility-animation-interpolation"><Name_array id="BatRig_Spine1-visibility-animation-interpolation-array" count="18">
 STEP STEP STEP STEP STEP STEP STEP STEP STEP STEP STEP STEP STEP STEP STEP STEP STEP
BEZIER</Name_array><technique_common><accessor source="#BatRig_Spine1-visibility-animation-interpolation-array" count="18"><param type="name"/></accessor></technique_common></source><sampler id="BatRig_Spine1-visibility-animation"><input semantic="INPUT" source="#BatRig_Spine1-visibility-animation-input"/><input semantic="OUTPUT" source="#BatRig_Spine1-visibility-animation-output"/><input semantic="IN_TANGENT" source="#BatRig_Spine1-visibility-animation-intan"/><input semantic="OUT_TANGENT" source="#BatRig_Spine1-visibility-animation-outtan"/><input semantic="INTERPOLATION" source="#BatRig_Spine1-visibility-animation-interpolation"/></sampler><channel source="#BatRig_Spine1-visibility-animation" target="BatRig_Spine1/visibility"/></animation></animation>
    <animation id="BatRig_Spine2-anim" name="BatRig_Spine2"><animation><source id="BatRig_Spine2-Matrix-animation-input"><float_array id="BatRig_Spine2-Matrix-animation-input-array" count="18">

0.000000 0.041667 0.083333 0.125000 0.166667 0.208333 0.250000 0.291667 0.333333 0.375000 0.416667 0.458333 0.500000 0.541667 0.583333 0.625000
0.666667 0.708333</float_array><technique_common><accessor source="#BatRig_Spine2-Matrix-animation-input-array" count="18"><param name="TIME" type="float"/></accessor></technique_common></source><source id="BatRig_Spine2-Matrix-animation-output-transform"><float_array id="BatRig_Spine2-Matrix-animation-output-transform-array" count="288">

0.999078 -0.012254 -0.041138 0.000001 0.010141 0.998637 -0.051189 11.776699 0.041709 0.050725 0.997841 0.000003 0.000000 0.000000 0.000000 1.000000
0.999078 -0.012254 -0.041138 0.000001 0.010141 0.998637 -0.051189 11.776699 0.041709 0.050725 0.997841 0.000003 0.000000 0.000000 0.000000 1.000000
0.998596 -0.011564 -0.051701 0.000001 0.008987 0.998719 -0.049805 11.776699 0.052211 0.049270 0.997420 0.000003 0.000000 0.000000 0.000000 1.000000
0.998340 -0.010765 -0.056587 0.000001 0.008148 0.998895 -0.046277 11.776699 0.057023 0.045739 0.997325 0.000003 0.000000 0.000000 0.000000 1.000000
0.997956 -0.010140 -0.063089 0.000001 0.007442 0.999054 -0.042846 11.776699 0.063464 0.042289 0.997088 0.000003 0.000000 0.000000 0.000000 1.000000
0.997324 -0.009929 -0.072424 0.000001 0.007061 0.999185 -0.039755 11.776699 0.072760 0.039137 0.996581 0.000003 0.000000 0.000000 0.000000 1.000000
0.995768 -0.010860 -0.091259 0.000001 0.006807 0.998981 -0.044610 11.776699 0.091651 0.043800 0.994827 0.000003 0.000000 0.000000 0.000000 1.000000
0.993001 -0.012172 -0.117478 0.000001 0.006274 0.998707 -0.050447 11.776699 0.117940 0.049357 0.991793 0.000003 0.000000 0.000000 0.000000 1.000000
0.989961 -0.013101 -0.140733 0.000001 0.005227 0.998407 -0.056177 11.776699 0.141245 0.054877 0.988453 0.000003 0.000000 0.000000 0.000000 1.000000
0.988481 -0.013047 -0.150783 0.000001 0.003899 0.998142 -0.060809 11.776699 0.151296 0.059521 0.986695 0.000003 0.000000 0.000000 0.000000 1.000000
0.989512 -0.027605 -0.141789 0.000001 0.017069 0.997038 -0.074992 11.776699 0.143439 0.071785 0.987052 0.000003 0.000000 0.000000 0.000000 1.000000
0.991197 -0.041800 -0.125626 0.000001 0.030769 0.995601 -0.088503 11.776699 0.128773 0.083859 0.988122 0.000003 0.000000 0.000000 0.000000 1.000000
0.993361 -0.040162 -0.107802 0.000001 0.030470 0.995467 -0.090090 11.776699 0.110932 0.086207 0.990082 0.000003 0.000000 0.000000 0.000000 1.000000
0.995151 -0.038588 -0.090474 0.000001 0.030261 0.995330 -0.091666 11.776699 0.093589 0.088484 0.991671 0.000003 0.000000 0.000000 0.000000 1.000000
0.999291 -0.017587 -0.033300 0.000001 0.015542 0.998035 -0.060694 11.776699 0.034302 0.060133 0.997601 0.000003 0.000000 0.000000 0.000000 1.000000
0.999516 -0.013921 -0.027805 0.000001 0.012384 0.998425 -0.054716 11.776699 0.028523 0.054345 0.998115 0.000003 0.000000 0.000000 0.000000 1.000000
0.999540 -0.012751 -0.027515 0.000001 0.011290 0.998550 -0.052632 11.776699 0.028146 0.052297 0.998235 0.000003 0.000000 0.000000 0.000000 1.000000
0.999540 -0.012751 -0.027515 0.000001 0.011290 0.998550 -0.052632 11.776699 0.028146 0.052297 0.998235 0.000003 0.000000 0.000000 0.000000 1.000000</float_array><technique_common><accessor source="#BatRig_Spine2-Matrix-animation-output-transform-array" count="18" stride="16"><param type="float4x4"/></accessor></technique_common></source><source id="BatRig_Spine2-Interpolations"><Name_array id="BatRig_Spine2-Interpolations-array" count="18">
 LINEAR LINEAR LINEAR LINEAR LINEAR LINEAR LINEAR LINEAR LINEAR LINEAR LINEAR
LINEAR LINEAR LINEAR LINEAR LINEAR LINEAR LINEAR</Name_array><technique_common><accessor source="#BatRig_Spine2-Interpolations-array" count="18"><param type="name"/></accessor></technique_common></source><sampler id="BatRig_Spine2-Matrix-animation-transform"><input semantic="INPUT" source="#BatRig_Spine2-Matrix-animation-input"/><input semantic="OUTPUT" source="#BatRig_Spine2-Matrix-animation-output-transform"/><input semantic="INTERPOLATION" source="#BatRig_Spine2-Interpolations"/></sampler><channel source="#BatRig_Spine2-Matrix-animation-transform" target="BatRig_Spine2/matrix"/></animation><animation><source id="BatRig_Spine2-visibility-animation-input"><float_array id="BatRig_Spine2-visibility-animation-input-array" count="18">

0.000000 0.041667 0.083333 0.125000 0.166667 0.208333 0.250000 0.291667 0.333333 0.375000 0.416667 0.458333 0.500000 0.541667 0.583333 0.625000
0.666667 0.708333</float_array><technique_common><accessor source="#BatRig_Spine2-visibility-animation-input-array" count="18"><param name="TIME" type="float"/></accessor></technique_common></source><source id="BatRig_Spine2-visibility-animation-output"><float_array id="BatRig_Spine2-visibility-animation-output-array" count="18">

1.000000 1.000000 1.000000 1.000000 1.000000 1.000000 1.000000 1.000000 1.000000 1.000000 1.000000 1.000000 1.000000 1.000000 1.000000 1.000000
1.000000 1.000000</float_array><technique_common><accessor source="#BatRig_Spine2-visibility-animation-output-array" count="18"><param type="float"/></accessor></technique_common></source><source id="BatRig_Spine2-visibility-animation-intan"><float_array id="BatRig_Spine2-visibility-animation-intan-array" count="18">

0.000000 0.000000 0.000000 0.000000 0.000000 0.000000 0.000000 0.000000 0.000000 0.000000 0.000000 0.000000 0.000000 0.000000 0.000000 0.000000
0.000000 0.000000</float_array><technique_common><accessor source="#BatRig_Spine2-visibility-animation-intan-array" count="18"><param type="float"/></accessor></technique_common></source><source id="BatRig_Spine2-visibility-animation-outtan"><float_array id="BatRig_Spine2-visibility-animation-outtan-array" count="18">

0.000000 0.000000 0.000000 0.000000 0.000000 0.000000 0.000000 0.000000 0.000000 0.000000 0.000000 0.000000 0.000000 0.000000 0.000000 0.000000
0.000000 0.000000</float_array><technique_common><accessor source="#BatRig_Spine2-visibility-animation-outtan-array" count="18"><param type="float"/></accessor></technique_common></source><source id="BatRig_Spine2-visibility-animation-interpolation"><Name_array id="BatRig_Spine2-visibility-animation-interpolation-array" count="18">
 STEP STEP STEP STEP STEP STEP STEP STEP STEP STEP STEP STEP STEP STEP STEP STEP STEP
BEZIER</Name_array><technique_common><accessor source="#BatRig_Spine2-visibility-animation-interpolation-array" count="18"><param type="name"/></accessor></technique_common></source><sampler id="BatRig_Spine2-visibility-animation"><input semantic="INPUT" source="#BatRig_Spine2-visibility-animation-input"/><input semantic="OUTPUT" source="#BatRig_Spine2-visibility-animation-output"/><input semantic="IN_TANGENT" source="#BatRig_Spine2-visibility-animation-intan"/><input semantic="OUT_TANGENT" source="#BatRig_Spine2-visibility-animation-outtan"/><input semantic="INTERPOLATION" source="#BatRig_Spine2-visibility-animation-interpolation"/></sampler><channel source="#BatRig_Spine2-visibility-animation" target="BatRig_Spine2/visibility"/></animation></animation>
    <animation id="BatRig_Spine3-anim" name="BatRig_Spine3"><animation><source id="BatRig_Spine3-Matrix-animation-input"><float_array id="BatRig_Spine3-Matrix-animation-input-array" count="18">

0.000000 0.041667 0.083333 0.125000 0.166667 0.208333 0.250000 0.291667 0.333333 0.375000 0.416667 0.458333 0.500000 0.541667 0.583333 0.625000
0.666667 0.708333</float_array><technique_common><accessor source="#BatRig_Spine3-Matrix-animation-input-array" count="18"><param name="TIME" type="float"/></accessor></technique_common></source><source id="BatRig_Spine3-Matrix-animation-output-transform"><float_array id="BatRig_Spine3-Matrix-animation-output-transform-array" count="288">

0.999072 -0.015321 -0.040264 0.000002 0.013272 0.998628 -0.050661 13.030717 0.040985 0.050080 0.997904 -1.061704 0.000000 0.000000 0.000000 1.000000
0.999072 -0.015321 -0.040264 0.000002 0.013272 0.998628 -0.050661 13.030717 0.040985 0.050080 0.997904 -1.061704 0.000000 0.000000 0.000000 1.000000
0.998595 -0.014927 -0.050843 0.000002 0.012425 0.998713 -0.049173 13.030717 0.051512 0.048472 0.997495 -1.061704 0.000000 0.000000 0.000000 1.000000
0.998350 -0.013749 -0.055756 0.000002 0.011209 0.998896 -0.045609 13.030717 0.056322 0.044909 0.997402 -1.061704 0.000000 0.000000 0.000000 1.000000
0.997979 -0.012615 -0.062283 0.000002 0.009998 0.999061 -0.042147 13.030717 0.062756 0.041439 0.997168 -1.061704 0.000000 0.000000 0.000000 1.000000
0.997362 -0.011664 -0.071644 0.000002 0.008882 0.999198 -0.039033 13.030717 0.072042 0.038294 0.996666 -1.061704 0.000000 0.000000 0.000000 1.000000
0.995805 -0.013451 -0.090509 0.000002 0.009528 0.999002 -0.043636 13.030717 0.091006 0.042591 0.994939 -1.061704 0.000000 0.000000 0.000000 1.000000
0.993042 -0.015456 -0.116740 0.000002 0.009744 0.998734 -0.049344 13.030717 0.117355 0.047863 0.991936 -1.061704 0.000000 0.000000 0.000000 1.000000
0.990002 -0.017332 -0.139987 0.000002 0.009690 0.998435 -0.055087 13.030717 0.140723 0.053180 0.988620 -1.061704 0.000000 0.000000 0.000000 1.000000
0.988505 -0.018871 -0.150009 0.000002 0.009988 0.998163 -0.059749 13.030717 0.150861 0.057564 0.986878 -1.061704 0.000000 0.000000 0.000000 1.000000
0.989642 -0.029041 -0.140588 0.000002 0.018476 0.996946 -0.075876 13.030717 0.142362 0.072493 0.987156 -1.061704 0.000000 0.000000 0.000000 1.000000
0.991550 -0.039499 -0.123562 0.000002 0.028260 0.995411 -0.091425 13.030717 0.126606 0.087161 0.988116 -1.061704 0.000000 0.000000 0.000000 1.000000
0.993718 -0.037628 -0.105401 0.000002 0.027929 0.995364 -0.092034 13.030717 0.108375 0.088512 0.990162 -1.061704 0.000000 0.000000 0.000000 1.000000
0.995440 -0.035754 -0.088433 0.000002 0.027513 0.995313 -0.092715 13.030717 0.091333 0.089859 0.991758 -1.061704 0.000000 0.000000 0.000000 1.000000
0.999299 -0.018887 -0.032310 0.000002 0.016903 0.998017 -0.060627 13.030717 0.033391 0.060038 0.997637 -1.061704 0.000000 0.000000 0.000000 1.000000
0.999502 -0.016490 -0.026887 0.000002 0.015008 0.998405 -0.054425 13.030717 0.027742 0.053994 0.998156 -1.061704 0.000000 0.000000 0.000000 1.000000
0.999523 -0.015674 -0.026618 0.000002 0.014267 0.998531 -0.052266 13.030717 0.027398 0.051861 0.998278 -1.061704 0.000000 0.000000 0.000000 1.000000
