<?xml version="1.0" encoding="utf-8"?>
<COLLADA xmlns="http://www.collada.org/2005/11/COLLADASchema" version="1.4.1">
  <asset><contributor><author></author><authoring_tool>FBX COLLADA exporter</authoring_tool><comments></comments></contributor><created>2017-08-30T19:31:06Z</created><keywords></keywords><modified>2017-08-30T19:31:06Z</modified><revision></revision><subject></subject><title></title><unit meter="0.010000" name="centimeter"></unit><up_axis>Y_UP</up_axis></asset>
  <library_animations>
    <animation id="BatRig_Reference-anim" name="BatRig_Reference"><animation><source id="BatRig_Reference-Matrix-animation-input"><float_array id="BatRig_Reference-Matrix-animation-input-array" count="18">

0.000000 0.041667 0.083333 0.125000 0.166667 0.208333 0.250000 0.291667 0.333333 0.375000 0.416667 0.458333 0.500000 0.541667 0.583333 0.625000
0.666667 0.708333</float_array><technique_common><accessor source="#BatRig_Reference-Matrix-animation-input-array" count="18"><param name="TIME" type="float"/></accessor></technique_common></source><source id="BatRig_Reference-Matrix-animation-output-transform"><float_array id="BatRig_Reference-Matrix-animation-output-transform-array" count="288">

1.000000 0.000000 0.000000 -4.253878 0.000000 1.000000 0.000000 0.000000 0.000000 0.000000 1.000000 -3.109198 0.000000 0.000000 0.000000 1.000000
1.000000 0.000000 0.000000 -4.253878 0.000000 1.000000 0.000000 0.000000 0.000000 0.000000 1.000000 -3.109198 0.000000 0.000000 0.000000 1.000000
1.000000 0.000000 0.000000 -9.594847 0.000000 1.000000 0.000000 0.000000 0.000000 0.000000 1.000000 -10.644909 0.000000 0.000000 0.000000 1.000000
1.000000 0.000000 0.000000 -14.958276 0.000000 1.000000 0.000000 0.000000 0.000000 0.000000 1.000000 -18.730131 0.000000 0.000000 0.000000 1.000000
1.000000 0.000000 0.000000 -20.166599 0.000000 1.000000 0.000000 0.000000 0.000000 0.000000 1.000000 -23.647776 0.000000 0.000000 0.000000 1.000000
1.000000 0.000000 0.000000 -24.966835 0.000000 1.000000 0.000000 0.000000 0.000000 0.000000 1.000000 -25.238811 0.000000 0.000000 0.000000 1.000000
1.000000 0.000000 0.000000 -31.056435 0.000000 1.000000 0.000000 0.000000 0.000000 0.000000 1.000000 -30.791210 0.000000 0.000000 0.000000 1.000000
1.000000 0.000000 0.000000 -37.414326 0.000000 1.000000 0.000000 0.000000 0.000000 0.000000 1.000000 -37.400764 0.000000 0.000000 0.000000 1.000000
1.000000 0.000000 0.000000 -43.622276 0.000000 1.000000 0.000000 0.000000 0.000000 0.000000 1.000000 -44.428936 0.000000 0.000000 0.000000 1.000000
1.000000 0.000000 0.000000 -49.258617 0.000000 1.000000 0.000000 0.000000 0.000000 0.000000 1.000000 -51.235397 0.000000 0.000000 0.000000 1.000000
1.000000 0.000000 0.000000 -53.898705 0.000000 1.000000 0.000000 0.000000 0.000000 0.000000 1.000000 -57.547905 0.000000 0.000000 0.000000 1.000000
1.000000 0.000000 0.000000 -57.867634 0.000000 1.000000 0.000000 0.000000 0.000000 0.000000 1.000000 -63.748222 0.000000 0.000000 0.000000 1.000000
1.000000 0.000000 0.000000 -61.866814 0.000000 1.000000 0.000000 0.000000 0.000000 0.000000 1.000000 -70.176178 0.000000 0.000000 0.000000 1.000000
1.000000 0.000000 0.000000 -66.594887 0.000000 1.000000 0.000000 0.000000 0.000000 0.000000 1.000000 -77.169044 0.000000 0.000000 0.000000 1.000000
1.000000 0.000000 0.000000 -73.535652 0.000000 1.000000 0.000000 0.000000 0.000000 0.000000 1.000000 -86.521202 0.000000 0.000000 0.000000 1.000000
1.000000 0.000000 0.000000 -81.883591 0.000000 1.000000 0.000000 0.000000 0.000000 0.000000 1.000000 -97.492897 0.000000 0.000000 0.000000 1.000000
1.000000 0.000000 0.000000 -88.900780 0.000000 1.000000 0.000000 0.000000 0.000000 0.000000 1.000000 -106.617828 0.000000 0.000000 0.000000 1.000000
1.000000 0.000000 0.000000 -88.900780 0.000000 1.000000 0.000000 0.000000 0.000000 0.000000 1.000000 -106.617828 0.000000 0.000000 0.000000 1.000000</float_array><technique_common><accessor source="#BatRig_Reference-Matrix-animation-output-transform-array" count="18" stride="16"><param type="float4x4"/></accessor></technique_common></source><source id="BatRig_Reference-Interpolations"><Name_array id="BatRig_Reference-Interpolations-array" count="18">
 LINEAR LINEAR LINEAR LINEAR LINEAR LINEAR LINEAR LINEAR LINEAR LINEAR LINEAR
LINEAR LINEAR LINEAR LINEAR LINEAR LINEAR LINEAR</Name_array><technique_common><accessor source="#BatRig_Reference-Interpolations-array" count="18"><param type="name"/></accessor></technique_common></source><sampler id="BatRig_Reference-Matrix-animation-transform"><input semantic="INPUT" source="#BatRig_Reference-Matrix-animation-input"/><input semantic="OUTPUT" source="#BatRig_Reference-Matrix-animation-output-transform"/><input semantic="INTERPOLATION" source="#BatRig_Reference-Interpolations"/></sampler><channel source="#BatRig_Reference-Matrix-animation-transform" target="BatRig_Reference/matrix"/></animation><animation><source id="BatRig_Reference-visibility-animation-input"><float_array id="BatRig_Reference-visibility-animation-input-array" count="18">

0.000000 0.041667 0.083333 0.125000 0.166667 0.208333 0.250000 0.291667 0.333333 0.375000 0.416667 0.458333 0.500000 0.541667 0.583333 0.625000
0.666667 0.708333</float_array><technique_common><accessor source="#BatRig_Reference-visibility-animation-input-array" count="18"><param name="TIME" type="float"/></accessor></technique_common></source><source id="BatRig_Reference-visibility-animation-output"><float_array id="BatRig_Reference-visibility-animation-output-array" count="18">

1.000000 1.000000 1.000000 1.000000 1.000000 1.000000 1.000000 1.000000 1.000000 1.000000 1.000000 1.000000 1.000000 1.000000 1.000000 1.000000
1.000000 1.000000</float_array><technique_common><accessor source="#BatRig_Reference-visibility-animation-output-array" count="18"><param type="float"/></accessor></technique_common></source><source id="BatRig_Reference-visibility-animation-intan"><float_array id="BatRig_Reference-visibility-animation-intan-array" count="18">

0.000000 0.000000 0.000000 0.000000 0.000000 0.000000 0.000000 0.000000 0.000000 0.000000 0.000000 0.000000 0.000000 0.000000 0.000000 0.000000
0.000000 0.000000</float_array><technique_common><accessor source="#BatRig_Reference-visibility-animation-intan-array" count="18"><param type="float"/></accessor></technique_common></source><source id="BatRig_Reference-visibility-animation-outtan"><float_array id="BatRig_Reference-visibility-animation-outtan-array" count="18">

0.000000 0.000000 0.000000 0.000000 0.000000 0.000000 0.000000 0.000000 0.000000 0.000000 0.000000 0.000000 0.000000 0.000000 0.000000 0.000000
0.000000 0.000000</float_array><technique_common><accessor source="#BatRig_Reference-visibility-animation-outtan-array" count="18"><param type="float"/></accessor></technique_common></source><source id="BatRig_Reference-visibility-animation-interpolation"><Name_array id="BatRig_Reference-visibility-animation-interpolation-array" count="18">
 STEP STEP STEP STEP STEP STEP STEP STEP STEP STEP STEP STEP STEP STEP STEP STEP STEP
BEZIER</Name_array><technique_common><accessor source="#BatRig_Reference-visibility-animation-interpolation-array" count="18"><param type="name"/></accessor></technique_common></source><sampler id="BatRig_Reference-visibility-animation"><input semantic="INPUT" source="#BatRig_Reference-visibility-animation-input"/><input semantic="OUTPUT" source="#BatRig_Reference-visibility-animation-output"/><input semantic="IN_TANGENT" source="#BatRig_Reference-visibility-animation-intan"/><input semantic="OUT_TANGENT" source="#BatRig_Reference-visibility-animation-outtan"/><input semantic="INTERPOLATION" source="#BatRig_Reference-visibility-animation-interpolation"/></sampler><channel source="#BatRig_Reference-visibility-animation" target="BatRig_Reference/visibility"/></animation></animation>
    <animation id="BatRig_Hips-anim" name="BatRig_Hips"><animation><source id="BatRig_Hips-Matrix-animation-input"><float_array id="BatRig_Hips-Matrix-animation-input-array" count="18">

0.000000 0.041667 0.083333 0.125000 0.166667 0.208333 0.250000 0.291667 0.333333 0.375000 0.416667 0.458333 0.500000 0.541667 0.583333 0.625000
0.666667 0.708333</float_array><technique_common><accessor source="#BatRig_Hips-Matrix-animation-input-array" count="18"><param name="TIME" type="float"/></accessor></technique_common></source><source id="BatRig_Hips-Matrix-animation-output-transform"><float_array id="BatRig_Hips-Matrix-animation-output-transform-array" count="288">

0.563562 -0.040667 0.825072 0.000000 0.052743 0.998521 0.013191 76.566284 -0.824389 0.036083 0.564873 0.000000 0.000000 0.000000 0.000000 1.000000
0.563562 -0.040667 0.825072 0.000000 0.052743 0.998521 0.013191 76.566284 -0.824389 0.036083 0.564873 0.000000 0.000000 0.000000 0.000000 1.000000
0.555254 -0.024049 0.831333 0.000000 0.048659 0.998809 -0.003606 78.020027 -0.830256 0.042454 0.555763 0.000000 0.000000 0.000000 0.000000 1.000000
0.552060 -0.004469 0.833793 0.000000 0.045090 0.998682 -0.024502 79.382622 -0.832585 0.051122 0.551534 0.000000 0.000000 0.000000 0.000000 1.000000
0.548655 0.013068 0.835947 0.000000 0.044413 0.998010 -0.044752 80.245926 -0.834869 0.061680 0.546983 0.000000 0.000000 0.000000 0.000000 1.000000
0.536490 0.023580 0.843577 0.000000 0.047749 0.997160 -0.058240 80.275360 -0.842555 0.071525 0.533840 0.000000 0.000000 0.000000 0.000000 1.000000
0.484130 0.055467 0.873236 0.000000 0.045731 0.995021 -0.088557 79.724525 -0.873800 0.082807 0.479183 0.000000 0.000000 0.000000 0.000000 1.000000
0.414816 0.093106 0.905129 0.000000 0.048177 0.991108 -0.124030 78.527893 -0.908629 0.095056 0.406642 0.000000 0.000000 0.000000 0.000000 1.000000
0.353260 0.124421 0.927215 0.000000 0.054625 0.986682 -0.153213 77.333000 -0.933929 0.104773 0.341759 0.000000 0.000000 0.000000 0.000000 1.000000
0.326675 0.137490 0.935083 0.000000 0.058542 0.984519 -0.165211 76.790131 -0.943322 0.108712 0.313569 0.000000 0.000000 0.000000 0.000000 1.000000
0.350536 0.127470 0.927834 0.000000 0.047789 0.986969 -0.153649 77.938385 -0.935329 0.098200 0.339877 0.000000 0.000000 0.000000 0.000000 1.000000
0.406039 0.103147 0.908016 0.000000 0.026533 0.991860 -0.124536 80.465149 -0.913471 0.074659 0.399997 0.000000 0.000000 0.000000 0.000000 1.000000
0.469174 0.073168 0.880070 0.000000 0.010098 0.996052 -0.088194 82.993706 -0.883048 0.050265 0.466583 0.000000 0.000000 0.000000 0.000000 1.000000
0.517804 0.046277 0.854247 0.000000 0.008185 0.998222 -0.059038 84.149117 -0.855460 0.037562 0.516505 0.000000 0.000000 0.000000 0.000000 1.000000
0.551619 0.019937 0.833858 0.000000 0.018652 0.999169 -0.036228 82.806946 -0.833888 0.035537 0.550789 0.000000 0.000000 0.000000 0.000000 1.000000
0.580628 -0.008873 0.814121 0.000000 0.033226 0.999366 -0.012805 79.838799 -0.813491 0.034485 0.580554 0.000000 0.000000 0.000000 0.000000 1.000000
0.601030 -0.032067 0.798583 0.000000 0.046515 0.998905 0.005103 76.866913 -0.797872 0.034079 0.601863 0.000000 0.000000 0.000000 0.000000 1.000000
0.601030 -0.032067 0.798583 0.000000 0.046515 0.998905 0.005103 76.866913 -0.797872 0.034079 0.601863 0.000000 0.000000 0.000000 0.000000 1.000000</float_array><technique_common><accessor source="#BatRig_Hips-Matrix-animation-output-transform-array" count="18" stride="16"><param type="float4x4"/></accessor></technique_common></source><source id="BatRig_Hips-Interpolations"><Name_array id="BatRig_Hips-Interpolations-array" count="18">
 LINEAR LINEAR LINEAR LINEAR LINEAR LINEAR LINEAR LINEAR LINEAR LINEAR LINEAR
LINEAR LINEAR LINEAR LINEAR LINEAR LINEAR LINEAR</Name_array><technique_common><accessor source="#BatRig_Hips-Interpolations-array" count="18"><param type="name"/></accessor></technique_common></source><sampler id="BatRig_Hips-Matrix-animation-transform"><input semantic="INPUT" source="#BatRig_Hips-Matrix-animation-input"/><input semantic="OUTPUT" source="#BatRig_Hips-Matrix-animation-output-transform"/><input semantic="INTERPOLATION" source="#BatRig_Hips-Interpolations"/></sampler><channel source="#BatRig_Hips-Matrix-animation-transform" target="BatRig_Hips/matrix"/></animation><animation><source id="BatRig_Hips-visibility-animation-input"><float_array id="BatRig_Hips-visibility-animation-input-array" count="18">

0.000000 0.041667 0.083333 0.125000 0.166667 0.208333 0.250000 0.291667 0.333333 0.375000 0.416667 0.458333 0.500000 0.541667 0.583333 0.625000
0.666667 0.708333</float_array><technique_common><accessor source="#BatRig_Hips-visibility-animation-input-array" count="18"><param name="TIME" type="float"/></accessor></technique_common></source><source id="BatRig_Hips-visibility-animation-output"><float_array id="BatRig_Hips-visibility-animation-output-array" count="18">

1.000000 1.000000 1.000000 1.000000 1.000000 1.000000 1.000000 1.000000 1.000000 1.000000 1.000000 1.000000 1.000000 1.000000 1.000000 1.000000
1.000000 1.000000</float_array><technique_common><accessor source="#BatRig_Hips-visibility-animation-output-array" count="18"><param type="float"/></accessor></technique_common></source><source id="BatRig_Hips-visibility-animation-intan"><float_array id="BatRig_Hips-visibility-animation-intan-array" count="18">

0.000000 0.000000 0.000000 0.000000 0.000000 0.000000 0.000000 0.000000 0.000000 0.000000 0.000000 0.000000 0.000000 0.000000 0.000000 0.000000
0.000000 0.000000</float_array><technique_common><accessor source="#BatRig_Hips-visibility-animation-intan-array" count="18"><param type="float"/></accessor></technique_common></source><source id="BatRig_Hips-visibility-animation-outtan"><float_array id="BatRig_Hips-visibility-animation-outtan-array" count="18">

0.000000 0.000000 0.000000 0.000000 0.000000 0.000000 0.000000 0.000000 0.000000 0.000000 0.000000 0.000000 0.000000 0.000000 0.000000 0.000000
0.000000 0.000000</float_array><technique_common><accessor source="#BatRig_Hips-visibility-animation-outtan-array" count="18"><param type="float"/></accessor></technique_common></source><source id="BatRig_Hips-visibility-animation-interpolation"><Name_array id="BatRig_Hips-visibility-animation-interpolation-array" count="18">
 STEP STEP STEP STEP STEP STEP STEP STEP STEP STEP STEP STEP STEP STEP STEP STEP STEP
BEZIER</Name_array><technique_common><accessor source="#BatRig_Hips-visibility-animation-interpolation-array" count="18"><param type="name"/></accessor></technique_common></source><sampler id="BatRig_Hips-visibility-animation"><input semantic="INPUT" source="#BatRig_Hips-visibility-animation-input"/><input semantic="OUTPUT" source="#BatRig_Hips-visibility-animation-output"/><input semantic="IN_TANGENT" source="#BatRig_Hips-visibility-animation-intan"/><input semantic="OUT_TANGENT" source="#BatRig_Hips-visibility-animation-outtan"/><input semantic="INTERPOLATION" source="#BatRig_Hips-visibility-animation-interpolation"/></sampler><channel source="#BatRig_Hips-visibility-animation" target="BatRig_Hips/visibility"/></animation></animation>
    <animation id="BatRig_Spine-anim" name="BatRig_Spine"><animation><source id="BatRig_Spine-Matrix-animation-input"><float_array id="BatRig_Spine-Matrix-animation-input-array" count="18">

0.000000 0.041667 0.083333 0.125000 0.166667 0.208333 0.250000 0.291667 0.333333 0.375000 0.416667 0.458333 0.500000 0.541667 0.583333 0.625000
0.666667 0.708333</float_array><technique_common><accessor source="#BatRig_Spine-Matrix-animation-input-array" count="18"><param name="TIME" type="float"/></accessor></technique_common></source><source id="BatRig_Spine-Matrix-animation-output-transform"><float_array id="BatRig_Spine-Matrix-animation-output-transform-array" count="288">

0.985317 0.153650 -0.074442 -0.000004 -0.147679 0.985793 0.080017 3.725675 0.085679 -0.067849 0.994010 0.000005 0.000000 0.000000 0.000000 1.000000
0.985317 0.153650 -0.074442 -0.000004 -0.147679 0.985793 0.080017 3.725675 0.085679 -0.067849 0.994010 0.000005 0.000000 0.000000 0.000000 1.000000
0.984713 0.157098 -0.075238 -0.000004 -0.150701 0.984980 0.084283 3.725675 0.087349 -0.071656 0.993597 0.000005 0.000000 0.000000 0.000000 1.000000
0.984046 0.160553 -0.076654 -0.000004 -0.153662 0.984139 0.088650 3.725675 0.089671 -0.075457 0.993109 0.000005 0.000000 0.000000 0.000000 1.000000
0.983346 0.163508 -0.079351 -0.000004 -0.156026 0.983384 0.092801 3.725675 0.093206 -0.078875 0.992518 0.000005 0.000000 0.000000 0.000000 1.000000
0.983383 0.160910 -0.084064 -0.000004 -0.153089 0.983880 0.092436 3.725675 0.097583 -0.078031 0.992164 0.000005 0.000000 0.000000 0.000000 1.000000
0.982898 0.158276 -0.094134 -0.000004 -0.150091 0.984703 0.088498 3.725675 0.106701 -0.072856 0.991618 0.000005 0.000000 0.000000 0.000000 1.000000
0.981854 0.155704 -0.108255 -0.000004 -0.146955 0.985517 0.084618 3.725675 0.119863 -0.067174 0.990515 0.000005 0.000000 0.000000 0.000000 1.000000
0.980763 0.153182 -0.120995 -0.000004 -0.144106 0.986279 0.080548 3.725675 0.131673 -0.061562 0.989380 0.000005 0.000000 0.000000 0.000000 1.000000
0.980367 0.150982 -0.126823 -0.000004 -0.142117 0.986904 0.076311 3.725675 0.136684 -0.056789 0.988986 0.000005 0.000000 0.000000 0.000000 1.000000
0.981361 0.147543 -0.123129 -0.000004 -0.139032 0.987435 0.075114 3.725675 0.132664 -0.056595 0.989544 0.000005 0.000000 0.000000 0.000000 1.000000
0.982697 0.144336 -0.116076 -0.000004 -0.136382 0.987902 0.073815 3.725675 0.125326 -0.056707 0.990494 0.000005 0.000000 0.000000 0.000000 1.000000
0.983538 0.145427 -0.107256 -0.000004 -0.138079 0.987723 0.073053 3.725675 0.116563 -0.057041 0.991544 0.000005 0.000000 0.000000 0.000000 1.000000
0.984335 0.146225 -0.098503 -0.000004 -0.139506 0.987601 0.071992 3.725675 0.107809 -0.057122 0.992529 0.000005 0.000000 0.000000 0.000000 1.000000
0.984817 0.147213 -0.092003 -0.000004 -0.140777 0.987351 0.072943 3.725675 0.101577 -0.058884 0.993083 0.000005 0.000000 0.000000 0.000000 1.000000
0.985242 0.148424 -0.085260 -0.000004 -0.142281 0.987047 0.074125 3.725675 0.095158 -0.060900 0.993598 0.000005 0.000000 0.000000 0.000000 1.000000
0.985592 0.149661 -0.078804 -0.000004 -0.143813 0.986736 0.075305 3.725675 0.089029 -0.062887 0.994042 0.000005 0.000000 0.000000 0.000000 1.000000
0.985592 0.149661 -0.078804 -0.000004 -0.143813 0.986736 0.075305 3.725675 0.089029 -0.062887 0.994042 0.000005 0.000000 0.000000 0.000000 1.000000</float_array><technique_common><accessor source="#BatRig_Spine-Matrix-animation-output-transform-array" count="18" stride="16"><param type="float4x4"/></accessor></technique_common></source><source id="BatRig_Spine-Interpolations"><Name_array id="BatRig_Spine-Interpolations-array" count="18">
 LINEAR LINEAR LINEAR LINEAR LINEAR LINEAR LINEAR LINEAR LINEAR LINEAR LINEAR
LINEAR LINEAR LINEAR LINEAR LINEAR LINEAR LINEAR</Name_array><technique_common><accessor source="#BatRig_Spine-Interpolations-array" count="18"><param type="name"/></accessor></technique_common></source><sampler id="BatRig_Spine-Matrix-animation-transform"><input semantic="INPUT" source="#BatRig_Spine-Matrix-animation-input"/><input semantic="OUTPUT" source="#BatRig_Spine-Matrix-animation-output-transform"/><input semantic="INTERPOLATION" source="#BatRig_Spine-Interpolations"/></sampler><channel source="#BatRig_Spine-Matrix-animation-transform" target="BatRig_Spine/matrix"/></animation><animation><source id="BatRig_Spine-visibility-animation-input"><float_array id="BatRig_Spine-visibility-animation-input-array" count="18">

0.000000 0.041667 0.083333 0.125000 0.166667 0.208333 0.250000 0.291667 0.333333 0.375000 0.416667 0.458333 0.500000 0.541667 0.583333 0.625000
0.666667 0.708333</float_array><technique_common><accessor source="#BatRig_Spine-visibility-animation-input-array" count="18"><param name="TIME" type="float"/></accessor></technique_common></source><source id="BatRig_Spine-visibility-animation-output"><float_array id="BatRig_Spine-visibility-animation-output-array" count="18">

1.000000 1.000000 1.000000 1.000000 1.000000 1.000000 1.000000 1.000000 1.000000 1.000000 1.000000 1.000000 1.000000 1.000000 1.000000 1.000000
1.000000 1.000000</float_array><technique_common><accessor source="#BatRig_Spine-visibility-animation-output-array" count="18"><param type="float"/></accessor></technique_common></source><source id="BatRig_Spine-visibility-animation-intan"><float_array id="BatRig_Spine-visibility-animation-intan-array" count="18">

0.000000 0.000000 0.000000 0.000000 0.000000 0.000000 0.000000 0.000000 0.000000 0.000000 0.000000 0.000000 0.000000 0.000000 0.000000 0.000000
0.000000 0.000000</float_array><technique_common><accessor source="#BatRig_Spine-visibility-animation-intan-array" count="18"><param type="float"/></accessor></technique_common></source><source id="BatRig_Spine-visibility-animation-outtan"><float_array id="BatRig_Spine-visibility-animation-outtan-array" count="18">

0.000000 0.000000 0.000000 0.000000 0.000000 0.000000 0.000000 0.000000 0.000000 0.000000 0.000000 0.000000 0.000000 0.000000 0.000000 0.000000
0.000000 0.000000</float_array><technique_common><accessor source="#BatRig_Spine-visibility-animation-outtan-array" count="18"><param type="float"/></accessor></technique_common></source><source id="BatRig_Spine-visibility-animation-interpolation"><Name_array id="BatRig_Spine-visibility-animation-interpolation-array" count="18">
 STEP STEP STEP STEP STEP STEP STEP STEP STEP STEP STEP STEP STEP STEP STEP STEP STEP
BEZIER</Name_array><technique_common><accessor source="#BatRig_Spine-visibility-animation-interpolation-array" count="18"><param type="name"/></accessor></technique_common></source><sampler id="BatRig_Spine-visibility-animation"><input semantic="INPUT" source="#BatRig_Spine-visibility-animation-input"/><input semantic="OUTPUT" source="#BatRig_Spine-visibility-animation-output"/><input semantic="IN_TANGENT" source="#BatRig_Spine-visibility-animation-intan"/><input semantic="OUT_TANGENT" source="#BatRig_Spine-visibility-animation-outtan"/><input semantic="INTERPOLATION" source="#BatRig_Spine-visibility-animation-interpolation"/></sampler><channel source="#BatRig_Spine-visibility-animation" target="BatRig_Spine/visibility"/></animation></animation>
    <animation id="BatRig_Spine1-anim" name="BatRig_Spine1"><animation><source id="BatRig_Spine1-Matrix-animation-input"><float_array id="BatRig_Spine1-Matrix-animation-input-array" count="18">

0.000000 0.041667 0.083333 0.125000 0.166667 0.208333 0.250000 0.291667 0.333333 0.375000 0.416667 0.458333 0.500000 0.541667 0.583333 0.625000
0.666667 0.708333</float_array><technique_common><accessor source="#BatRig_Spine1-Matrix-animation-input-array" count="18"><param name="TIME" type="float"/></accessor></technique_common></source><source id="BatRig_Spine1-Matrix-animation-output-transform"><float_array id="BatRig_Spine1-Matrix-animation-output-transform-array" count="288">

0.998747 -0.012703 -0.048406 0.000003 0.009860 0.998237 -0.058526 10.999828 0.049064 0.057975 0.997112 -0.000004 0.000000 0.000000 0.000000 1.000000
0.998747 -0.012703 -0.048406 0.000003 0.009860 0.998237 -0.058526 10.999828 0.049064 0.057975 0.997112 -0.000004 0.000000 0.000000 0.000000 1.000000
0.998536 -0.015031 -0.051959 0.000003 0.012052 0.998292 -0.057171 10.999828 0.052730 0.056461 0.997011 -0.000004 0.000000 0.000000 0.000000 1.000000
0.998239 -0.017381 -0.056718 0.000003 0.014213 0.998341 -0.055793 10.999828 0.057594 0.054889 0.996830 -0.000004 0.000000 0.000000 0.000000 1.000000
0.997812 -0.019381 -0.063208 0.000003 0.015957 0.998401 -0.054233 10.999828 0.064158 0.053106 0.996526 -0.000004 0.000000 0.000000 0.000000 1.000000
0.997218 -0.017081 -0.072560 0.000003 0.013513 0.998688 -0.049385 10.999828 0.073308 0.048267 0.996141 -0.000004 0.000000 0.000000 0.000000 1.000000
0.995702 -0.014593 -0.091458 0.000003 0.009853 0.998595 -0.052062 10.999828 0.092089 0.050937 0.994447 -0.000004 0.000000 0.000000 0.000000 1.000000
0.992970 -0.011909 -0.117766 0.000003 0.005381 0.998439 -0.055596 10.999828 0.118244 0.054571 0.991484 -0.000004 0.000000 0.000000 0.000000 1.000000
0.989948 -0.009062 -0.141142 0.000003 0.000726 0.998258 -0.059000 10.999828 0.141431 0.058304 0.988230 -0.000004 0.000000 0.000000 0.000000 1.000000
0.988462 -0.006534 -0.151329 0.000003 -0.002853 0.998089 -0.061728 10.999828 0.151443 0.061448 0.986554 -0.000004 0.000000 0.000000 0.000000 1.000000
0.989376 -0.024163 -0.143358 0.000003 0.013562 0.997131 -0.074468 10.999828 0.144746 0.071733 0.986865 -0.000004 0.000000 0.000000 0.000000 1.000000
0.990864 -0.042150 -0.128110 0.000003 0.031151 0.995749 -0.086681 10.999828 0.131219 0.081898 0.987965 -0.000004 0.000000 0.000000 0.000000 1.000000
0.993028 -0.042190 -0.110071 0.000003 0.032232 0.995354 -0.090732 10.999828 0.113388 0.086552 0.989774 -0.000004 0.000000 0.000000 0.000000 1.000000
0.994815 -0.042058 -0.092595 0.000003 0.033252 0.994953 -0.094668 10.999828 0.096109 0.091098 0.991193 -0.000004 0.000000 0.000000 0.000000 1.000000
0.996221 -0.035013 -0.079481 0.000003 0.028121 0.995878 -0.086231 10.999828 0.082173 0.083670 0.993100 -0.000004 0.000000 0.000000 0.000000 1.000000
0.997398 -0.026586 -0.067012 0.000003 0.021416 0.996823 -0.076720 10.999828 0.068839 0.075085 0.994798 -0.000004 0.000000 0.000000 0.000000 1.000000
0.998305 -0.018063 -0.055326 0.000003 0.014311 0.997618 -0.067475 10.999828 0.056413 0.066569 0.996186 -0.000004 0.000000 0.000000 0.000000 1.000000
0.998305 -0.018063 -0.055326 0.000003 0.014311 0.997618 -0.067475 10.999828 0.056413 0.066569 0.996186 -0.000004 0.000000 0.000000 0.000000 1.000000</float_array><technique_common><accessor source="#BatRig_Spine1-Matrix-animation-output-transform-array" count="18" stride="16"><param type="float4x4"/></accessor></technique_common></source><source id="BatRig_Spine1-Interpolations"><Name_array id="BatRig_Spine1-Interpolations-array" count="18">
 LINEAR LINEAR LINEAR LINEAR LINEAR LINEAR LINEAR LINEAR LINEAR LINEAR LINEAR
LINEAR LINEAR LINEAR LINEAR LINEAR LINEAR LINEAR</Name_array><technique_common><accessor source="#BatRig_Spine1-Interpolations-array" count="18"><param type="name"/></accessor></technique_common></source><sampler id="BatRig_Spine1-Matrix-animation-transform"><input semantic="INPUT" source="#BatRig_Spine1-Matrix-animation-input"/><input semantic="OUTPUT" source="#BatRig_Spine1-Matrix-animation-output-transform"/><input semantic="INTERPOLATION" source="#BatRig_Spine1-Interpolations"/></sampler><channel source="#BatRig_Spine1-Matrix-animation-transform" target="BatRig_Spine1/matrix"/></animation><animation><source id="BatRig_Spine1-visibility-animation-input"><float_array id="BatRig_Spine1-visibility-animation-input-array" count="18">

0.000000 0.041667 0.083333 0.125000 0.166667 0.208333 0.250000 0.291667 0.333333 0.375000 0.416667 0.458333 0.500000 0.541667 0.583333 0.625000
0.666667 0.708333</float_array><technique_common><accessor source="#BatRig_Spine1-visibility-animation-input-array" count="18"><param name="TIME" type="float"/></accessor></technique_common></source><source id="BatRig_Spine1-visibility-animation-output"><float_array id="BatRig_Spine1-visibility-animation-output-array" count="18">

1.000000 1.000000 1.000000 1.000000 1.000000 1.000000 1.000000 1.000000 1.000000 1.000000 1.000000 1.000000 1.000000 1.000000 1.000000 1.000000
1.000000 1.000000</float_array><technique_common><accessor source="#BatRig_Spine1-visibility-animation-output-array" count="18"><param type="float"/></accessor></technique_common></source><source id="BatRig_Spine1-visibility-animation-intan"><float_array id="BatRig_Spine1-visibility-animation-intan-array" count="18">

0.000000 0.000000 0.000000 0.000000 0.000000 0.000000 0.000000 0.000000 0.000000 0.000000 0.000000 0.000000 0.000000 0.000000 0.000000 0.000000
0.000000 0.000000</float_array><technique_common><accessor source="#BatRig_Spine1-visibility-animation-intan-array" count="18"><param type="float"/></accessor></technique_common></source><source id="BatRig_Spine1-visibility-animation-outtan"><float_array id="BatRig_Spine1-visibility-animation-outtan-array" count="18">

0.000000 0.000000 0.000000 0.000000 0.000000 0.000000 0.000000 0.000000 0.000000 0.000000 0.000000 0.000000 0.000000 0.000000 0.000000 0.000000
0.000000 0.000000</float_array><technique_common><accessor source="#BatRig_Spine1-visibility-animation-outtan-array" count="18"><param type="float"/></accessor></technique_common></source><source id="BatRig_Spine1-visibility-animation-interpolation"><Name_array id="BatRig_Spine1-visibility-animation-interpolation-array" count="18">
 STEP STEP STEP STEP STEP STEP STEP STEP STEP STEP STEP STEP STEP STEP STEP STEP STEP
BEZIER</Name_array><technique_common><accessor source="#BatRig_Spine1-visibility-animation-interpolation-array" count="18"><param type="name"/></accessor></technique_common></source><sampler id="BatRig_Spine1-visibility-animation"><input semantic="INPUT" source="#BatRig_Spine1-visibility-animation-input"/><input semantic="OUTPUT" source="#BatRig_Spine1-visibility-animation-output"/><input semantic="IN_TANGENT" source="#BatRig_Spine1-visibility-animation-intan"/><input semantic="OUT_TANGENT" source="#BatRig_Spine1-visibility-animation-outtan"/><input semantic="INTERPOLATION" source="#BatRig_Spine1-visibility-animation-interpolation"/></sampler><channel source="#BatRig_Spine1-visibility-animation" target="BatRig_Spine1/visibility"/></animation></animation>
    <animation id="BatRig_Spine2-anim" name="BatRig_Spine2"><animation><source id="BatRig_Spine2-Matrix-animation-input"><float_array id="BatRig_Spine2-Matrix-animation-input-array" count="18">

0.000000 0.041667 0.083333 0.125000 0.166667 0.208333 0.250000 0.291667 0.333333 0.375000 0.416667 0.458333 0.500000 0.541667 0.583333 0.625000
0.666667 0.708333</float_array><technique_common><accessor source="#BatRig_Spine2-Matrix-animation-input-array" count="18"><param name="TIME" type="float"/></accessor></technique_common></source><source id="BatRig_Spine2-Matrix-animation-output-transform"><float_array id="BatRig_Spine2-Matrix-animation-output-transform-array" count="288">

0.998733 -0.016554 -0.047524 0.000001 0.013765 0.998197 -0.058427 11.776699 0.048406 0.057699 0.997160 0.000003 0.000000 0.000000 0.000000 1.000000
0.998733 -0.016554 -0.047524 0.000001 0.013765 0.998197 -0.058427 11.776699 0.048406 0.057699 0.997160 0.000003 0.000000 0.000000 0.000000 1.000000
0.998531 -0.018296 -0.051000 0.000001 0.015383 0.998259 -0.056934 11.776699 0.051953 0.056066 0.997074 0.000003 0.000000 0.000000 0.000000 1.000000
0.998245 -0.020145 -0.055689 0.000001 0.017055 0.998318 -0.055412 11.776699 0.056712 0.054365 0.996909 0.000003 0.000000 0.000000 0.000000 1.000000
0.997834 -0.021793 -0.062069 0.000001 0.018465 0.998386 -0.053702 11.776699 0.063139 0.052440 0.996626 0.000003 0.000000 0.000000 0.000000 1.000000
0.997246 -0.019503 -0.071552 0.000001 0.016035 0.998683 -0.048726 11.776699 0.072408 0.047444 0.996246 0.000003 0.000000 0.000000 0.000000 1.000000
0.995729 -0.018018 -0.090553 0.000001 0.013401 0.998591 -0.051339 11.776699 0.091350 0.049906 0.994568 0.000003 0.000000 0.000000 0.000000 1.000000
0.992991 -0.016850 -0.116983 0.000001 0.010485 0.998442 -0.054814 11.776699 0.117724 0.053203 0.991620 0.000003 0.000000 0.000000 0.000000 1.000000
0.989964 -0.015279 -0.140490 0.000001 0.007154 0.998282 -0.058156 11.776699 0.141137 0.056567 0.988373 0.000003 0.000000 0.000000 0.000000 1.000000
0.988481 -0.013044 -0.150782 0.000001 0.003900 0.998144 -0.060780 11.776699 0.151295 0.059492 0.986697 0.000003 0.000000 0.000000 0.000000 1.000000
0.989501 -0.028814 -0.141625 0.000001 0.018101 0.996916 -0.076358 11.776699 0.143388 0.072993 0.986971 0.000003 0.000000 0.000000 0.000000 1.000000
0.991132 -0.044405 -0.125240 0.000001 0.033036 0.995263 -0.091438 11.776699 0.128707 0.086490 0.987904 0.000003 0.000000 0.000000 0.000000 1.000000
0.993254 -0.044131 -0.107229 0.000001 0.034002 0.994943 -0.094515 11.776699 0.110858 0.090231 0.989732 0.000003 0.000000 0.000000 0.000000 1.000000
0.995004 -0.043704 -0.089760 0.000001 0.034898 0.994630 -0.097433 11.776699 0.093536 0.093814 0.991186 0.000003 0.000000 0.000000 0.000000 1.000000
0.996336 -0.037106 -0.077053 0.000001 0.030241 0.995623 -0.088431 11.776699 0.079997 0.085777 0.993098 0.000003 0.000000 0.000000 0.000000 1.000000
0.997440 -0.029444 -0.065161 0.000001 0.024311 0.996641 -0.078204 11.776699 0.067245 0.076420 0.994806 0.000003 0.000000 0.000000 0.000000 1.000000
0.998301 -0.021738 -0.054067 0.000001 0.018028 0.997509 -0.068190 11.776699 0.055415 0.067099 0.996206 0.000003 0.000000 0.000000 0.000000 1.000000
0.998301 -0.021738 -0.054067 0.000001 0.018028 0.997509 -0.068190 11.776699 0.055415 0.067099 0.996206 0.000003 0.000000 0.000000 0.000000 1.000000</float_array><technique_common><accessor source="#BatRig_Spine2-Matrix-animation-output-transform-array" count="18" stride="16"><param type="float4x4"/></accessor></technique_common></source><source id="BatRig_Spine2-Interpolations"><Name_array id="BatRig_Spine2-Interpolations-array" count="18">
 LINEAR LINEAR LINEAR LINEAR LINEAR LINEAR LINEAR LINEAR LINEAR LINEAR LINEAR
LINEAR LINEAR LINEAR LINEAR LINEAR LINEAR LINEAR</Name_array><technique_common><accessor source="#BatRig_Spine2-Interpolations-array" count="18"><param type="name"/></accessor></technique_common></source><sampler id="BatRig_Spine2-Matrix-animation-transform"><input semantic="INPUT" source="#BatRig_Spine2-Matrix-animation-input"/><input semantic="OUTPUT" source="#BatRig_Spine2-Matrix-animation-output-transform"/><input semantic="INTERPOLATION" source="#BatRig_Spine2-Interpolations"/></sampler><channel source="#BatRig_Spine2-Matrix-animation-transform" target="BatRig_Spine2/matrix"/></animation><animation><source id="BatRig_Spine2-visibility-animation-input"><float_array id="BatRig_Spine2-visibility-animation-input-array" count="18">

0.000000 0.041667 0.083333 0.125000 0.166667 0.208333 0.250000 0.291667 0.333333 0.375000 0.416667 0.458333 0.500000 0.541667 0.583333 0.625000
0.666667 0.708333</float_array><technique_common><accessor source="#BatRig_Spine2-visibility-animation-input-array" count="18"><param name="TIME" type="float"/></accessor></technique_common></source><source id="BatRig_Spine2-visibility-animation-output"><float_array id="BatRig_Spine2-visibility-animation-output-array" count="18">

1.000000 1.000000 1.000000 1.000000 1.000000 1.000000 1.000000 1.000000 1.000000 1.000000 1.000000 1.000000 1.000000 1.000000 1.000000 1.000000
1.000000 1.000000</float_array><technique_common><accessor source="#BatRig_Spine2-visibility-animation-output-array" count="18"><param type="float"/></accessor></technique_common></source><source id="BatRig_Spine2-visibility-animation-intan"><float_array id="BatRig_Spine2-visibility-animation-intan-array" count="18">

0.000000 0.000000 0.000000 0.000000 0.000000 0.000000 0.000000 0.000000 0.000000 0.000000 0.000000 0.000000 0.000000 0.000000 0.000000 0.000000
0.000000 0.000000</float_array><technique_common><accessor source="#BatRig_Spine2-visibility-animation-intan-array" count="18"><param type="float"/></accessor></technique_common></source><source id="BatRig_Spine2-visibility-animation-outtan"><float_array id="BatRig_Spine2-visibility-animation-outtan-array" count="18">

0.000000 0.000000 0.000000 0.000000 0.000000 0.000000 0.000000 0.000000 0.000000 0.000000 0.000000 0.000000 0.000000 0.000000 0.000000 0.000000
0.000000 0.000000</float_array><technique_common><accessor source="#BatRig_Spine2-visibility-animation-outtan-array" count="18"><param type="float"/></accessor></technique_common></source><source id="BatRig_Spine2-visibility-animation-interpolation"><Name_array id="BatRig_Spine2-visibility-animation-interpolation-array" count="18">
 STEP STEP STEP STEP STEP STEP STEP STEP STEP STEP STEP STEP STEP STEP STEP STEP STEP
BEZIER</Name_array><technique_common><accessor source="#BatRig_Spine2-visibility-animation-interpolation-array" count="18"><param type="name"/></accessor></technique_common></source><sampler id="BatRig_Spine2-visibility-animation"><input semantic="INPUT" source="#BatRig_Spine2-visibility-animation-input"/><input semantic="OUTPUT" source="#BatRig_Spine2-visibility-animation-output"/><input semantic="IN_TANGENT" source="#BatRig_Spine2-visibility-animation-intan"/><input semantic="OUT_TANGENT" source="#BatRig_Spine2-visibility-animation-outtan"/><input semantic="INTERPOLATION" source="#BatRig_Spine2-visibility-animation-interpolation"/></sampler><channel source="#BatRig_Spine2-visibility-animation" target="BatRig_Spine2/visibility"/></animation></animation>
    <animation id="BatRig_Spine3-anim" name="BatRig_Spine3"><animation><source id="BatRig_Spine3-Matrix-animation-input"><float_array id="BatRig_Spine3-Matrix-animation-input-array" count="18">

0.000000 0.041667 0.083333 0.125000 0.166667 0.208333 0.250000 0.291667 0.333333 0.375000 0.416667 0.458333 0.500000 0.541667 0.583333 0.625000
0.666667 0.708333</float_array><technique_common><accessor source="#BatRig_Spine3-Matrix-animation-input-array" count="18"><param name="TIME" type="float"/></accessor></technique_common></source><source id="BatRig_Spine3-Matrix-animation-output-transform"><float_array id="BatRig_Spine3-Matrix-animation-output-transform-array" count="288">

0.998710 -0.020214 -0.046589 0.000002 0.017506 0.998174 -0.057814 13.030717 0.047673 0.056924 0.997240 -1.061704 0.000000 0.000000 0.000000 1.000000
0.998710 -0.020214 -0.046589 0.000002 0.017506 0.998174 -0.057814 13.030717 0.047673 0.056924 0.997240 -1.061704 0.000000 0.000000 0.000000 1.000000
0.998518 -0.021658 -0.049921 0.000002 0.018838 0.998237 -0.056283 13.030717 0.051052 0.055259 0.997166 -1.061704 0.000000 0.000000 0.000000 1.000000
0.998248 -0.023117 -0.054467 0.000002 0.020132 0.998299 -0.054720 13.030717 0.055639 0.053528 0.997015 -1.061704 0.000000 0.000000 0.000000 1.000000
0.997851 -0.024242 -0.060878 0.000002 0.021023 0.998374 -0.052977 13.030717 0.062063 0.051583 0.996738 -1.061704 0.000000 0.000000 0.000000 1.000000
0.997298 -0.021220 -0.070334 0.000002 0.017866 0.998688 -0.047982 13.030717 0.071260 0.046596 0.996369 -1.061704 0.000000 0.000000 0.000000 1.000000
0.995782 -0.020596 -0.089409 0.000002 0.016133 0.998601 -0.050353 13.030717 0.090321 0.048698 0.994721 -1.061704 0.000000 0.000000 0.000000 1.000000
0.993050 -0.020125 -0.115957 0.000002 0.013964 0.998459 -0.053704 13.030717 0.116859 0.051712 0.991801 -1.061704 0.000000 0.000000 0.000000 1.000000
0.990016 -0.019505 -0.139598 0.000002 0.011622 0.998303 -0.057065 13.030717 0.140474 0.054873 0.988563 -1.061704 0.000000 0.000000 0.000000 1.000000
0.988505 -0.018866 -0.150009 0.000002 0.009988 0.998165 -0.059719 13.030717 0.150861 0.057534 0.986879 -1.061704 0.000000 0.000000 0.000000 1.000000
0.989640 -0.030246 -0.140350 0.000002 0.019511 0.996822 -0.077241 13.030717 0.142240 0.073702 0.987084 -1.061704 0.000000 0.000000 0.000000 1.000000
0.991509 -0.042092 -0.123037 0.000002 0.030535 0.995070 -0.094353 13.030717 0.126402 0.089795 0.987907 -1.061704 0.000000 0.000000 0.000000 1.000000
0.993639 -0.041581 -0.104655 0.000002 0.031473 0.994840 -0.096446 13.030717 0.108125 0.092539 0.989821 -1.061704 0.000000 0.000000 0.000000 1.000000
0.995320 -0.040849 -0.087571 0.000002 0.032157 0.994620 -0.098470 13.030717 0.091122 0.095193 0.991280 -1.061704 0.000000 0.000000 0.000000 1.000000
0.996509 -0.036000 -0.075324 0.000002 0.029227 0.995588 -0.089169 13.030717 0.078202 0.086656 0.993164 -1.061704 0.000000 0.000000 0.000000 1.000000
0.997513 -0.030140 -0.063710 0.000002 0.025097 0.996596 -0.078523 13.030717 0.065860 0.076729 0.994874 -1.061704 0.000000 0.000000 0.000000 1.000000
0.998308 -0.024172 -0.052890 0.000002 0.020547 0.997471 -0.068040 13.030717 0.054401 0.066838 0.996280 -1.061704 0.000000 0.000000 0.000000 1.000000
