<?xml version="1.0" encoding="utf-8"?>
<COLLADA xmlns="http://www.collada.org/2005/11/COLLADASchema" version="1.4.1">
  <asset><contributor><author></author><authoring_tool>FBX COLLADA exporter</authoring_tool><comments></comments></contributor><created>2017-09-25T19:49:06Z</created><keywords></keywords><modified>2017-09-25T19:49:06Z</modified><revision></revision><subject></subject><title></title><unit meter="0.010000" name="centimeter"></unit><up_axis>Y_UP</up_axis></asset>
  <library_animations>
    <animation id="BatRig_Reference-anim" name="BatRig_Reference"><animation><source id="BatRig_Reference-Matrix-animation-input"><float_array id="BatRig_Reference-Matrix-animation-input-array" count="20">

0.000000 0.041667 0.083333 0.125000 0.166667 0.208333 0.250000 0.291667 0.333333 0.375000 0.416667 0.458333 0.500000 0.541667 0.583333 0.625000
0.666667 0.708333 0.750000 0.791667</float_array><technique_common><accessor source="#BatRig_Reference-Matrix-animation-input-array" count="20"><param name="TIME" type="float"/></accessor></technique_common></source><source id="BatRig_Reference-Matrix-animation-output-transform"><float_array id="BatRig_Reference-Matrix-animation-output-transform-array" count="320">

1.000000 0.000000 0.000000 1.382628 0.000000 1.000000 0.000000 0.000000 0.000000 0.000000 1.000000 17.669319 0.000000 0.000000 0.000000 1.000000
1.000000 0.000000 0.000000 1.382628 0.000000 1.000000 0.000000 0.000000 0.000000 0.000000 1.000000 17.669319 0.000000 0.000000 0.000000 1.000000
1.000000 0.000000 0.000000 0.959261 0.000000 1.000000 0.000000 0.000000 0.000000 0.000000 1.000000 36.003086 0.000000 0.000000 0.000000 1.000000
1.000000 0.000000 0.000000 0.498240 0.000000 1.000000 0.000000 0.000000 0.000000 0.000000 1.000000 51.412766 0.000000 0.000000 0.000000 1.000000
1.000000 0.000000 0.000000 0.019516 0.000000 1.000000 0.000000 0.000000 0.000000 0.000000 1.000000 55.960171 0.000000 0.000000 0.000000 1.000000
1.000000 0.000000 0.000000 -0.494108 0.000000 1.000000 0.000000 0.000000 0.000000 0.000000 1.000000 63.911121 0.000000 0.000000 0.000000 1.000000
1.000000 0.000000 0.000000 -0.940956 0.000000 1.000000 0.000000 0.000000 0.000000 0.000000 1.000000 90.202759 0.000000 0.000000 0.000000 1.000000
1.000000 0.000000 0.000000 -1.290286 0.000000 1.000000 0.000000 0.000000 0.000000 0.000000 1.000000 116.587639 0.000000 0.000000 0.000000 1.000000
1.000000 0.000000 0.000000 -1.406706 0.000000 1.000000 0.000000 0.000000 0.000000 0.000000 1.000000 134.681458 0.000000 0.000000 0.000000 1.000000
1.000000 0.000000 0.000000 -1.500690 0.000000 1.000000 0.000000 0.000000 0.000000 0.000000 1.000000 149.014954 0.000000 0.000000 0.000000 1.000000
1.000000 0.000000 0.000000 -1.704857 0.000000 1.000000 0.000000 0.000000 0.000000 0.000000 1.000000 158.976349 0.000000 0.000000 0.000000 1.000000
1.000000 0.000000 0.000000 -1.665940 0.000000 1.000000 0.000000 0.000000 0.000000 0.000000 1.000000 179.247223 0.000000 0.000000 0.000000 1.000000
1.000000 0.000000 0.000000 -1.566361 0.000000 1.000000 0.000000 0.000000 0.000000 0.000000 1.000000 202.232239 0.000000 0.000000 0.000000 1.000000
1.000000 0.000000 0.000000 -1.363178 0.000000 1.000000 0.000000 0.000000 0.000000 0.000000 1.000000 219.820633 0.000000 0.000000 0.000000 1.000000
1.000000 0.000000 0.000000 -0.834079 0.000000 1.000000 0.000000 0.000000 0.000000 0.000000 1.000000 222.172607 0.000000 0.000000 0.000000 1.000000
1.000000 0.000000 0.000000 -0.122224 0.000000 1.000000 0.000000 0.000000 0.000000 0.000000 1.000000 225.377533 0.000000 0.000000 0.000000 1.000000
1.000000 0.000000 0.000000 0.550951 0.000000 1.000000 0.000000 0.000000 0.000000 0.000000 1.000000 255.133545 0.000000 0.000000 0.000000 1.000000
1.000000 0.000000 0.000000 1.130338 0.000000 1.000000 0.000000 0.000000 0.000000 0.000000 1.000000 278.945190 0.000000 0.000000 0.000000 1.000000
1.000000 0.000000 0.000000 1.471059 0.000000 1.000000 0.000000 0.000000 0.000000 0.000000 1.000000 286.522797 0.000000 0.000000 0.000000 1.000000
1.000000 0.000000 0.000000 1.382628 0.000000 1.000000 0.000000 0.000000 0.000000 0.000000 1.000000 321.934967 0.000000 0.000000 0.000000 1.000000</float_array><technique_common><accessor source="#BatRig_Reference-Matrix-animation-output-transform-array" count="20" stride="16"><param type="float4x4"/></accessor></technique_common></source><source id="BatRig_Reference-Interpolations"><Name_array id="BatRig_Reference-Interpolations-array" count="20">
 LINEAR LINEAR LINEAR LINEAR LINEAR LINEAR LINEAR LINEAR LINEAR LINEAR LINEAR
LINEAR LINEAR LINEAR LINEAR LINEAR LINEAR LINEAR LINEAR LINEAR</Name_array><technique_common><accessor source="#BatRig_Reference-Interpolations-array" count="20"><param type="name"/></accessor></technique_common></source><sampler id="BatRig_Reference-Matrix-animation-transform"><input semantic="INPUT" source="#BatRig_Reference-Matrix-animation-input"/><input semantic="OUTPUT" source="#BatRig_Reference-Matrix-animation-output-transform"/><input semantic="INTERPOLATION" source="#BatRig_Reference-Interpolations"/></sampler><channel source="#BatRig_Reference-Matrix-animation-transform" target="BatRig_Reference/matrix"/></animation><animation><source id="BatRig_Reference-visibility-animation-input"><float_array id="BatRig_Reference-visibility-animation-input-array" count="20">

0.000000 0.041667 0.083333 0.125000 0.166667 0.208333 0.250000 0.291667 0.333333 0.375000 0.416667 0.458333 0.500000 0.541667 0.583333 0.625000
0.666667 0.708333 0.750000 0.791667</float_array><technique_common><accessor source="#BatRig_Reference-visibility-animation-input-array" count="20"><param name="TIME" type="float"/></accessor></technique_common></source><source id="BatRig_Reference-visibility-animation-output"><float_array id="BatRig_Reference-visibility-animation-output-array" count="20">

1.000000 1.000000 1.000000 1.000000 1.000000 1.000000 1.000000 1.000000 1.000000 1.000000 1.000000 1.000000 1.000000 1.000000 1.000000 1.000000
1.000000 1.000000 1.000000 1.000000</float_array><technique_common><accessor source="#BatRig_Reference-visibility-animation-output-array" count="20"><param type="float"/></accessor></technique_common></source><source id="BatRig_Reference-visibility-animation-intan"><float_array id="BatRig_Reference-visibility-animation-intan-array" count="20">

0.000000 0.000000 0.000000 0.000000 0.000000 0.000000 0.000000 0.000000 0.000000 0.000000 0.000000 0.000000 0.000000 0.000000 0.000000 0.000000
0.000000 0.000000 0.000000 0.000000</float_array><technique_common><accessor source="#BatRig_Reference-visibility-animation-intan-array" count="20"><param type="float"/></accessor></technique_common></source><source id="BatRig_Reference-visibility-animation-outtan"><float_array id="BatRig_Reference-visibility-animation-outtan-array" count="20">

0.000000 0.000000 0.000000 0.000000 0.000000 0.000000 0.000000 0.000000 0.000000 0.000000 0.000000 0.000000 0.000000 0.000000 0.000000 0.000000
0.000000 0.000000 0.000000 0.000000</float_array><technique_common><accessor source="#BatRig_Reference-visibility-animation-outtan-array" count="20"><param type="float"/></accessor></technique_common></source><source id="BatRig_Reference-visibility-animation-interpolation"><Name_array id="BatRig_Reference-visibility-animation-interpolation-array" count="20">
 BEZIER BEZIER BEZIER BEZIER BEZIER BEZIER BEZIER BEZIER BEZIER BEZIER BEZIER
BEZIER BEZIER BEZIER BEZIER BEZIER BEZIER BEZIER BEZIER BEZIER</Name_array><technique_common><accessor source="#BatRig_Reference-visibility-animation-interpolation-array" count="20"><param type="name"/></accessor></technique_common></source><sampler id="BatRig_Reference-visibility-animation"><input semantic="INPUT" source="#BatRig_Reference-visibility-animation-input"/><input semantic="OUTPUT" source="#BatRig_Reference-visibility-animation-output"/><input semantic="IN_TANGENT" source="#BatRig_Reference-visibility-animation-intan"/><input semantic="OUT_TANGENT" source="#BatRig_Reference-visibility-animation-outtan"/><input semantic="INTERPOLATION" source="#BatRig_Reference-visibility-animation-interpolation"/></sampler><channel source="#BatRig_Reference-visibility-animation" target="BatRig_Reference/visibility"/></animation></animation>
    <animation id="BatRig_Hips-anim" name="BatRig_Hips"><animation><source id="BatRig_Hips-Matrix-animation-input"><float_array id="BatRig_Hips-Matrix-animation-input-array" count="20">

0.000000 0.041667 0.083333 0.125000 0.166667 0.208333 0.250000 0.291667 0.333333 0.375000 0.416667 0.458333 0.500000 0.541667 0.583333 0.625000
0.666667 0.708333 0.750000 0.791667</float_array><technique_common><accessor source="#BatRig_Hips-Matrix-animation-input-array" count="20"><param name="TIME" type="float"/></accessor></technique_common></source><source id="BatRig_Hips-Matrix-animation-output-transform"><float_array id="BatRig_Hips-Matrix-animation-output-transform-array" count="320">

0.964631 -0.031222 0.261747 0.000000 0.112520 0.946724 -0.301749 76.632011 -0.238381 0.320528 0.916753 0.000000 0.000000 0.000000 0.000000 1.000000
0.964631 -0.031222 0.261747 0.000000 0.112520 0.946724 -0.301749 76.632011 -0.238381 0.320528 0.916753 0.000000 0.000000 0.000000 0.000000 1.000000
0.976983 -0.029187 0.211311 0.000000 0.096141 0.944529 -0.314041 74.215576 -0.190424 0.327128 0.925595 0.000000 0.000000 0.000000 0.000000 1.000000
0.985402 -0.024426 0.168484 0.000000 0.078504 0.943351 -0.322376 72.913757 -0.151065 0.330897 0.931497 0.000000 0.000000 0.000000 0.000000 1.000000
0.990999 -0.007204 0.133674 0.000000 0.050443 0.945043 -0.323032 78.753334 -0.124000 0.326867 0.936900 0.000000 0.000000 0.000000 0.000000 1.000000
0.993745 0.010668 0.111163 0.000000 0.025654 0.946998 -0.320214 84.595345 -0.108687 0.321063 0.940801 0.000000 0.000000 0.000000 0.000000 1.000000
0.996692 0.021862 0.078278 0.000000 0.004521 0.946738 -0.321973 83.439125 -0.081148 0.321262 0.943507 0.000000 0.000000 0.000000 0.000000 1.000000
0.998259 0.030558 0.050446 0.000000 -0.012600 0.946061 -0.323744 81.756149 -0.057618 0.322545 0.944799 0.000000 0.000000 0.000000 0.000000 1.000000
0.998432 0.037128 0.041904 0.000000 -0.021611 0.946046 -0.323311 84.206238 -0.051647 0.321898 0.945365 0.000000 0.000000 0.000000 0.000000 1.000000
0.998351 0.046319 0.033923 0.000000 -0.032919 0.945907 -0.322764 86.321320 -0.047038 0.321115 0.945871 0.000000 0.000000 0.000000 0.000000 1.000000
0.997060 0.075903 0.010515 0.000000 -0.068445 0.943865 -0.323162 76.692574 -0.034454 0.321492 0.946285 0.000000 0.000000 0.000000 0.000000 1.000000
0.995129 0.080652 0.056685 0.000000 -0.058077 0.944284 -0.323967 74.976532 -0.079655 0.319097 0.944369 0.000000 0.000000 0.000000 0.000000 1.000000
0.988918 0.082887 0.123174 0.000000 -0.038879 0.945273 -0.323956 73.680824 -0.143285 0.315577 0.938020 0.000000 0.000000 0.000000 0.000000 1.000000
0.981588 0.084185 0.171458 0.000000 -0.024723 0.946081 -0.322985 73.169121 -0.189404 0.312799 0.930743 0.000000 0.000000 0.000000 0.000000 1.000000
0.979469 0.086937 0.181884 0.000000 -0.024193 0.946403 -0.322080 80.091316 -0.200136 0.311067 0.929076 0.000000 0.000000 0.000000 0.000000 1.000000
0.981431 0.085449 0.171729 0.000000 -0.026102 0.946459 -0.321766 84.244186 -0.190029 0.311309 0.931115 0.000000 0.000000 0.000000 0.000000 1.000000
0.984317 0.058881 0.166292 0.000000 -0.002084 0.946467 -0.322793 83.305733 -0.176397 0.317384 0.931746 0.000000 0.000000 0.000000 0.000000 1.000000
0.984813 0.026364 0.171603 0.000000 0.030861 0.946081 -0.322458 82.367180 -0.170852 0.322857 0.930899 0.000000 0.000000 0.000000 0.000000 1.000000
0.977254 0.002230 0.212062 0.000000 0.066319 0.946581 -0.315573 85.174210 -0.201438 0.322459 0.924902 0.000000 0.000000 0.000000 0.000000 1.000000
0.964631 -0.031222 0.261747 0.000000 0.112520 0.946724 -0.301749 76.632011 -0.238381 0.320528 0.916753 0.000000 0.000000 0.000000 0.000000 1.000000</float_array><technique_common><accessor source="#BatRig_Hips-Matrix-animation-output-transform-array" count="20" stride="16"><param type="float4x4"/></accessor></technique_common></source><source id="BatRig_Hips-Interpolations"><Name_array id="BatRig_Hips-Interpolations-array" count="20">
 LINEAR LINEAR LINEAR LINEAR LINEAR LINEAR LINEAR LINEAR LINEAR LINEAR LINEAR
LINEAR LINEAR LINEAR LINEAR LINEAR LINEAR LINEAR LINEAR LINEAR</Name_array><technique_common><accessor source="#BatRig_Hips-Interpolations-array" count="20"><param type="name"/></accessor></technique_common></source><sampler id="BatRig_Hips-Matrix-animation-transform"><input semantic="INPUT" source="#BatRig_Hips-Matrix-animation-input"/><input semantic="OUTPUT" source="#BatRig_Hips-Matrix-animation-output-transform"/><input semantic="INTERPOLATION" source="#BatRig_Hips-Interpolations"/></sampler><channel source="#BatRig_Hips-Matrix-animation-transform" target="BatRig_Hips/matrix"/></animation><animation><source id="BatRig_Hips-visibility-animation-input"><float_array id="BatRig_Hips-visibility-animation-input-array" count="20">

0.000000 0.041667 0.083333 0.125000 0.166667 0.208333 0.250000 0.291667 0.333333 0.375000 0.416667 0.458333 0.500000 0.541667 0.583333 0.625000
0.666667 0.708333 0.750000 0.791667</float_array><technique_common><accessor source="#BatRig_Hips-visibility-animation-input-array" count="20"><param name="TIME" type="float"/></accessor></technique_common></source><source id="BatRig_Hips-visibility-animation-output"><float_array id="BatRig_Hips-visibility-animation-output-array" count="20">

1.000000 1.000000 1.000000 1.000000 1.000000 1.000000 1.000000 1.000000 1.000000 1.000000 1.000000 1.000000 1.000000 1.000000 1.000000 1.000000
1.000000 1.000000 1.000000 1.000000</float_array><technique_common><accessor source="#BatRig_Hips-visibility-animation-output-array" count="20"><param type="float"/></accessor></technique_common></source><source id="BatRig_Hips-visibility-animation-intan"><float_array id="BatRig_Hips-visibility-animation-intan-array" count="20">

0.000000 0.000000 0.000000 0.000000 0.000000 0.000000 0.000000 0.000000 0.000000 0.000000 0.000000 0.000000 0.000000 0.000000 0.000000 0.000000
0.000000 0.000000 0.000000 0.000000</float_array><technique_common><accessor source="#BatRig_Hips-visibility-animation-intan-array" count="20"><param type="float"/></accessor></technique_common></source><source id="BatRig_Hips-visibility-animation-outtan"><float_array id="BatRig_Hips-visibility-animation-outtan-array" count="20">

0.000000 0.000000 0.000000 0.000000 0.000000 0.000000 0.000000 0.000000 0.000000 0.000000 0.000000 0.000000 0.000000 0.000000 0.000000 0.000000
0.000000 0.000000 0.000000 0.000000</float_array><technique_common><accessor source="#BatRig_Hips-visibility-animation-outtan-array" count="20"><param type="float"/></accessor></technique_common></source><source id="BatRig_Hips-visibility-animation-interpolation"><Name_array id="BatRig_Hips-visibility-animation-interpolation-array" count="20">
 BEZIER BEZIER BEZIER BEZIER BEZIER BEZIER BEZIER BEZIER BEZIER BEZIER BEZIER
BEZIER BEZIER BEZIER BEZIER BEZIER BEZIER BEZIER BEZIER BEZIER</Name_array><technique_common><accessor source="#BatRig_Hips-visibility-animation-interpolation-array" count="20"><param type="name"/></accessor></technique_common></source><sampler id="BatRig_Hips-visibility-animation"><input semantic="INPUT" source="#BatRig_Hips-visibility-animation-input"/><input semantic="OUTPUT" source="#BatRig_Hips-visibility-animation-output"/><input semantic="IN_TANGENT" source="#BatRig_Hips-visibility-animation-intan"/><input semantic="OUT_TANGENT" source="#BatRig_Hips-visibility-animation-outtan"/><input semantic="INTERPOLATION" source="#BatRig_Hips-visibility-animation-interpolation"/></sampler><channel source="#BatRig_Hips-visibility-animation" target="BatRig_Hips/visibility"/></animation></animation>
    <animation id="BatRig_Spine-anim" name="BatRig_Spine"><animation><source id="BatRig_Spine-Matrix-animation-input"><float_array id="BatRig_Spine-Matrix-animation-input-array" count="20">

0.000000 0.041667 0.083333 0.125000 0.166667 0.208333 0.250000 0.291667 0.333333 0.375000 0.416667 0.458333 0.500000 0.541667 0.583333 0.625000
0.666667 0.708333 0.750000 0.791667</float_array><technique_common><accessor source="#BatRig_Spine-Matrix-animation-input-array" count="20"><param name="TIME" type="float"/></accessor></technique_common></source><source id="BatRig_Spine-Matrix-animation-output-transform"><float_array id="BatRig_Spine-Matrix-animation-output-transform-array" count="320">

0.979893 -0.028887 -0.197422 -0.000001 0.025169 0.999456 -0.021319 3.725677 0.197930 0.015921 0.980087 0.000001 0.000000 0.000000 0.000000 1.000000
0.979893 -0.028887 -0.197422 -0.000001 0.025169 0.999456 -0.021319 3.725677 0.197930 0.015921 0.980087 0.000001 0.000000 0.000000 0.000000 1.000000
0.980597 -0.025925 -0.194312 -0.000001 0.023262 0.999602 -0.015972 3.725677 0.194649 0.011142 0.980810 0.000001 0.000000 0.000000 0.000000 1.000000
0.981566 -0.022945 -0.189742 -0.000001 0.021199 0.999712 -0.011229 3.725677 0.189945 0.007000 0.981770 0.000001 0.000000 0.000000 0.000000 1.000000
0.982962 -0.021337 -0.182566 -0.000001 0.020071 0.999760 -0.008778 3.725677 0.182710 0.004964 0.983154 0.000001 0.000000 0.000000 0.000000 1.000000
0.984776 -0.017960 -0.172898 -0.000001 0.016943 0.999829 -0.007358 3.725677 0.173001 0.004317 0.984912 0.000001 0.000000 0.000000 0.000000 1.000000
0.987202 -0.004979 -0.159399 -0.000001 0.004135 0.999976 -0.005628 3.725677 0.159423 0.004897 0.987198 0.000001 0.000000 0.000000 0.000000 1.000000
0.988807 0.004564 -0.149127 -0.000001 -0.005329 0.999975 -0.004732 3.725677 0.149102 0.005474 0.988807 0.000001 0.000000 0.000000 0.000000 1.000000
0.989062 0.003938 -0.147449 -0.000001 -0.004696 0.999977 -0.004793 3.725677 0.147427 0.005433 0.989058 0.000001 0.000000 0.000000 0.000000 1.000000
0.989180 0.000588 -0.146708 -0.000001 -0.001335 0.999987 -0.004990 3.725677 0.146703 0.005132 0.989167 0.000001 0.000000 0.000000 0.000000 1.000000
0.989531 -0.011783 -0.143840 -0.000001 0.011420 0.999929 -0.003346 3.725677 0.143869 0.001668 0.989595 0.000001 0.000000 0.000000 0.000000 1.000000
0.989339 -0.010576 -0.145248 -0.000001 0.010180 0.999942 -0.003469 3.725677 0.145276 0.001953 0.989389 0.000001 0.000000 0.000000 0.000000 1.000000
0.988923 -0.008334 -0.148195 -0.000001 0.007874 0.999962 -0.003690 3.725677 0.148220 0.002482 0.988951 0.000001 0.000000 0.000000 0.000000 1.000000
0.988543 -0.007127 -0.150769 -0.000001 0.006628 0.999971 -0.003810 3.725677 0.150792 0.002767 0.988562 0.000001 0.000000 0.000000 0.000000 1.000000
0.988390 -0.012426 -0.151429 -0.000001 0.012032 0.999921 -0.003521 3.725677 0.151461 0.001658 0.988462 0.000001 0.000000 0.000000 0.000000 1.000000
0.988131 -0.017725 -0.152588 -0.000001 0.017433 0.999843 -0.003249 3.725677 0.152622 0.000550 0.988284 0.000001 0.000000 0.000000 0.000000 1.000000
0.986990 -0.015149 -0.160067 -0.000001 0.014820 0.999885 -0.003250 3.725677 0.160098 0.000836 0.987101 0.000001 0.000000 0.000000 0.000000 1.000000
0.985443 -0.012574 -0.169538 -0.000001 0.011910 0.999917 -0.004933 3.725677 0.169586 0.002842 0.985511 0.000001 0.000000 0.000000 0.000000 1.000000
0.984481 -0.024620 -0.173756 -0.000001 0.021666 0.999587 -0.018876 3.725677 0.174149 0.014818 0.984608 0.000001 0.000000 0.000000 0.000000 1.000000
0.979893 -0.028887 -0.197422 -0.000001 0.025169 0.999456 -0.021319 3.725677 0.197930 0.015921 0.980087 0.000001 0.000000 0.000000 0.000000 1.000000</float_array><technique_common><accessor source="#BatRig_Spine-Matrix-animation-output-transform-array" count="20" stride="16"><param type="float4x4"/></accessor></technique_common></source><source id="BatRig_Spine-Interpolations"><Name_array id="BatRig_Spine-Interpolations-array" count="20">
 LINEAR LINEAR LINEAR LINEAR LINEAR LINEAR LINEAR LINEAR LINEAR LINEAR LINEAR
LINEAR LINEAR LINEAR LINEAR LINEAR LINEAR LINEAR LINEAR LINEAR</Name_array><technique_common><accessor source="#BatRig_Spine-Interpolations-array" count="20"><param type="name"/></accessor></technique_common></source><sampler id="BatRig_Spine-Matrix-animation-transform"><input semantic="INPUT" source="#BatRig_Spine-Matrix-animation-input"/><input semantic="OUTPUT" source="#BatRig_Spine-Matrix-animation-output-transform"/><input semantic="INTERPOLATION" source="#BatRig_Spine-Interpolations"/></sampler><channel source="#BatRig_Spine-Matrix-animation-transform" target="BatRig_Spine/matrix"/></animation><animation><source id="BatRig_Spine-visibility-animation-input"><float_array id="BatRig_Spine-visibility-animation-input-array" count="20">

0.000000 0.041667 0.083333 0.125000 0.166667 0.208333 0.250000 0.291667 0.333333 0.375000 0.416667 0.458333 0.500000 0.541667 0.583333 0.625000
0.666667 0.708333 0.750000 0.791667</float_array><technique_common><accessor source="#BatRig_Spine-visibility-animation-input-array" count="20"><param name="TIME" type="float"/></accessor></technique_common></source><source id="BatRig_Spine-visibility-animation-output"><float_array id="BatRig_Spine-visibility-animation-output-array" count="20">

1.000000 1.000000 1.000000 1.000000 1.000000 1.000000 1.000000 1.000000 1.000000 1.000000 1.000000 1.000000 1.000000 1.000000 1.000000 1.000000
1.000000 1.000000 1.000000 1.000000</float_array><technique_common><accessor source="#BatRig_Spine-visibility-animation-output-array" count="20"><param type="float"/></accessor></technique_common></source><source id="BatRig_Spine-visibility-animation-intan"><float_array id="BatRig_Spine-visibility-animation-intan-array" count="20">

0.000000 0.000000 0.000000 0.000000 0.000000 0.000000 0.000000 0.000000 0.000000 0.000000 0.000000 0.000000 0.000000 0.000000 0.000000 0.000000
0.000000 0.000000 0.000000 0.000000</float_array><technique_common><accessor source="#BatRig_Spine-visibility-animation-intan-array" count="20"><param type="float"/></accessor></technique_common></source><source id="BatRig_Spine-visibility-animation-outtan"><float_array id="BatRig_Spine-visibility-animation-outtan-array" count="20">

0.000000 0.000000 0.000000 0.000000 0.000000 0.000000 0.000000 0.000000 0.000000 0.000000 0.000000 0.000000 0.000000 0.000000 0.000000 0.000000
0.000000 0.000000 0.000000 0.000000</float_array><technique_common><accessor source="#BatRig_Spine-visibility-animation-outtan-array" count="20"><param type="float"/></accessor></technique_common></source><source id="BatRig_Spine-visibility-animation-interpolation"><Name_array id="BatRig_Spine-visibility-animation-interpolation-array" count="20">
 BEZIER BEZIER BEZIER BEZIER BEZIER BEZIER BEZIER BEZIER BEZIER BEZIER BEZIER
BEZIER BEZIER BEZIER BEZIER BEZIER BEZIER BEZIER BEZIER BEZIER</Name_array><technique_common><accessor source="#BatRig_Spine-visibility-animation-interpolation-array" count="20"><param type="name"/></accessor></technique_common></source><sampler id="BatRig_Spine-visibility-animation"><input semantic="INPUT" source="#BatRig_Spine-visibility-animation-input"/><input semantic="OUTPUT" source="#BatRig_Spine-visibility-animation-output"/><input semantic="IN_TANGENT" source="#BatRig_Spine-visibility-animation-intan"/><input semantic="OUT_TANGENT" source="#BatRig_Spine-visibility-animation-outtan"/><input semantic="INTERPOLATION" source="#BatRig_Spine-visibility-animation-interpolation"/></sampler><channel source="#BatRig_Spine-visibility-animation" target="BatRig_Spine/visibility"/></animation></animation>
    <animation id="BatRig_Spine1-anim" name="BatRig_Spine1"><animation><source id="BatRig_Spine1-Matrix-animation-input"><float_array id="BatRig_Spine1-Matrix-animation-input-array" count="20">

0.000000 0.041667 0.083333 0.125000 0.166667 0.208333 0.250000 0.291667 0.333333 0.375000 0.416667 0.458333 0.500000 0.541667 0.583333 0.625000
0.666667 0.708333 0.750000 0.791667</float_array><technique_common><accessor source="#BatRig_Spine1-Matrix-animation-input-array" count="20"><param name="TIME" type="float"/></accessor></technique_common></source><source id="BatRig_Spine1-Matrix-animation-output-transform"><float_array id="BatRig_Spine1-Matrix-animation-output-transform-array" count="320">

0.999889 0.010854 0.010250 0.000002 -0.009122 0.987703 -0.156073 10.999832 -0.011818 0.155962 0.987692 -0.000003 0.000000 0.000000 0.000000 1.000000
0.999889 0.010854 0.010250 0.000002 -0.009122 0.987703 -0.156073 10.999832 -0.011818 0.155962 0.987692 -0.000003 0.000000 0.000000 0.000000 1.000000
0.999892 0.006363 0.013222 0.000002 -0.004268 0.988249 -0.152795 10.999832 -0.014039 0.152722 0.988169 -0.000003 0.000000 0.000000 0.000000 1.000000
0.999783 0.001244 0.020812 0.000002 0.001913 0.988537 -0.150970 10.999832 -0.020761 0.150977 0.988319 -0.000003 0.000000 0.000000 0.000000 1.000000
0.999227 -0.004624 0.039032 0.000002 0.010490 0.988410 -0.151443 10.999832 -0.037879 0.151735 0.987695 -0.000003 0.000000 0.000000 0.000000 1.000000
0.997965 -0.011146 0.062790 0.000002 0.020596 0.988176 -0.151935 10.999832 -0.060354 0.152919 0.986394 -0.000003 0.000000 0.000000 0.000000 1.000000
0.996155 -0.017028 0.085932 0.000002 0.029962 0.987995 -0.151555 10.999832 -0.082320 0.153547 0.984706 -0.000003 0.000000 0.000000 0.000000 1.000000
0.994199 -0.021731 0.105336 0.000002 0.037578 0.987837 -0.150881 10.999832 -0.100776 0.153964 0.982924 -0.000003 0.000000 0.000000 0.000000 1.000000
0.993493 -0.023358 0.111476 0.000002 0.040122 0.987780 -0.150599 10.999832 -0.106596 0.154092 0.982290 -0.000003 0.000000 0.000000 0.000000 1.000000
0.992756 -0.024688 0.117580 0.000002 0.042367 0.987728 -0.150326 10.999832 -0.112426 0.154219 0.981620 -0.000003 0.000000 0.000000 0.000000 1.000000
0.990225 -0.027608 0.136719 0.000002 0.048176 0.987588 -0.149499 10.999832 -0.130895 0.154624 0.979264 -0.000003 0.000000 0.000000 0.000000 1.000000
0.992118 -0.030539 0.121531 0.000002 0.048705 0.987570 -0.149442 10.999832 -0.115457 0.154183 0.981273 -0.000003 0.000000 0.000000 0.000000 1.000000
0.995080 -0.033460 0.093250 0.000002 0.047237 0.987603 -0.149696 10.999832 -0.087085 0.153364 0.984325 -0.000003 0.000000 0.000000 0.000000 1.000000
0.996301 -0.036204 0.077939 0.000002 0.047600 0.987581 -0.149728 10.999832 -0.071550 0.152884 0.985651 -0.000003 0.000000 0.000000 0.000000 1.000000
0.996196 -0.039055 0.077901 0.000002 0.050402 0.987480 -0.149477 10.999832 -0.071088 0.152835 0.985692 -0.000003 0.000000 0.000000 0.000000 1.000000
0.996136 -0.040605 0.077867 0.000002 0.051925 0.987419 -0.149355 10.999832 -0.070823 0.152821 0.985713 -0.000003 0.000000 0.000000 0.000000 1.000000
0.997294 -0.039803 0.061806 0.000002 0.048741 0.987393 -0.150594 10.999832 -0.055033 0.153199 0.986662 -0.000003 0.000000 0.000000 0.000000 1.000000
0.998518 -0.034183 0.042353 0.000002 0.040260 0.987541 -0.152124 10.999832 -0.036625 0.153604 0.987454 -0.000003 0.000000 0.000000 0.000000 1.000000
0.999079 -0.015325 0.040087 0.000002 0.021080 0.988861 -0.147343 10.999832 -0.037382 0.148052 0.988273 -0.000003 0.000000 0.000000 0.000000 1.000000
0.999889 0.010854 0.010250 0.000002 -0.009122 0.987703 -0.156073 10.999832 -0.011818 0.155962 0.987692 -0.000003 0.000000 0.000000 0.000000 1.000000</float_array><technique_common><accessor source="#BatRig_Spine1-Matrix-animation-output-transform-array" count="20" stride="16"><param type="float4x4"/></accessor></technique_common></source><source id="BatRig_Spine1-Interpolations"><Name_array id="BatRig_Spine1-Interpolations-array" count="20">
 LINEAR LINEAR LINEAR LINEAR LINEAR LINEAR LINEAR LINEAR LINEAR LINEAR LINEAR
LINEAR LINEAR LINEAR LINEAR LINEAR LINEAR LINEAR LINEAR LINEAR</Name_array><technique_common><accessor source="#BatRig_Spine1-Interpolations-array" count="20"><param type="name"/></accessor></technique_common></source><sampler id="BatRig_Spine1-Matrix-animation-transform"><input semantic="INPUT" source="#BatRig_Spine1-Matrix-animation-input"/><input semantic="OUTPUT" source="#BatRig_Spine1-Matrix-animation-output-transform"/><input semantic="INTERPOLATION" source="#BatRig_Spine1-Interpolations"/></sampler><channel source="#BatRig_Spine1-Matrix-animation-transform" target="BatRig_Spine1/matrix"/></animation><animation><source id="BatRig_Spine1-visibility-animation-input"><float_array id="BatRig_Spine1-visibility-animation-input-array" count="20">

0.000000 0.041667 0.083333 0.125000 0.166667 0.208333 0.250000 0.291667 0.333333 0.375000 0.416667 0.458333 0.500000 0.541667 0.583333 0.625000
0.666667 0.708333 0.750000 0.791667</float_array><technique_common><accessor source="#BatRig_Spine1-visibility-animation-input-array" count="20"><param name="TIME" type="float"/></accessor></technique_common></source><source id="BatRig_Spine1-visibility-animation-output"><float_array id="BatRig_Spine1-visibility-animation-output-array" count="20">

1.000000 1.000000 1.000000 1.000000 1.000000 1.000000 1.000000 1.000000 1.000000 1.000000 1.000000 1.000000 1.000000 1.000000 1.000000 1.000000
1.000000 1.000000 1.000000 1.000000</float_array><technique_common><accessor source="#BatRig_Spine1-visibility-animation-output-array" count="20"><param type="float"/></accessor></technique_common></source><source id="BatRig_Spine1-visibility-animation-intan"><float_array id="BatRig_Spine1-visibility-animation-intan-array" count="20">

0.000000 0.000000 0.000000 0.000000 0.000000 0.000000 0.000000 0.000000 0.000000 0.000000 0.000000 0.000000 0.000000 0.000000 0.000000 0.000000
0.000000 0.000000 0.000000 0.000000</float_array><technique_common><accessor source="#BatRig_Spine1-visibility-animation-intan-array" count="20"><param type="float"/></accessor></technique_common></source><source id="BatRig_Spine1-visibility-animation-outtan"><float_array id="BatRig_Spine1-visibility-animation-outtan-array" count="20">

0.000000 0.000000 0.000000 0.000000 0.000000 0.000000 0.000000 0.000000 0.000000 0.000000 0.000000 0.000000 0.000000 0.000000 0.000000 0.000000
0.000000 0.000000 0.000000 0.000000</float_array><technique_common><accessor source="#BatRig_Spine1-visibility-animation-outtan-array" count="20"><param type="float"/></accessor></technique_common></source><source id="BatRig_Spine1-visibility-animation-interpolation"><Name_array id="BatRig_Spine1-visibility-animation-interpolation-array" count="20">
 BEZIER BEZIER BEZIER BEZIER BEZIER BEZIER BEZIER BEZIER BEZIER BEZIER BEZIER
BEZIER BEZIER BEZIER BEZIER BEZIER BEZIER BEZIER BEZIER BEZIER</Name_array><technique_common><accessor source="#BatRig_Spine1-visibility-animation-interpolation-array" count="20"><param type="name"/></accessor></technique_common></source><sampler id="BatRig_Spine1-visibility-animation"><input semantic="INPUT" source="#BatRig_Spine1-visibility-animation-input"/><input semantic="OUTPUT" source="#BatRig_Spine1-visibility-animation-output"/><input semantic="IN_TANGENT" source="#BatRig_Spine1-visibility-animation-intan"/><input semantic="OUT_TANGENT" source="#BatRig_Spine1-visibility-animation-outtan"/><input semantic="INTERPOLATION" source="#BatRig_Spine1-visibility-animation-interpolation"/></sampler><channel source="#BatRig_Spine1-visibility-animation" target="BatRig_Spine1/visibility"/></animation></animation>
    <animation id="BatRig_Spine2-anim" name="BatRig_Spine2"><animation><source id="BatRig_Spine2-Matrix-animation-input"><float_array id="BatRig_Spine2-Matrix-animation-input-array" count="20">

0.000000 0.041667 0.083333 0.125000 0.166667 0.208333 0.250000 0.291667 0.333333 0.375000 0.416667 0.458333 0.500000 0.541667 0.583333 0.625000
0.666667 0.708333 0.750000 0.791667</float_array><technique_common><accessor source="#BatRig_Spine2-Matrix-animation-input-array" count="20"><param name="TIME" type="float"/></accessor></technique_common></source><source id="BatRig_Spine2-Matrix-animation-output-transform"><float_array id="BatRig_Spine2-Matrix-animation-output-transform-array" count="320">

0.993248 0.041037 -0.108508 0.000000 -0.053951 0.991440 -0.118899 11.776703 0.102700 0.123950 0.986960 0.000004 0.000000 0.000000 0.000000 1.000000
0.993248 0.041037 -0.108508 0.000000 -0.053951 0.991440 -0.118899 11.776703 0.102700 0.123950 0.986960 0.000004 0.000000 0.000000 0.000000 1.000000
0.992935 0.038435 -0.112259 0.000000 -0.051084 0.992387 -0.112066 11.776703 0.107097 0.117009 0.987339 0.000004 0.000000 0.000000 0.000000 1.000000
0.992847 0.035057 -0.114127 0.000000 -0.047544 0.992948 -0.108599 11.776703 0.109515 0.113248 0.987513 0.000004 0.000000 0.000000 0.000000 1.000000
0.993945 0.030711 -0.105503 0.000000 -0.042308 0.993086 -0.109503 11.776703 0.101411 0.113304 0.988371 0.000004 0.000000 0.000000 0.000000 1.000000
0.995816 0.025972 -0.087612 0.000000 -0.035650 0.993206 -0.110775 11.776703 0.084140 0.113435 0.989976 0.000004 0.000000 0.000000 0.000000 1.000000
0.998083 0.022188 -0.057768 -0.000000 -0.028573 0.993280 -0.112156 11.776703 0.054891 0.113592 0.992010 0.000004 0.000000 0.000000 0.000000 1.000000
0.999129 0.018631 -0.037343 0.000000 -0.022743 0.993345 -0.112906 11.776703 0.034991 0.113657 0.992904 0.000004 0.000000 0.000000 0.000000 1.000000
0.999002 0.016465 -0.041518 0.000000 -0.021064 0.993386 -0.112877 11.776703 0.039385 0.113639 0.992741 0.000004 0.000000 0.000000 0.000000 1.000000
0.998847 0.014646 -0.045720 0.000000 -0.019732 0.993416 -0.112850 11.776703 0.043766 0.113622 0.992560 0.000004 0.000000 0.000000 0.000000 1.000000
0.996926 0.021371 0.075374 0.000000 -0.012612 0.993305 -0.114828 11.776703 -0.077323 0.113524 0.990522 0.000004 0.000000 0.000000 0.000000 1.000000
0.998473 0.016030 0.052860 0.000000 -0.009905 0.993414 -0.114151 11.776703 -0.054342 0.113453 0.992056 0.000004 0.000000 0.000000 0.000000 1.000000
0.999946 0.008633 0.005719 0.000000 -0.007930 0.993540 -0.113206 11.776703 -0.006659 0.113155 0.993555 0.000004 0.000000 0.000000 0.000000 1.000000
0.999404 0.002132 -0.034448 0.000000 -0.006001 0.993623 -0.112592 11.776703 0.033988 0.112732 0.993044 0.000004 0.000000 0.000000 0.000000 1.000000
0.998971 -0.001690 -0.045332 0.000000 -0.003419 0.993657 -0.112399 11.776703 0.045234 0.112438 0.992629 0.000004 0.000000 0.000000 0.000000 1.000000
0.998467 -0.003962 -0.055210 0.000000 -0.002268 0.993669 -0.112323 11.776703 0.055305 0.112276 0.992137 0.000004 0.000000 0.000000 0.000000 1.000000
0.994300 -0.007474 -0.106356 0.000000 -0.004538 0.993669 -0.112251 11.776703 0.106522 0.112094 0.987972 0.000004 0.000000 0.000000 0.000000 1.000000
0.989567 -0.005947 -0.143950 0.000000 -0.010391 0.993600 -0.112481 11.776703 0.143698 0.112803 0.983172 0.000004 0.000000 0.000000 0.000000 1.000000
0.989309 0.011890 -0.145352 0.000000 -0.028462 0.993247 -0.112470 11.776703 0.143033 0.115404 0.982967 0.000004 0.000000 0.000000 0.000000 1.000000
0.993248 0.041037 -0.108508 0.000000 -0.053951 0.991440 -0.118899 11.776703 0.102700 0.123950 0.986960 0.000004 0.000000 0.000000 0.000000 1.000000</float_array><technique_common><accessor source="#BatRig_Spine2-Matrix-animation-output-transform-array" count="20" stride="16"><param type="float4x4"/></accessor></technique_common></source><source id="BatRig_Spine2-Interpolations"><Name_array id="BatRig_Spine2-Interpolations-array" count="20">
 LINEAR LINEAR LINEAR LINEAR LINEAR LINEAR LINEAR LINEAR LINEAR LINEAR LINEAR
LINEAR LINEAR LINEAR LINEAR LINEAR LINEAR LINEAR LINEAR LINEAR</Name_array><technique_common><accessor source="#BatRig_Spine2-Interpolations-array" count="20"><param type="name"/></accessor></technique_common></source><sampler id="BatRig_Spine2-Matrix-animation-transform"><input semantic="INPUT" source="#BatRig_Spine2-Matrix-animation-input"/><input semantic="OUTPUT" source="#BatRig_Spine2-Matrix-animation-output-transform"/><input semantic="INTERPOLATION" source="#BatRig_Spine2-Interpolations"/></sampler><channel source="#BatRig_Spine2-Matrix-animation-transform" target="BatRig_Spine2/matrix"/></animation><animation><source id="BatRig_Spine2-visibility-animation-input"><float_array id="BatRig_Spine2-visibility-animation-input-array" count="20">

0.000000 0.041667 0.083333 0.125000 0.166667 0.208333 0.250000 0.291667 0.333333 0.375000 0.416667 0.458333 0.500000 0.541667 0.583333 0.625000
0.666667 0.708333 0.750000 0.791667</float_array><technique_common><accessor source="#BatRig_Spine2-visibility-animation-input-array" count="20"><param name="TIME" type="float"/></accessor></technique_common></source><source id="BatRig_Spine2-visibility-animation-output"><float_array id="BatRig_Spine2-visibility-animation-output-array" count="20">

1.000000 1.000000 1.000000 1.000000 1.000000 1.000000 1.000000 1.000000 1.000000 1.000000 1.000000 1.000000 1.000000 1.000000 1.000000 1.000000
1.000000 1.000000 1.000000 1.000000</float_array><technique_common><accessor source="#BatRig_Spine2-visibility-animation-output-array" count="20"><param type="float"/></accessor></technique_common></source><source id="BatRig_Spine2-visibility-animation-intan"><float_array id="BatRig_Spine2-visibility-animation-intan-array" count="20">

0.000000 0.000000 0.000000 0.000000 0.000000 0.000000 0.000000 0.000000 0.000000 0.000000 0.000000 0.000000 0.000000 0.000000 0.000000 0.000000
0.000000 0.000000 0.000000 0.000000</float_array><technique_common><accessor source="#BatRig_Spine2-visibility-animation-intan-array" count="20"><param type="float"/></accessor></technique_common></source><source id="BatRig_Spine2-visibility-animation-outtan"><float_array id="BatRig_Spine2-visibility-animation-outtan-array" count="20">

0.000000 0.000000 0.000000 0.000000 0.000000 0.000000 0.000000 0.000000 0.000000 0.000000 0.000000 0.000000 0.000000 0.000000 0.000000 0.000000
0.000000 0.000000 0.000000 0.000000</float_array><technique_common><accessor source="#BatRig_Spine2-visibility-animation-outtan-array" count="20"><param type="float"/></accessor></technique_common></source><source id="BatRig_Spine2-visibility-animation-interpolation"><Name_array id="BatRig_Spine2-visibility-animation-interpolation-array" count="20">
 BEZIER BEZIER BEZIER BEZIER BEZIER BEZIER BEZIER BEZIER BEZIER BEZIER BEZIER
BEZIER BEZIER BEZIER BEZIER BEZIER BEZIER BEZIER BEZIER BEZIER</Name_array><technique_common><accessor source="#BatRig_Spine2-visibility-animation-interpolation-array" count="20"><param type="name"/></accessor></technique_common></source><sampler id="BatRig_Spine2-visibility-animation"><input semantic="INPUT" source="#BatRig_Spine2-visibility-animation-input"/><input semantic="OUTPUT" source="#BatRig_Spine2-visibility-animation-output"/><input semantic="IN_TANGENT" source="#BatRig_Spine2-visibility-animation-intan"/><input semantic="OUT_TANGENT" source="#BatRig_Spine2-visibility-animation-outtan"/><input semantic="INTERPOLATION" source="#BatRig_Spine2-visibility-animation-interpolation"/></sampler><channel source="#BatRig_Spine2-visibility-animation" target="BatRig_Spine2/visibility"/></animation></animation>
    <animation id="BatRig_Spine3-anim" name="BatRig_Spine3"><animation><source id="BatRig_Spine3-Matrix-animation-input"><float_array id="BatRig_Spine3-Matrix-animation-input-array" count="20">

0.000000 0.041667 0.083333 0.125000 0.166667 0.208333 0.250000 0.291667 0.333333 0.375000 0.416667 0.458333 0.500000 0.541667 0.583333 0.625000
0.666667 0.708333 0.750000 0.791667</float_array><technique_common><accessor source="#BatRig_Spine3-Matrix-animation-input-array" count="20"><param name="TIME" type="float"/></accessor></technique_common></source><source id="BatRig_Spine3-Matrix-animation-output-transform"><float_array id="BatRig_Spine3-Matrix-animation-output-transform-array" count="320">

0.998420 0.010496 -0.055195 0.000001 -0.015266 0.996116 -0.086714 13.030716 0.054070 0.087420 0.994703 -1.061704 0.000000 0.000000 0.000000 1.000000
0.998420 0.010496 -0.055195 0.000001 -0.015266 0.996116 -0.086714 13.030716 0.054070 0.087420 0.994703 -1.061704 0.000000 0.000000 0.000000 1.000000
0.999174 0.010912 -0.039135 0.000001 -0.013837 0.997067 -0.075271 13.030716 0.038199 0.075750 0.996395 -1.061704 0.000000 0.000000 0.000000 1.000000
