<?xml version="1.0" encoding="utf-8"?>
<COLLADA xmlns="http://www.collada.org/2005/11/COLLADASchema" version="1.4.1">
  <asset><contributor><author></author><authoring_tool>FBX COLLADA exporter</authoring_tool><comments></comments></contributor><created>2017-08-30T19:52:10Z</created><keywords></keywords><modified>2017-08-30T19:52:10Z</modified><revision></revision><subject></subject><title></title><unit meter="0.010000" name="centimeter"></unit><up_axis>Y_UP</up_axis></asset>
  <library_animations>
    <animation id="BatRig_Reference-anim" name="BatRig_Reference"><animation><source id="BatRig_Reference-Matrix-animation-input"><float_array id="BatRig_Reference-Matrix-animation-input-array" count="19">

0.000000 0.041667 0.083333 0.125000 0.166667 0.208333 0.250000 0.291667 0.333333 0.375000 0.416667 0.458333 0.500000 0.541667 0.583333 0.625000
0.666667 0.708333 0.750000</float_array><technique_common><accessor source="#BatRig_Reference-Matrix-animation-input-array" count="19"><param name="TIME" type="float"/></accessor></technique_common></source><source id="BatRig_Reference-Matrix-animation-output-transform"><float_array id="BatRig_Reference-Matrix-animation-output-transform-array" count="304">

0.999862 0.000000 0.016588 2.640680 0.000000 1.000000 0.000000 0.000000 -0.016588 0.000000 0.999862 22.675278 0.000000 0.000000 0.000000 1.000000
0.999862 0.000000 0.016588 2.640680 0.000000 1.000000 0.000000 0.000000 -0.016588 0.000000 0.999862 22.675278 0.000000 0.000000 0.000000 1.000000
0.997948 0.000000 0.064027 5.439857 0.000000 1.000000 0.000000 0.000000 -0.064027 0.000000 0.997948 43.856754 0.000000 0.000000 0.000000 1.000000
0.990354 0.000000 0.138562 8.655120 0.000000 1.000000 0.000000 0.000000 -0.138562 0.000000 0.990354 58.952789 0.000000 0.000000 0.000000 1.000000
0.971818 0.000000 0.235733 10.935372 0.000000 1.000000 0.000000 0.000000 -0.235733 0.000000 0.971818 65.526505 0.000000 0.000000 0.000000 1.000000
0.936762 0.000000 0.349968 14.705484 0.000000 1.000000 0.000000 0.000000 -0.349968 0.000000 0.936762 73.939117 0.000000 0.000000 0.000000 1.000000
0.880322 0.000000 0.474377 32.835419 0.000000 1.000000 0.000000 0.000000 -0.474377 0.000000 0.880322 96.740723 0.000000 0.000000 0.000000 1.000000
0.799278 0.000000 0.600962 54.652245 0.000000 1.000000 0.000000 0.000000 -0.600962 0.000000 0.799278 114.221382 0.000000 0.000000 0.000000 1.000000
0.692782 0.000000 0.721147 66.590698 0.000000 1.000000 0.000000 0.000000 -0.721147 0.000000 0.692782 116.727097 0.000000 0.000000 0.000000 1.000000
0.562768 0.000000 0.826615 72.310844 0.000000 1.000000 0.000000 0.000000 -0.826615 0.000000 0.562768 123.799873 0.000000 0.000000 0.000000 1.000000
0.413858 0.000000 0.910341 78.353813 0.000000 1.000000 0.000000 0.000000 -0.910341 0.000000 0.413858 132.434677 0.000000 0.000000 0.000000 1.000000
0.252863 0.000000 0.967502 91.382744 0.000000 1.000000 0.000000 0.000000 -0.967502 0.000000 0.252863 143.324142 0.000000 0.000000 0.000000 1.000000
0.087915 0.000000 0.996128 107.552162 0.000000 1.000000 0.000000 0.000000 -0.996128 0.000000 0.087915 152.509720 0.000000 0.000000 0.000000 1.000000
-0.072652 0.000000 0.997357 119.422874 0.000000 1.000000 0.000000 0.000000 -0.997357 0.000000 -0.072652 157.832504 0.000000 0.000000 0.000000 1.000000
-0.221324 0.000000 0.975200 122.932678 0.000000 1.000000 0.000000 0.000000 -0.975200 0.000000 -0.221324 159.119995 0.000000 0.000000 0.000000 1.000000
-0.352172 0.000000 0.935935 127.305481 0.000000 1.000000 0.000000 0.000000 -0.935935 0.000000 -0.352172 158.224991 0.000000 0.000000 0.000000 1.000000
-0.461291 0.000000 0.887249 152.295715 0.000000 1.000000 0.000000 0.000000 -0.887249 0.000000 -0.461291 148.909073 0.000000 0.000000 0.000000 1.000000
-0.546700 0.000000 0.837329 168.496155 0.000000 1.000000 0.000000 0.000000 -0.837329 0.000000 -0.546700 136.041534 0.000000 0.000000 0.000000 1.000000
-0.607855 0.000000 0.794048 168.267563 0.000000 1.000000 0.000000 0.000000 -0.794048 0.000000 -0.607855 131.372086 0.000000 0.000000 0.000000 1.000000</float_array><technique_common><accessor source="#BatRig_Reference-Matrix-animation-output-transform-array" count="19" stride="16"><param type="float4x4"/></accessor></technique_common></source><source id="BatRig_Reference-Interpolations"><Name_array id="BatRig_Reference-Interpolations-array" count="19">
 LINEAR LINEAR LINEAR LINEAR LINEAR LINEAR LINEAR LINEAR LINEAR LINEAR LINEAR
LINEAR LINEAR LINEAR LINEAR LINEAR LINEAR LINEAR LINEAR</Name_array><technique_common><accessor source="#BatRig_Reference-Interpolations-array" count="19"><param type="name"/></accessor></technique_common></source><sampler id="BatRig_Reference-Matrix-animation-transform"><input semantic="INPUT" source="#BatRig_Reference-Matrix-animation-input"/><input semantic="OUTPUT" source="#BatRig_Reference-Matrix-animation-output-transform"/><input semantic="INTERPOLATION" source="#BatRig_Reference-Interpolations"/></sampler><channel source="#BatRig_Reference-Matrix-animation-transform" target="BatRig_Reference/matrix"/></animation><animation><source id="BatRig_Reference-visibility-animation-input"><float_array id="BatRig_Reference-visibility-animation-input-array" count="19">

0.000000 0.041667 0.083333 0.125000 0.166667 0.208333 0.250000 0.291667 0.333333 0.375000 0.416667 0.458333 0.500000 0.541667 0.583333 0.625000
0.666667 0.708333 0.750000</float_array><technique_common><accessor source="#BatRig_Reference-visibility-animation-input-array" count="19"><param name="TIME" type="float"/></accessor></technique_common></source><source id="BatRig_Reference-visibility-animation-output"><float_array id="BatRig_Reference-visibility-animation-output-array" count="19">

1.000000 1.000000 1.000000 1.000000 1.000000 1.000000 1.000000 1.000000 1.000000 1.000000 1.000000 1.000000 1.000000 1.000000 1.000000 1.000000
1.000000 1.000000 1.000000</float_array><technique_common><accessor source="#BatRig_Reference-visibility-animation-output-array" count="19"><param type="float"/></accessor></technique_common></source><source id="BatRig_Reference-visibility-animation-intan"><float_array id="BatRig_Reference-visibility-animation-intan-array" count="19">

0.000000 0.000000 0.000000 0.000000 0.000000 0.000000 0.000000 0.000000 0.000000 0.000000 0.000000 0.000000 0.000000 0.000000 0.000000 0.000000
0.000000 0.000000 0.000000</float_array><technique_common><accessor source="#BatRig_Reference-visibility-animation-intan-array" count="19"><param type="float"/></accessor></technique_common></source><source id="BatRig_Reference-visibility-animation-outtan"><float_array id="BatRig_Reference-visibility-animation-outtan-array" count="19">

0.000000 0.000000 0.000000 0.000000 0.000000 0.000000 0.000000 0.000000 0.000000 0.000000 0.000000 0.000000 0.000000 0.000000 0.000000 0.000000
0.000000 0.000000 0.000000</float_array><technique_common><accessor source="#BatRig_Reference-visibility-animation-outtan-array" count="19"><param type="float"/></accessor></technique_common></source><source id="BatRig_Reference-visibility-animation-interpolation"><Name_array id="BatRig_Reference-visibility-animation-interpolation-array" count="19">
 STEP STEP STEP STEP STEP STEP STEP STEP STEP STEP STEP STEP STEP STEP STEP STEP STEP
STEP STEP</Name_array><technique_common><accessor source="#BatRig_Reference-visibility-animation-interpolation-array" count="19"><param type="name"/></accessor></technique_common></source><sampler id="BatRig_Reference-visibility-animation"><input semantic="INPUT" source="#BatRig_Reference-visibility-animation-input"/><input semantic="OUTPUT" source="#BatRig_Reference-visibility-animation-output"/><input semantic="IN_TANGENT" source="#BatRig_Reference-visibility-animation-intan"/><input semantic="OUT_TANGENT" source="#BatRig_Reference-visibility-animation-outtan"/><input semantic="INTERPOLATION" source="#BatRig_Reference-visibility-animation-interpolation"/></sampler><channel source="#BatRig_Reference-visibility-animation" target="BatRig_Reference/visibility"/></animation></animation>
    <animation id="BatRig_Hips-anim" name="BatRig_Hips"><animation><source id="BatRig_Hips-Matrix-animation-input"><float_array id="BatRig_Hips-Matrix-animation-input-array" count="19">

0.000000 0.041667 0.083333 0.125000 0.166667 0.208333 0.250000 0.291667 0.333333 0.375000 0.416667 0.458333 0.500000 0.541667 0.583333 0.625000
0.666667 0.708333 0.750000</float_array><technique_common><accessor source="#BatRig_Hips-Matrix-animation-input-array" count="19"><param name="TIME" type="float"/></accessor></technique_common></source><source id="BatRig_Hips-Matrix-animation-output-transform"><float_array id="BatRig_Hips-Matrix-animation-output-transform-array" count="304">

0.948099 0.062187 0.311836 0.000000 0.047076 0.942431 -0.331071 76.422714 -0.314472 0.328568 0.890590 0.000000 0.000000 0.000000 0.000000 1.000000
0.948099 0.062187 0.311836 0.000000 0.047076 0.942431 -0.331071 76.422714 -0.314472 0.328568 0.890590 0.000000 0.000000 0.000000 0.000000 1.000000
0.947017 0.081239 0.310739 0.000000 0.032632 0.938139 -0.344717 74.091385 -0.319521 0.336593 0.885783 0.000000 0.000000 0.000000 0.000000 1.000000
0.941937 0.087102 0.324297 0.000000 0.029597 0.940477 -0.338565 72.901978 -0.334484 0.328505 0.883292 0.000000 0.000000 0.000000 0.000000 1.000000
0.945529 0.100877 0.309515 0.000000 0.006605 0.944636 -0.328053 78.748909 -0.325472 0.312228 0.892514 0.000000 0.000000 0.000000 0.000000 1.000000
0.954388 0.110901 0.277210 0.000000 -0.017678 0.947818 -0.318323 84.593987 -0.298047 0.298903 0.906546 0.000000 0.000000 0.000000 0.000000 1.000000
0.965886 0.113572 0.232737 0.000000 -0.033111 0.945489 -0.323967 83.437157 -0.256844 0.305209 0.916994 0.000000 0.000000 0.000000 0.000000 1.000000
0.978812 0.108749 0.173497 0.000000 -0.047500 0.944789 -0.324220 81.472054 -0.199176 0.309109 0.929936 0.000000 0.000000 0.000000 0.000000 1.000000
0.985966 0.107851 0.127434 0.000000 -0.061543 0.944368 -0.323082 84.040527 -0.155189 0.310705 0.937752 0.000000 0.000000 0.000000 0.000000 1.000000
0.991400 0.107059 0.075257 0.000000 -0.077480 0.943654 -0.321735 86.320938 -0.105461 0.313137 0.943834 0.000000 0.000000 0.000000 0.000000 1.000000
0.993641 0.112590 -0.001117 0.000000 -0.107029 0.941392 -0.319885 76.693504 -0.034964 0.317970 0.947456 0.000000 0.000000 0.000000 0.000000 1.000000
0.995108 0.098626 -0.005728 0.000000 -0.095191 0.941714 -0.322665 74.973694 -0.026429 0.321632 0.946496 0.000000 0.000000 0.000000 0.000000 1.000000
0.996393 0.083734 0.013788 0.000000 -0.074702 0.942541 -0.325632 73.673149 -0.040262 0.323427 0.945396 0.000000 0.000000 0.000000 0.000000 1.000000
0.997202 0.071282 0.022537 0.000000 -0.060030 0.943152 -0.326897 73.158493 -0.044558 0.324629 0.944791 0.000000 0.000000 0.000000 0.000000 1.000000
0.997791 0.066244 0.005021 0.000000 -0.060976 0.943195 -0.326597 80.080444 -0.026371 0.325569 0.945150 0.000000 0.000000 0.000000 0.000000 1.000000
0.997800 0.063440 -0.019235 0.000000 -0.066241 0.942835 -0.326610 84.232918 -0.002585 0.327166 0.944963 0.000000 0.000000 0.000000 0.000000 1.000000
0.998573 0.049842 -0.019200 0.000000 -0.053391 0.941648 -0.332337 83.293343 0.001515 0.332888 0.942965 0.000000 0.000000 0.000000 0.000000 1.000000
0.999872 0.015626 0.003410 0.000000 -0.013597 0.942746 -0.333234 82.355736 -0.008422 0.333145 0.942838 0.000000 0.000000 0.000000 0.000000 1.000000
0.996470 0.002216 0.083916 0.000000 0.025310 0.945200 -0.325509 85.166840 -0.080039 0.326484 0.941808 0.000000 0.000000 0.000000 0.000000 1.000000</float_array><technique_common><accessor source="#BatRig_Hips-Matrix-animation-output-transform-array" count="19" stride="16"><param type="float4x4"/></accessor></technique_common></source><source id="BatRig_Hips-Interpolations"><Name_array id="BatRig_Hips-Interpolations-array" count="19">
 LINEAR LINEAR LINEAR LINEAR LINEAR LINEAR LINEAR LINEAR LINEAR LINEAR LINEAR
LINEAR LINEAR LINEAR LINEAR LINEAR LINEAR LINEAR LINEAR</Name_array><technique_common><accessor source="#BatRig_Hips-Interpolations-array" count="19"><param type="name"/></accessor></technique_common></source><sampler id="BatRig_Hips-Matrix-animation-transform"><input semantic="INPUT" source="#BatRig_Hips-Matrix-animation-input"/><input semantic="OUTPUT" source="#BatRig_Hips-Matrix-animation-output-transform"/><input semantic="INTERPOLATION" source="#BatRig_Hips-Interpolations"/></sampler><channel source="#BatRig_Hips-Matrix-animation-transform" target="BatRig_Hips/matrix"/></animation><animation><source id="BatRig_Hips-visibility-animation-input"><float_array id="BatRig_Hips-visibility-animation-input-array" count="19">

0.000000 0.041667 0.083333 0.125000 0.166667 0.208333 0.250000 0.291667 0.333333 0.375000 0.416667 0.458333 0.500000 0.541667 0.583333 0.625000
0.666667 0.708333 0.750000</float_array><technique_common><accessor source="#BatRig_Hips-visibility-animation-input-array" count="19"><param name="TIME" type="float"/></accessor></technique_common></source><source id="BatRig_Hips-visibility-animation-output"><float_array id="BatRig_Hips-visibility-animation-output-array" count="19">

1.000000 1.000000 1.000000 1.000000 1.000000 1.000000 1.000000 1.000000 1.000000 1.000000 1.000000 1.000000 1.000000 1.000000 1.000000 1.000000
1.000000 1.000000 1.000000</float_array><technique_common><accessor source="#BatRig_Hips-visibility-animation-output-array" count="19"><param type="float"/></accessor></technique_common></source><source id="BatRig_Hips-visibility-animation-intan"><float_array id="BatRig_Hips-visibility-animation-intan-array" count="19">

0.000000 0.000000 0.000000 0.000000 0.000000 0.000000 0.000000 0.000000 0.000000 0.000000 0.000000 0.000000 0.000000 0.000000 0.000000 0.000000
0.000000 0.000000 0.000000</float_array><technique_common><accessor source="#BatRig_Hips-visibility-animation-intan-array" count="19"><param type="float"/></accessor></technique_common></source><source id="BatRig_Hips-visibility-animation-outtan"><float_array id="BatRig_Hips-visibility-animation-outtan-array" count="19">

0.000000 0.000000 0.000000 0.000000 0.000000 0.000000 0.000000 0.000000 0.000000 0.000000 0.000000 0.000000 0.000000 0.000000 0.000000 0.000000
0.000000 0.000000 0.000000</float_array><technique_common><accessor source="#BatRig_Hips-visibility-animation-outtan-array" count="19"><param type="float"/></accessor></technique_common></source><source id="BatRig_Hips-visibility-animation-interpolation"><Name_array id="BatRig_Hips-visibility-animation-interpolation-array" count="19">
 STEP STEP STEP STEP STEP STEP STEP STEP STEP STEP STEP STEP STEP STEP STEP STEP STEP
STEP STEP</Name_array><technique_common><accessor source="#BatRig_Hips-visibility-animation-interpolation-array" count="19"><param type="name"/></accessor></technique_common></source><sampler id="BatRig_Hips-visibility-animation"><input semantic="INPUT" source="#BatRig_Hips-visibility-animation-input"/><input semantic="OUTPUT" source="#BatRig_Hips-visibility-animation-output"/><input semantic="IN_TANGENT" source="#BatRig_Hips-visibility-animation-intan"/><input semantic="OUT_TANGENT" source="#BatRig_Hips-visibility-animation-outtan"/><input semantic="INTERPOLATION" source="#BatRig_Hips-visibility-animation-interpolation"/></sampler><channel source="#BatRig_Hips-visibility-animation" target="BatRig_Hips/visibility"/></animation></animation>
    <animation id="BatRig_Spine-anim" name="BatRig_Spine"><animation><source id="BatRig_Spine-Matrix-animation-input"><float_array id="BatRig_Spine-Matrix-animation-input-array" count="19">

0.000000 0.041667 0.083333 0.125000 0.166667 0.208333 0.250000 0.291667 0.333333 0.375000 0.416667 0.458333 0.500000 0.541667 0.583333 0.625000
0.666667 0.708333 0.750000</float_array><technique_common><accessor source="#BatRig_Spine-Matrix-animation-input-array" count="19"><param name="TIME" type="float"/></accessor></technique_common></source><source id="BatRig_Spine-Matrix-animation-output-transform"><float_array id="BatRig_Spine-Matrix-animation-output-transform-array" count="304">

0.981705 -0.009275 -0.190184 -0.000001 0.004636 0.999681 -0.024823 3.725677 0.190354 0.023487 0.981435 0.000001 0.000000 0.000000 0.000000 1.000000
0.981705 -0.009275 -0.190184 -0.000001 0.004636 0.999681 -0.024823 3.725677 0.190354 0.023487 0.981435 0.000001 0.000000 0.000000 0.000000 1.000000
0.982430 -0.006888 -0.186506 -0.000001 0.003172 0.999791 -0.020215 3.725677 0.186606 0.019268 0.982246 0.000001 0.000000 0.000000 0.000000 1.000000
0.982923 -0.006336 -0.183906 -0.000001 0.003982 0.999905 -0.013165 3.725677 0.183972 0.012208 0.982856 0.000001 0.000000 0.000000 0.000000 1.000000
0.984072 -0.005976 -0.177672 -0.000001 0.004701 0.999960 -0.007595 3.725677 0.177710 0.006639 0.984061 0.000001 0.000000 0.000000 0.000000 1.000000
0.985533 -0.004831 -0.169417 -0.000001 0.004139 0.999982 -0.004435 3.725677 0.169435 0.003670 0.985535 0.000001 0.000000 0.000000 0.000000 1.000000
0.987929 0.007997 -0.154698 -0.000001 -0.008738 0.999953 -0.004112 3.725677 0.154658 0.005414 0.987953 0.000001 0.000000 0.000000 0.000000 1.000000
0.989496 0.022233 -0.142842 -0.000001 -0.022776 0.999738 -0.002164 3.725677 0.142757 0.005395 0.989743 0.000001 0.000000 0.000000 0.000000 1.000000
0.989616 0.020044 -0.142329 -0.000001 -0.020591 0.999785 -0.002368 3.725677 0.142251 0.005274 0.989817 0.000001 0.000000 0.000000 0.000000 1.000000
0.989769 0.014276 -0.141965 -0.000001 -0.014775 0.999888 -0.002463 3.725677 0.141914 0.004535 0.989869 0.000001 0.000000 0.000000 0.000000 1.000000
0.990197 0.000754 -0.139675 -0.000001 -0.000796 1.000000 -0.000247 3.725677 0.139675 0.000356 0.990197 0.000001 0.000000 0.000000 0.000000 1.000000
0.989991 0.001935 -0.141118 -0.000001 -0.002092 0.999997 -0.000963 3.725677 0.141116 0.001249 0.989992 0.000001 0.000000 0.000000 0.000000 1.000000
0.989552 0.004127 -0.144119 -0.000001 -0.004503 0.999987 -0.002281 3.725677 0.144108 0.002906 0.989558 0.000001 0.000000 0.000000 0.000000 1.000000
0.989171 0.005307 -0.146674 -0.000001 -0.005807 0.999979 -0.002979 3.725677 0.146655 0.003798 0.989180 0.000001 0.000000 0.000000 0.000000 1.000000
0.989098 0.000343 -0.147257 -0.000001 -0.000748 0.999996 -0.002697 3.725677 0.147255 0.002778 0.989095 0.000001 0.000000 0.000000 0.000000 1.000000
0.988977 -0.004622 -0.147999 -0.000001 0.004311 0.999988 -0.002424 3.725677 0.148009 0.001759 0.988984 0.000001 0.000000 0.000000 0.000000 1.000000
0.988039 0.001546 -0.154197 -0.000001 -0.002054 0.999993 -0.003138 3.725677 0.154191 0.003417 0.988035 0.000001 0.000000 0.000000 0.000000 1.000000
0.986370 0.001560 -0.164535 -0.000001 -0.002510 0.999981 -0.005566 3.725677 0.164523 0.005903 0.986356 0.000001 0.000000 0.000000 0.000000 1.000000
0.985540 -0.011249 -0.169068 -0.000001 0.008049 0.999775 -0.019601 3.725677 0.169250 0.017957 0.985410 0.000001 0.000000 0.000000 0.000000 1.000000</float_array><technique_common><accessor source="#BatRig_Spine-Matrix-animation-output-transform-array" count="19" stride="16"><param type="float4x4"/></accessor></technique_common></source><source id="BatRig_Spine-Interpolations"><Name_array id="BatRig_Spine-Interpolations-array" count="19">
 LINEAR LINEAR LINEAR LINEAR LINEAR LINEAR LINEAR LINEAR LINEAR LINEAR LINEAR
LINEAR LINEAR LINEAR LINEAR LINEAR LINEAR LINEAR LINEAR</Name_array><technique_common><accessor source="#BatRig_Spine-Interpolations-array" count="19"><param type="name"/></accessor></technique_common></source><sampler id="BatRig_Spine-Matrix-animation-transform"><input semantic="INPUT" source="#BatRig_Spine-Matrix-animation-input"/><input semantic="OUTPUT" source="#BatRig_Spine-Matrix-animation-output-transform"/><input semantic="INTERPOLATION" source="#BatRig_Spine-Interpolations"/></sampler><channel source="#BatRig_Spine-Matrix-animation-transform" target="BatRig_Spine/matrix"/></animation><animation><source id="BatRig_Spine-visibility-animation-input"><float_array id="BatRig_Spine-visibility-animation-input-array" count="19">

0.000000 0.041667 0.083333 0.125000 0.166667 0.208333 0.250000 0.291667 0.333333 0.375000 0.416667 0.458333 0.500000 0.541667 0.583333 0.625000
0.666667 0.708333 0.750000</float_array><technique_common><accessor source="#BatRig_Spine-visibility-animation-input-array" count="19"><param name="TIME" type="float"/></accessor></technique_common></source><source id="BatRig_Spine-visibility-animation-output"><float_array id="BatRig_Spine-visibility-animation-output-array" count="19">

1.000000 1.000000 1.000000 1.000000 1.000000 1.000000 1.000000 1.000000 1.000000 1.000000 1.000000 1.000000 1.000000 1.000000 1.000000 1.000000
1.000000 1.000000 1.000000</float_array><technique_common><accessor source="#BatRig_Spine-visibility-animation-output-array" count="19"><param type="float"/></accessor></technique_common></source><source id="BatRig_Spine-visibility-animation-intan"><float_array id="BatRig_Spine-visibility-animation-intan-array" count="19">

0.000000 0.000000 0.000000 0.000000 0.000000 0.000000 0.000000 0.000000 0.000000 0.000000 0.000000 0.000000 0.000000 0.000000 0.000000 0.000000
0.000000 0.000000 0.000000</float_array><technique_common><accessor source="#BatRig_Spine-visibility-animation-intan-array" count="19"><param type="float"/></accessor></technique_common></source><source id="BatRig_Spine-visibility-animation-outtan"><float_array id="BatRig_Spine-visibility-animation-outtan-array" count="19">

0.000000 0.000000 0.000000 0.000000 0.000000 0.000000 0.000000 0.000000 0.000000 0.000000 0.000000 0.000000 0.000000 0.000000 0.000000 0.000000
0.000000 0.000000 0.000000</float_array><technique_common><accessor source="#BatRig_Spine-visibility-animation-outtan-array" count="19"><param type="float"/></accessor></technique_common></source><source id="BatRig_Spine-visibility-animation-interpolation"><Name_array id="BatRig_Spine-visibility-animation-interpolation-array" count="19">
 STEP STEP STEP STEP STEP STEP STEP STEP STEP STEP STEP STEP STEP STEP STEP STEP STEP
STEP STEP</Name_array><technique_common><accessor source="#BatRig_Spine-visibility-animation-interpolation-array" count="19"><param type="name"/></accessor></technique_common></source><sampler id="BatRig_Spine-visibility-animation"><input semantic="INPUT" source="#BatRig_Spine-visibility-animation-input"/><input semantic="OUTPUT" source="#BatRig_Spine-visibility-animation-output"/><input semantic="IN_TANGENT" source="#BatRig_Spine-visibility-animation-intan"/><input semantic="OUT_TANGENT" source="#BatRig_Spine-visibility-animation-outtan"/><input semantic="INTERPOLATION" source="#BatRig_Spine-visibility-animation-interpolation"/></sampler><channel source="#BatRig_Spine-visibility-animation" target="BatRig_Spine/visibility"/></animation></animation>
    <animation id="BatRig_Spine1-anim" name="BatRig_Spine1"><animation><source id="BatRig_Spine1-Matrix-animation-input"><float_array id="BatRig_Spine1-Matrix-animation-input-array" count="19">

0.000000 0.041667 0.083333 0.125000 0.166667 0.208333 0.250000 0.291667 0.333333 0.375000 0.416667 0.458333 0.500000 0.541667 0.583333 0.625000
0.666667 0.708333 0.750000</float_array><technique_common><accessor source="#BatRig_Spine1-Matrix-animation-input-array" count="19"><param name="TIME" type="float"/></accessor></technique_common></source><source id="BatRig_Spine1-Matrix-animation-output-transform"><float_array id="BatRig_Spine1-Matrix-animation-output-transform-array" count="304">

0.978197 0.203929 0.039289 0.000002 -0.192645 0.961668 -0.195148 10.999832 -0.077579 0.183325 0.979986 -0.000003 0.000000 0.000000 0.000000 1.000000
0.978197 0.203929 0.039289 0.000002 -0.192645 0.961668 -0.195148 10.999832 -0.077579 0.183325 0.979986 -0.000003 0.000000 0.000000 0.000000 1.000000
0.979055 0.198088 0.047043 0.000002 -0.185661 0.963470 -0.193016 10.999832 -0.083559 0.180239 0.980067 -0.000003 0.000000 0.000000 0.000000 1.000000
0.985530 0.162561 0.048002 0.000002 -0.151994 0.972909 -0.174201 10.999832 -0.075020 0.164384 0.983539 -0.000003 0.000000 0.000000 0.000000 1.000000
0.988974 0.136431 0.057589 0.000002 -0.126530 0.980547 -0.150061 10.999832 -0.076942 0.141120 0.986998 -0.000003 0.000000 0.000000 0.000000 1.000000
0.990470 0.114481 0.076573 0.000002 -0.103369 0.985300 -0.136009 10.999832 -0.091018 0.126798 0.987744 -0.000003 0.000000 0.000000 0.000000 1.000000
0.988373 0.104242 0.110687 0.000002 -0.087141 0.984922 -0.149451 10.999832 -0.124597 0.138068 0.982554 -0.000003 0.000000 0.000000 0.000000 1.000000
0.986665 0.099853 0.128534 0.000002 -0.080601 0.985827 -0.147133 10.999832 -0.141404 0.134811 0.980730 -0.000003 0.000000 0.000000 0.000000 1.000000
0.985738 0.100103 0.135278 0.000002 -0.080191 0.986121 -0.145377 10.999832 -0.147953 0.132456 0.980084 -0.000003 0.000000 0.000000 0.000000 1.000000
0.984796 0.100353 0.141793 0.000002 -0.079868 0.986432 -0.143430 10.999832 -0.154263 0.129925 0.979450 -0.000003 0.000000 0.000000 0.000000 1.000000
0.983441 0.088126 0.158361 0.000002 -0.066249 0.988147 -0.138477 10.999832 -0.168687 0.125693 0.977623 -0.000003 0.000000 0.000000 0.000000 1.000000
0.986183 0.084040 0.142760 0.000002 -0.063693 0.987879 -0.141557 10.999832 -0.152926 0.130508 0.979582 -0.000003 0.000000 0.000000 0.000000 1.000000
0.990169 0.081585 0.113615 0.000002 -0.064301 0.986856 -0.148256 10.999832 -0.124217 0.139493 0.982401 -0.000003 0.000000 0.000000 0.000000 1.000000
0.991916 0.080766 0.097870 0.000002 -0.065277 0.986183 -0.152254 10.999832 -0.108815 0.144634 0.983484 -0.000003 0.000000 0.000000 0.000000 1.000000
0.991708 0.081125 0.099668 0.000002 -0.065333 0.986128 -0.152591 10.999832 -0.110664 0.144814 0.983251 -0.000003 0.000000 0.000000 0.000000 1.000000
0.991319 0.083642 0.101446 0.000002 -0.067512 0.985895 -0.153146 10.999832 -0.112825 0.144968 0.982983 -0.000003 0.000000 0.000000 0.000000 1.000000
0.988437 0.121051 0.091315 0.000002 -0.105219 0.981201 -0.161780 10.999832 -0.109182 0.150301 0.982593 -0.000003 0.000000 0.000000 0.000000 1.000000
0.992227 0.104637 0.067353 0.000002 -0.092316 0.981888 -0.165448 10.999832 -0.083445 0.157944 0.983916 -0.000003 0.000000 0.000000 0.000000 1.000000
0.991447 0.114052 0.063438 0.000002 -0.102622 0.981611 -0.160959 10.999832 -0.080629 0.153072 0.984920 -0.000003 0.000000 0.000000 0.000000 1.000000</float_array><technique_common><accessor source="#BatRig_Spine1-Matrix-animation-output-transform-array" count="19" stride="16"><param type="float4x4"/></accessor></technique_common></source><source id="BatRig_Spine1-Interpolations"><Name_array id="BatRig_Spine1-Interpolations-array" count="19">
 LINEAR LINEAR LINEAR LINEAR LINEAR LINEAR LINEAR LINEAR LINEAR LINEAR LINEAR
LINEAR LINEAR LINEAR LINEAR LINEAR LINEAR LINEAR LINEAR</Name_array><technique_common><accessor source="#BatRig_Spine1-Interpolations-array" count="19"><param type="name"/></accessor></technique_common></source><sampler id="BatRig_Spine1-Matrix-animation-transform"><input semantic="INPUT" source="#BatRig_Spine1-Matrix-animation-input"/><input semantic="OUTPUT" source="#BatRig_Spine1-Matrix-animation-output-transform"/><input semantic="INTERPOLATION" source="#BatRig_Spine1-Interpolations"/></sampler><channel source="#BatRig_Spine1-Matrix-animation-transform" target="BatRig_Spine1/matrix"/></animation><animation><source id="BatRig_Spine1-visibility-animation-input"><float_array id="BatRig_Spine1-visibility-animation-input-array" count="19">

0.000000 0.041667 0.083333 0.125000 0.166667 0.208333 0.250000 0.291667 0.333333 0.375000 0.416667 0.458333 0.500000 0.541667 0.583333 0.625000
0.666667 0.708333 0.750000</float_array><technique_common><accessor source="#BatRig_Spine1-visibility-animation-input-array" count="19"><param name="TIME" type="float"/></accessor></technique_common></source><source id="BatRig_Spine1-visibility-animation-output"><float_array id="BatRig_Spine1-visibility-animation-output-array" count="19">

1.000000 1.000000 1.000000 1.000000 1.000000 1.000000 1.000000 1.000000 1.000000 1.000000 1.000000 1.000000 1.000000 1.000000 1.000000 1.000000
1.000000 1.000000 1.000000</float_array><technique_common><accessor source="#BatRig_Spine1-visibility-animation-output-array" count="19"><param type="float"/></accessor></technique_common></source><source id="BatRig_Spine1-visibility-animation-intan"><float_array id="BatRig_Spine1-visibility-animation-intan-array" count="19">

0.000000 0.000000 0.000000 0.000000 0.000000 0.000000 0.000000 0.000000 0.000000 0.000000 0.000000 0.000000 0.000000 0.000000 0.000000 0.000000
0.000000 0.000000 0.000000</float_array><technique_common><accessor source="#BatRig_Spine1-visibility-animation-intan-array" count="19"><param type="float"/></accessor></technique_common></source><source id="BatRig_Spine1-visibility-animation-outtan"><float_array id="BatRig_Spine1-visibility-animation-outtan-array" count="19">

0.000000 0.000000 0.000000 0.000000 0.000000 0.000000 0.000000 0.000000 0.000000 0.000000 0.000000 0.000000 0.000000 0.000000 0.000000 0.000000
0.000000 0.000000 0.000000</float_array><technique_common><accessor source="#BatRig_Spine1-visibility-animation-outtan-array" count="19"><param type="float"/></accessor></technique_common></source><source id="BatRig_Spine1-visibility-animation-interpolation"><Name_array id="BatRig_Spine1-visibility-animation-interpolation-array" count="19">
 STEP STEP STEP STEP STEP STEP STEP STEP STEP STEP STEP STEP STEP STEP STEP STEP STEP
STEP STEP</Name_array><technique_common><accessor source="#BatRig_Spine1-visibility-animation-interpolation-array" count="19"><param type="name"/></accessor></technique_common></source><sampler id="BatRig_Spine1-visibility-animation"><input semantic="INPUT" source="#BatRig_Spine1-visibility-animation-input"/><input semantic="OUTPUT" source="#BatRig_Spine1-visibility-animation-output"/><input semantic="IN_TANGENT" source="#BatRig_Spine1-visibility-animation-intan"/><input semantic="OUT_TANGENT" source="#BatRig_Spine1-visibility-animation-outtan"/><input semantic="INTERPOLATION" source="#BatRig_Spine1-visibility-animation-interpolation"/></sampler><channel source="#BatRig_Spine1-visibility-animation" target="BatRig_Spine1/visibility"/></animation></animation>
    <animation id="BatRig_Spine2-anim" name="BatRig_Spine2"><animation><source id="BatRig_Spine2-Matrix-animation-input"><float_array id="BatRig_Spine2-Matrix-animation-input-array" count="19">

0.000000 0.041667 0.083333 0.125000 0.166667 0.208333 0.250000 0.291667 0.333333 0.375000 0.416667 0.458333 0.500000 0.541667 0.583333 0.625000
0.666667 0.708333 0.750000</float_array><technique_common><accessor source="#BatRig_Spine2-Matrix-animation-input-array" count="19"><param name="TIME" type="float"/></accessor></technique_common></source><source id="BatRig_Spine2-Matrix-animation-output-transform"><float_array id="BatRig_Spine2-Matrix-animation-output-transform-array" count="304">

0.966799 0.233376 -0.104090 0.000000 -0.246344 0.959466 -0.136895 11.776703 0.067923 0.157992 0.985102 0.000004 0.000000 0.000000 0.000000 1.000000
0.966799 0.233376 -0.104090 0.000000 -0.246344 0.959466 -0.136895 11.776703 0.067923 0.157992 0.985102 0.000004 0.000000 0.000000 0.000000 1.000000
0.967537 0.230600 -0.103421 -0.000000 -0.242884 0.961533 -0.128306 11.776703 0.069855 0.149260 0.986327 0.000004 0.000000 0.000000 0.000000 1.000000
0.974856 0.197510 -0.103178 0.000000 -0.208711 0.971518 -0.112219 11.776703 0.078075 0.130932 0.988312 0.000004 0.000000 0.000000 0.000000 1.000000
0.979658 0.173702 -0.100491 -0.000000 -0.183185 0.978537 -0.094388 11.776703 0.081939 0.110876 0.990451 0.000004 0.000000 0.000000 0.000000 1.000000
0.983874 0.153991 -0.090993 0.000000 -0.161806 0.983082 -0.085844 11.776703 0.076234 0.099183 0.992145 0.000004 0.000000 0.000000 0.000000 1.000000
0.988199 0.146011 -0.046299 0.000000 -0.150110 0.983295 -0.102951 11.776703 0.030494 0.108686 0.993608 0.000004 0.000000 0.000000 0.000000 1.000000
0.989327 0.143063 -0.027649 0.000000 -0.145196 0.983856 -0.104624 11.776703 0.012235 0.107522 0.994127 0.000004 0.000000 0.000000 0.000000 1.000000
0.989197 0.143178 -0.031453 -0.000000 -0.145688 0.983991 -0.102651 11.776703 0.016252 0.106124 0.994220 0.000004 0.000000 0.000000 0.000000 1.000000
0.989052 0.143292 -0.035257 0.000000 -0.146159 0.984164 -0.100294 11.776703 0.020327 0.104349 0.994333 0.000004 0.000000 0.000000 0.000000 1.000000
0.986457 0.141358 0.083195 -0.000000 -0.131595 0.984840 -0.113016 11.776703 -0.097909 0.100537 0.990104 0.000004 0.000000 0.000000 0.000000 1.000000
0.989144 0.133908 0.060528 -0.000000 -0.126523 0.985539 -0.112715 11.776703 -0.074746 0.103833 0.991782 0.000004 0.000000 0.000000 0.000000 1.000000
0.991986 0.125699 0.012797 -0.000000 -0.123482 0.985948 -0.112510 11.776703 -0.026760 0.110028 0.993568 0.000004 0.000000 0.000000 0.000000 1.000000
0.992308 0.120675 -0.027627 0.000000 -0.123024 0.986142 -0.111309 11.776703 0.013812 0.113852 0.993402 0.000004 0.000000 0.000000 0.000000 1.000000
0.992034 0.120230 -0.037600 0.000000 -0.123702 0.986159 -0.110403 11.776703 0.023806 0.114175 0.993175 0.000004 0.000000 0.000000 0.000000 1.000000
0.991470 0.122165 -0.045422 0.000000 -0.126501 0.985885 -0.109677 11.776703 0.031382 0.114487 0.992929 0.000004 0.000000 0.000000 0.000000 1.000000
0.983392 0.155150 -0.094170 0.000000 -0.164897 0.980547 -0.106472 11.776703 0.075819 0.120232 0.989846 0.000004 0.000000 0.000000 0.000000 1.000000
0.981859 0.134225 -0.133929 0.000000 -0.148845 0.983178 -0.105855 11.776703 0.117468 0.123869 0.985321 0.000004 0.000000 0.000000 0.000000 1.000000
0.980430 0.142508 -0.135825 0.000000 -0.157505 0.981715 -0.106904 11.776703 0.118107 0.126205 0.984948 0.000004 0.000000 0.000000 0.000000 1.000000</float_array><technique_common><accessor source="#BatRig_Spine2-Matrix-animation-output-transform-array" count="19" stride="16"><param type="float4x4"/></accessor></technique_common></source><source id="BatRig_Spine2-Interpolations"><Name_array id="BatRig_Spine2-Interpolations-array" count="19">
 LINEAR LINEAR LINEAR LINEAR LINEAR LINEAR LINEAR LINEAR LINEAR LINEAR LINEAR
LINEAR LINEAR LINEAR LINEAR LINEAR LINEAR LINEAR LINEAR</Name_array><technique_common><accessor source="#BatRig_Spine2-Interpolations-array" count="19"><param type="name"/></accessor></technique_common></source><sampler id="BatRig_Spine2-Matrix-animation-transform"><input semantic="INPUT" source="#BatRig_Spine2-Matrix-animation-input"/><input semantic="OUTPUT" source="#BatRig_Spine2-Matrix-animation-output-transform"/><input semantic="INTERPOLATION" source="#BatRig_Spine2-Interpolations"/></sampler><channel source="#BatRig_Spine2-Matrix-animation-transform" target="BatRig_Spine2/matrix"/></animation><animation><source id="BatRig_Spine2-visibility-animation-input"><float_array id="BatRig_Spine2-visibility-animation-input-array" count="19">

0.000000 0.041667 0.083333 0.125000 0.166667 0.208333 0.250000 0.291667 0.333333 0.375000 0.416667 0.458333 0.500000 0.541667 0.583333 0.625000
0.666667 0.708333 0.750000</float_array><technique_common><accessor source="#BatRig_Spine2-visibility-animation-input-array" count="19"><param name="TIME" type="float"/></accessor></technique_common></source><source id="BatRig_Spine2-visibility-animation-output"><float_array id="BatRig_Spine2-visibility-animation-output-array" count="19">

1.000000 1.000000 1.000000 1.000000 1.000000 1.000000 1.000000 1.000000 1.000000 1.000000 1.000000 1.000000 1.000000 1.000000 1.000000 1.000000
1.000000 1.000000 1.000000</float_array><technique_common><accessor source="#BatRig_Spine2-visibility-animation-output-array" count="19"><param type="float"/></accessor></technique_common></source><source id="BatRig_Spine2-visibility-animation-intan"><float_array id="BatRig_Spine2-visibility-animation-intan-array" count="19">

0.000000 0.000000 0.000000 0.000000 0.000000 0.000000 0.000000 0.000000 0.000000 0.000000 0.000000 0.000000 0.000000 0.000000 0.000000 0.000000
0.000000 0.000000 0.000000</float_array><technique_common><accessor source="#BatRig_Spine2-visibility-animation-intan-array" count="19"><param type="float"/></accessor></technique_common></source><source id="BatRig_Spine2-visibility-animation-outtan"><float_array id="BatRig_Spine2-visibility-animation-outtan-array" count="19">

0.000000 0.000000 0.000000 0.000000 0.000000 0.000000 0.000000 0.000000 0.000000 0.000000 0.000000 0.000000 0.000000 0.000000 0.000000 0.000000
0.000000 0.000000 0.000000</float_array><technique_common><accessor source="#BatRig_Spine2-visibility-animation-outtan-array" count="19"><param type="float"/></accessor></technique_common></source><source id="BatRig_Spine2-visibility-animation-interpolation"><Name_array id="BatRig_Spine2-visibility-animation-interpolation-array" count="19">
 STEP STEP STEP STEP STEP STEP STEP STEP STEP STEP STEP STEP STEP STEP STEP STEP STEP
STEP STEP</Name_array><technique_common><accessor source="#BatRig_Spine2-visibility-animation-interpolation-array" count="19"><param type="name"/></accessor></technique_common></source><sampler id="BatRig_Spine2-visibility-animation"><input semantic="INPUT" source="#BatRig_Spine2-visibility-animation-input"/><input semantic="OUTPUT" source="#BatRig_Spine2-visibility-animation-output"/><input semantic="IN_TANGENT" source="#BatRig_Spine2-visibility-animation-intan"/><input semantic="OUT_TANGENT" source="#BatRig_Spine2-visibility-animation-outtan"/><input semantic="INTERPOLATION" source="#BatRig_Spine2-visibility-animation-interpolation"/></sampler><channel source="#BatRig_Spine2-visibility-animation" target="BatRig_Spine2/visibility"/></animation></animation>
    <animation id="BatRig_Spine3-anim" name="BatRig_Spine3"><animation><source id="BatRig_Spine3-Matrix-animation-input"><float_array id="BatRig_Spine3-Matrix-animation-input-array" count="19">

0.000000 0.041667 0.083333 0.125000 0.166667 0.208333 0.250000 0.291667 0.333333 0.375000 0.416667 0.458333 0.500000 0.541667 0.583333 0.625000
0.666667 0.708333 0.750000</float_array><technique_common><accessor source="#BatRig_Spine3-Matrix-animation-input-array" count="19"><param name="TIME" type="float"/></accessor></technique_common></source><source id="BatRig_Spine3-Matrix-animation-output-transform"><float_array id="BatRig_Spine3-Matrix-animation-output-transform-array" count="304">

0.976840 0.204518 -0.062899 0.000001 -0.209848 0.973121 -0.094862 13.030716 0.041807 0.105864 0.993501 -1.061704 0.000000 0.000000 0.000000 1.000000
0.976840 0.204518 -0.062899 0.000001 -0.209848 0.973121 -0.094862 13.030716 0.041807 0.105864 0.993501 -1.061704 0.000000 0.000000 0.000000 1.000000
0.978520 0.201869 -0.041805 0.000001 -0.204760 0.975245 -0.083487 13.030716 0.023917 0.090254 0.995632 -1.061704 0.000000 0.000000 0.000000 1.000000
0.984237 0.176348 -0.013384 0.000001 -0.176853 0.981795 -0.069294 13.030716 0.000920 0.070569 0.997506 -1.061704 0.000000 0.000000 0.000000 1.000000
0.986894 0.158528 0.030163 0.000001 -0.155690 0.984526 -0.080430 13.030716 -0.042447 0.074680 0.996304 -1.061704 0.000000 0.000000 0.000000 1.000000
0.987145 0.143222 0.070932 0.000001 -0.136697 0.986552 -0.089606 13.030716 -0.082812 0.078758 0.993448 -1.061704 0.000000 0.000000 0.000000 1.000000
0.987722 0.132882 0.082149 0.000001 -0.125811 0.988320 -0.085991 13.030716 -0.092616 0.074600 0.992903 -1.061704 0.000000 0.000000 0.000000 1.000000
0.989458 0.125210 0.072765 0.000001 -0.119975 0.990137 -0.072352 13.030716 -0.081106 0.062859 0.994721 -1.061704 0.000000 0.000000 0.000000 1.000000
0.987843 0.127956 0.088280 0.000001 -0.121833 0.989965 -0.071594 13.030716 -0.096555 0.059968 0.993519 -1.061704 0.000000 0.000000 0.000000 1.000000
0.985977 0.130701 0.103761 0.000001 -0.123464 0.989633 -0.073376 13.030716 -0.112276 0.059536 0.991892 -1.061704 0.000000 0.000000 0.000000 1.000000
0.993763 0.109768 0.019635 0.000001 -0.108317 0.992060 -0.063905 13.030716 -0.026494 0.061380 0.997763 -1.061704 0.000000 0.000000 0.000000 1.000000
