<?xml version="1.0" encoding="utf-8"?>
<COLLADA xmlns="http://www.collada.org/2005/11/COLLADASchema" version="1.4.1">
  <asset><contributor><author></author><authoring_tool>FBX COLLADA exporter</authoring_tool><comments></comments></contributor><created>2017-09-25T19:56:19Z</created><keywords></keywords><modified>2017-09-25T19:56:19Z</modified><revision></revision><subject></subject><title></title><unit meter="0.010000" name="centimeter"></unit><up_axis>Y_UP</up_axis></asset>
  <library_animations>
    <animation id="BatRig_Reference-anim" name="BatRig_Reference"><animation><source id="BatRig_Reference-Matrix-animation-input"><float_array id="BatRig_Reference-Matrix-animation-input-array" count="20">

0.000000 0.041667 0.083333 0.125000 0.166667 0.208333 0.250000 0.291667 0.333333 0.375000 0.416667 0.458333 0.500000 0.541667 0.583333 0.625000
0.666667 0.708333 0.750000 0.791667</float_array><technique_common><accessor source="#BatRig_Reference-Matrix-animation-input-array" count="20"><param name="TIME" type="float"/></accessor></technique_common></source><source id="BatRig_Reference-Matrix-animation-output-transform"><float_array id="BatRig_Reference-Matrix-animation-output-transform-array" count="320">

0.999862 0.000000 -0.016637 -0.178184 0.000000 1.000000 0.000000 0.000000 0.016637 0.000000 0.999862 25.330839 0.000000 0.000000 0.000000 1.000000
0.999862 0.000000 -0.016637 -0.178184 0.000000 1.000000 0.000000 0.000000 0.016637 0.000000 0.999862 25.330839 0.000000 0.000000 0.000000 1.000000
0.997936 0.000000 -0.064212 -3.618596 0.000000 1.000000 0.000000 0.000000 0.064212 0.000000 0.997936 44.132126 0.000000 0.000000 0.000000 1.000000
0.990297 0.000000 -0.138966 -7.669373 0.000000 1.000000 0.000000 0.000000 0.138966 0.000000 0.990297 59.211941 0.000000 0.000000 0.000000 1.000000
0.971653 0.000000 -0.236411 -10.896347 0.000000 1.000000 0.000000 0.000000 0.236411 0.000000 0.971653 65.519310 0.000000 0.000000 0.000000 1.000000
0.936397 0.000000 -0.350944 -15.550753 0.000000 1.000000 0.000000 0.000000 0.350944 0.000000 0.936397 73.417152 0.000000 0.000000 0.000000 1.000000
0.879634 0.000000 -0.475652 -34.323456 0.000000 1.000000 0.000000 0.000000 0.475652 0.000000 0.879634 95.557426 0.000000 0.000000 0.000000 1.000000
0.798141 0.000000 -0.602471 -56.657784 0.000000 1.000000 0.000000 0.000000 0.602471 0.000000 0.798141 112.531052 0.000000 0.000000 0.000000 1.000000
0.691083 0.000000 -0.722775 -68.460762 0.000000 1.000000 0.000000 0.000000 0.722775 0.000000 0.691083 114.565056 0.000000 0.000000 0.000000 1.000000
0.560408 0.000000 -0.828217 -73.830101 0.000000 1.000000 0.000000 0.000000 0.828217 0.000000 0.560408 121.127472 0.000000 0.000000 0.000000 1.000000
0.410803 0.000000 -0.911724 -79.688072 0.000000 1.000000 0.000000 0.000000 0.911724 0.000000 0.410803 129.118820 0.000000 0.000000 0.000000 1.000000
0.249140 0.000000 -0.968468 -92.249519 0.000000 1.000000 0.000000 0.000000 0.968468 0.000000 0.249140 139.835846 0.000000 0.000000 0.000000 1.000000
0.083586 0.000000 -0.996501 -107.906021 0.000000 1.000000 0.000000 0.000000 0.996501 0.000000 0.083586 149.004227 0.000000 0.000000 0.000000 1.000000
-0.077455 0.000000 -0.996996 -119.279716 0.000000 1.000000 0.000000 0.000000 0.996996 0.000000 -0.077455 154.590103 0.000000 0.000000 0.000000 1.000000
-0.226440 0.000000 -0.974025 -122.404236 0.000000 1.000000 0.000000 0.000000 0.974025 0.000000 -0.226440 156.882324 0.000000 0.000000 0.000000 1.000000
-0.357461 0.000000 -0.933928 -126.724060 0.000000 1.000000 0.000000 0.000000 0.933928 0.000000 -0.357461 157.424667 0.000000 0.000000 0.000000 1.000000
-0.466611 0.000000 -0.884463 -152.081375 0.000000 1.000000 0.000000 0.000000 0.884463 0.000000 -0.466611 149.539215 0.000000 0.000000 0.000000 1.000000
-0.551957 0.000000 -0.833873 -168.769547 0.000000 1.000000 0.000000 0.000000 0.833873 0.000000 -0.551957 137.932892 0.000000 0.000000 0.000000 1.000000
-0.613014 0.000000 -0.790072 -169.271362 0.000000 1.000000 0.000000 0.000000 0.790072 0.000000 -0.613014 133.822052 0.000000 0.000000 0.000000 1.000000
-0.419884 0.000000 -0.907578 -205.148468 0.000000 1.000000 0.000000 0.000000 0.907578 0.000000 -0.419884 110.512329 0.000000 0.000000 0.000000 1.000000</float_array><technique_common><accessor source="#BatRig_Reference-Matrix-animation-output-transform-array" count="20" stride="16"><param type="float4x4"/></accessor></technique_common></source><source id="BatRig_Reference-Interpolations"><Name_array id="BatRig_Reference-Interpolations-array" count="20">
 LINEAR LINEAR LINEAR LINEAR LINEAR LINEAR LINEAR LINEAR LINEAR LINEAR LINEAR
LINEAR LINEAR LINEAR LINEAR LINEAR LINEAR LINEAR LINEAR LINEAR</Name_array><technique_common><accessor source="#BatRig_Reference-Interpolations-array" count="20"><param type="name"/></accessor></technique_common></source><sampler id="BatRig_Reference-Matrix-animation-transform"><input semantic="INPUT" source="#BatRig_Reference-Matrix-animation-input"/><input semantic="OUTPUT" source="#BatRig_Reference-Matrix-animation-output-transform"/><input semantic="INTERPOLATION" source="#BatRig_Reference-Interpolations"/></sampler><channel source="#BatRig_Reference-Matrix-animation-transform" target="BatRig_Reference/matrix"/></animation><animation><source id="BatRig_Reference-visibility-animation-input"><float_array id="BatRig_Reference-visibility-animation-input-array" count="20">

0.000000 0.041667 0.083333 0.125000 0.166667 0.208333 0.250000 0.291667 0.333333 0.375000 0.416667 0.458333 0.500000 0.541667 0.583333 0.625000
0.666667 0.708333 0.750000 0.791667</float_array><technique_common><accessor source="#BatRig_Reference-visibility-animation-input-array" count="20"><param name="TIME" type="float"/></accessor></technique_common></source><source id="BatRig_Reference-visibility-animation-output"><float_array id="BatRig_Reference-visibility-animation-output-array" count="20">

1.000000 1.000000 1.000000 1.000000 1.000000 1.000000 1.000000 1.000000 1.000000 1.000000 1.000000 1.000000 1.000000 1.000000 1.000000 1.000000
1.000000 1.000000 1.000000 1.000000</float_array><technique_common><accessor source="#BatRig_Reference-visibility-animation-output-array" count="20"><param type="float"/></accessor></technique_common></source><source id="BatRig_Reference-visibility-animation-intan"><float_array id="BatRig_Reference-visibility-animation-intan-array" count="20">

0.000000 0.000000 0.000000 0.000000 0.000000 0.000000 0.000000 0.000000 0.000000 0.000000 0.000000 0.000000 0.000000 0.000000 0.000000 0.000000
0.000000 0.000000 0.000000 0.000000</float_array><technique_common><accessor source="#BatRig_Reference-visibility-animation-intan-array" count="20"><param type="float"/></accessor></technique_common></source><source id="BatRig_Reference-visibility-animation-outtan"><float_array id="BatRig_Reference-visibility-animation-outtan-array" count="20">

0.000000 0.000000 0.000000 0.000000 0.000000 0.000000 0.000000 0.000000 0.000000 0.000000 0.000000 0.000000 0.000000 0.000000 0.000000 0.000000
0.000000 0.000000 0.000000 0.000000</float_array><technique_common><accessor source="#BatRig_Reference-visibility-animation-outtan-array" count="20"><param type="float"/></accessor></technique_common></source><source id="BatRig_Reference-visibility-animation-interpolation"><Name_array id="BatRig_Reference-visibility-animation-interpolation-array" count="20">
 BEZIER BEZIER BEZIER BEZIER BEZIER BEZIER BEZIER BEZIER BEZIER BEZIER BEZIER
BEZIER BEZIER BEZIER BEZIER BEZIER BEZIER BEZIER BEZIER BEZIER</Name_array><technique_common><accessor source="#BatRig_Reference-visibility-animation-interpolation-array" count="20"><param type="name"/></accessor></technique_common></source><sampler id="BatRig_Reference-visibility-animation"><input semantic="INPUT" source="#BatRig_Reference-visibility-animation-input"/><input semantic="OUTPUT" source="#BatRig_Reference-visibility-animation-output"/><input semantic="IN_TANGENT" source="#BatRig_Reference-visibility-animation-intan"/><input semantic="OUT_TANGENT" source="#BatRig_Reference-visibility-animation-outtan"/><input semantic="INTERPOLATION" source="#BatRig_Reference-visibility-animation-interpolation"/></sampler><channel source="#BatRig_Reference-visibility-animation" target="BatRig_Reference/visibility"/></animation></animation>
    <animation id="BatRig_Hips-anim" name="BatRig_Hips"><animation><source id="BatRig_Hips-Matrix-animation-input"><float_array id="BatRig_Hips-Matrix-animation-input-array" count="20">

0.000000 0.041667 0.083333 0.125000 0.166667 0.208333 0.250000 0.291667 0.333333 0.375000 0.416667 0.458333 0.500000 0.541667 0.583333 0.625000
0.666667 0.708333 0.750000 0.791667</float_array><technique_common><accessor source="#BatRig_Hips-Matrix-animation-input-array" count="20"><param name="TIME" type="float"/></accessor></technique_common></source><source id="BatRig_Hips-Matrix-animation-output-transform"><float_array id="BatRig_Hips-Matrix-animation-output-transform-array" count="320">

0.982436 -0.112700 0.148721 0.000000 0.153335 0.941776 -0.299243 76.417091 -0.106337 0.316791 0.942516 0.000000 0.000000 0.000000 0.000000 1.000000
0.982436 -0.112700 0.148721 0.000000 0.153335 0.941776 -0.299243 76.417091 -0.106337 0.316791 0.942516 0.000000 0.000000 0.000000 0.000000 1.000000
0.990238 -0.122307 0.066853 0.000000 0.137017 0.942191 -0.305783 74.110878 -0.025589 0.311958 0.949751 0.000000 0.000000 0.000000 0.000000 1.000000
0.992321 -0.123348 0.009181 0.000000 0.120115 0.943270 -0.309540 72.918106 0.029521 0.308266 0.950842 0.000000 0.000000 0.000000 0.000000 1.000000
0.992820 -0.111661 -0.042909 0.000000 0.092650 0.944685 -0.314620 78.755928 0.075666 0.308385 0.948247 0.000000 0.000000 0.000000 0.000000 1.000000
0.993469 -0.093562 -0.065310 0.000000 0.068307 0.946165 -0.316396 84.595322 0.091397 0.309869 0.946376 0.000000 0.000000 0.000000 0.000000 1.000000
0.993612 -0.076327 -0.083120 0.000000 0.045697 0.945611 -0.322075 83.437347 0.103182 0.316219 0.943058 0.000000 0.000000 0.000000 0.000000 1.000000
0.995474 -0.057900 -0.075364 0.000000 0.030481 0.945610 -0.323872 81.754601 0.090017 0.320109 0.943094 0.000000 0.000000 0.000000 0.000000 1.000000
0.998508 -0.036292 -0.040804 0.000000 0.021187 0.946142 -0.323058 81.237846 0.050331 0.321711 0.945499 0.000000 0.000000 0.000000 0.000000 1.000000
0.999950 -0.010037 -0.000253 0.000000 0.009419 0.946459 -0.322688 80.386597 0.003478 0.322669 0.946506 0.000000 0.000000 0.000000 0.000000 1.000000
0.999094 0.035351 0.023698 0.000000 -0.025651 0.944500 -0.327508 76.695839 -0.033960 0.326603 0.944551 0.000000 0.000000 0.000000 0.000000 1.000000
0.991118 0.057448 0.119934 0.000000 -0.015316 0.945186 -0.326174 74.979652 -0.132098 0.321440 0.937671 0.000000 0.000000 0.000000 0.000000 1.000000
0.969707 0.075526 0.232302 0.000000 0.003564 0.946525 -0.322612 73.683479 -0.244245 0.313667 0.917582 0.000000 0.000000 0.000000 0.000000 1.000000
0.943737 0.089965 0.318225 0.000000 0.017233 0.947598 -0.319000 73.172104 -0.330248 0.306536 0.892733 0.000000 0.000000 0.000000 0.000000 1.000000
0.928998 0.102287 0.355668 0.000000 0.017216 0.948062 -0.317620 78.708839 -0.369684 0.301192 0.878986 0.000000 0.000000 0.000000 0.000000 1.000000
0.926580 0.106265 0.360772 0.000000 0.014903 0.948125 -0.317547 84.244568 -0.375801 0.299609 0.876931 0.000000 0.000000 0.000000 0.000000 1.000000
0.931119 0.080764 0.355660 0.000000 0.038509 0.947951 -0.316080 83.321365 -0.362676 0.308004 0.879545 0.000000 0.000000 0.000000 0.000000 1.000000
0.936908 0.045821 0.346561 -0.000000 0.068681 0.947923 -0.311006 82.111641 -0.342764 0.315186 0.884969 0.000000 0.000000 0.000000 0.000000 1.000000
0.938115 0.003137 0.346309 0.000000 0.108857 0.946606 -0.303458 82.251465 -0.328770 0.322377 0.887684 0.000000 0.000000 0.000000 0.000000 1.000000
0.982436 -0.112700 0.148721 0.000000 0.153335 0.941776 -0.299243 76.417091 -0.106337 0.316791 0.942516 0.000000 0.000000 0.000000 0.000000 1.000000</float_array><technique_common><accessor source="#BatRig_Hips-Matrix-animation-output-transform-array" count="20" stride="16"><param type="float4x4"/></accessor></technique_common></source><source id="BatRig_Hips-Interpolations"><Name_array id="BatRig_Hips-Interpolations-array" count="20">
 LINEAR LINEAR LINEAR LINEAR LINEAR LINEAR LINEAR LINEAR LINEAR LINEAR LINEAR
LINEAR LINEAR LINEAR LINEAR LINEAR LINEAR LINEAR LINEAR LINEAR</Name_array><technique_common><accessor source="#BatRig_Hips-Interpolations-array" count="20"><param type="name"/></accessor></technique_common></source><sampler id="BatRig_Hips-Matrix-animation-transform"><input semantic="INPUT" source="#BatRig_Hips-Matrix-animation-input"/><input semantic="OUTPUT" source="#BatRig_Hips-Matrix-animation-output-transform"/><input semantic="INTERPOLATION" source="#BatRig_Hips-Interpolations"/></sampler><channel source="#BatRig_Hips-Matrix-animation-transform" target="BatRig_Hips/matrix"/></animation><animation><source id="BatRig_Hips-visibility-animation-input"><float_array id="BatRig_Hips-visibility-animation-input-array" count="20">

0.000000 0.041667 0.083333 0.125000 0.166667 0.208333 0.250000 0.291667 0.333333 0.375000 0.416667 0.458333 0.500000 0.541667 0.583333 0.625000
0.666667 0.708333 0.750000 0.791667</float_array><technique_common><accessor source="#BatRig_Hips-visibility-animation-input-array" count="20"><param name="TIME" type="float"/></accessor></technique_common></source><source id="BatRig_Hips-visibility-animation-output"><float_array id="BatRig_Hips-visibility-animation-output-array" count="20">

1.000000 1.000000 1.000000 1.000000 1.000000 1.000000 1.000000 1.000000 1.000000 1.000000 1.000000 1.000000 1.000000 1.000000 1.000000 1.000000
1.000000 1.000000 1.000000 1.000000</float_array><technique_common><accessor source="#BatRig_Hips-visibility-animation-output-array" count="20"><param type="float"/></accessor></technique_common></source><source id="BatRig_Hips-visibility-animation-intan"><float_array id="BatRig_Hips-visibility-animation-intan-array" count="20">

0.000000 0.000000 0.000000 0.000000 0.000000 0.000000 0.000000 0.000000 0.000000 0.000000 0.000000 0.000000 0.000000 0.000000 0.000000 0.000000
0.000000 0.000000 0.000000 0.000000</float_array><technique_common><accessor source="#BatRig_Hips-visibility-animation-intan-array" count="20"><param type="float"/></accessor></technique_common></source><source id="BatRig_Hips-visibility-animation-outtan"><float_array id="BatRig_Hips-visibility-animation-outtan-array" count="20">

0.000000 0.000000 0.000000 0.000000 0.000000 0.000000 0.000000 0.000000 0.000000 0.000000 0.000000 0.000000 0.000000 0.000000 0.000000 0.000000
0.000000 0.000000 0.000000 0.000000</float_array><technique_common><accessor source="#BatRig_Hips-visibility-animation-outtan-array" count="20"><param type="float"/></accessor></technique_common></source><source id="BatRig_Hips-visibility-animation-interpolation"><Name_array id="BatRig_Hips-visibility-animation-interpolation-array" count="20">
 BEZIER BEZIER BEZIER BEZIER BEZIER BEZIER BEZIER BEZIER BEZIER BEZIER BEZIER
BEZIER BEZIER BEZIER BEZIER BEZIER BEZIER BEZIER BEZIER BEZIER</Name_array><technique_common><accessor source="#BatRig_Hips-visibility-animation-interpolation-array" count="20"><param type="name"/></accessor></technique_common></source><sampler id="BatRig_Hips-visibility-animation"><input semantic="INPUT" source="#BatRig_Hips-visibility-animation-input"/><input semantic="OUTPUT" source="#BatRig_Hips-visibility-animation-output"/><input semantic="IN_TANGENT" source="#BatRig_Hips-visibility-animation-intan"/><input semantic="OUT_TANGENT" source="#BatRig_Hips-visibility-animation-outtan"/><input semantic="INTERPOLATION" source="#BatRig_Hips-visibility-animation-interpolation"/></sampler><channel source="#BatRig_Hips-visibility-animation" target="BatRig_Hips/visibility"/></animation></animation>
    <animation id="BatRig_Spine-anim" name="BatRig_Spine"><animation><source id="BatRig_Spine-Matrix-animation-input"><float_array id="BatRig_Spine-Matrix-animation-input-array" count="20">

0.000000 0.041667 0.083333 0.125000 0.166667 0.208333 0.250000 0.291667 0.333333 0.375000 0.416667 0.458333 0.500000 0.541667 0.583333 0.625000
0.666667 0.708333 0.750000 0.791667</float_array><technique_common><accessor source="#BatRig_Spine-Matrix-animation-input-array" count="20"><param name="TIME" type="float"/></accessor></technique_common></source><source id="BatRig_Spine-Matrix-animation-output-transform"><float_array id="BatRig_Spine-Matrix-animation-output-transform-array" count="320">

0.978298 -0.042448 -0.202809 -0.000001 0.039495 0.999047 -0.018589 3.725677 0.203405 0.010176 0.979042 0.000001 0.000000 0.000000 0.000000 1.000000
0.978298 -0.042448 -0.202809 -0.000001 0.039495 0.999047 -0.018589 3.725677 0.203405 0.010176 0.979042 0.000001 0.000000 0.000000 0.000000 1.000000
0.979141 -0.039421 -0.199323 -0.000001 0.037567 0.999209 -0.013079 3.725677 0.199681 0.005318 0.979847 0.000001 0.000000 0.000000 0.000000 1.000000
0.980229 -0.036388 -0.194493 -0.000001 0.035166 0.999334 -0.009735 3.725677 0.194718 0.002703 0.980856 0.000001 0.000000 0.000000 0.000000 1.000000
0.981678 -0.034761 -0.187348 -0.000001 0.033633 0.999392 -0.009195 3.725677 0.187554 0.002725 0.982251 0.000001 0.000000 0.000000 0.000000 1.000000
0.983536 -0.031387 -0.177965 -0.000001 0.030372 0.999503 -0.008428 3.725677 0.178141 0.002884 0.984001 0.000001 0.000000 0.000000 0.000000 1.000000
0.986063 -0.018451 -0.165348 -0.000001 0.017385 0.999818 -0.007892 3.725677 0.165463 0.004907 0.986204 0.000001 0.000000 0.000000 0.000000 1.000000
0.988024 -0.009555 -0.154003 -0.000001 0.008602 0.999939 -0.006856 3.725677 0.154059 0.005449 0.988047 0.000001 0.000000 0.000000 0.000000 1.000000
0.988391 -0.010009 -0.151602 -0.000001 0.009071 0.999935 -0.006879 3.725677 0.151661 0.005424 0.988418 0.000001 0.000000 0.000000 0.000000 1.000000
0.988488 -0.013185 -0.150723 -0.000001 0.012244 0.999899 -0.007169 3.725677 0.150802 0.005241 0.988550 0.000001 0.000000 0.000000 0.000000 1.000000
0.988578 -0.025889 -0.148470 -0.000001 0.025144 0.999660 -0.006893 3.725677 0.148598 0.003081 0.988893 0.000001 0.000000 0.000000 0.000000 1.000000
0.988400 -0.024628 -0.149864 -0.000001 0.023983 0.999694 -0.006107 3.725677 0.149969 0.002442 0.988688 0.000001 0.000000 0.000000 0.000000 1.000000
0.988008 -0.022284 -0.152784 -0.000001 0.021705 0.999750 -0.005460 3.725677 0.152867 0.002078 0.988245 0.000001 0.000000 0.000000 0.000000 1.000000
0.987639 -0.021023 -0.155329 -0.000001 0.020527 0.999778 -0.004797 3.725677 0.155395 0.001549 0.987851 0.000001 0.000000 0.000000 0.000000 1.000000
0.987425 -0.025816 -0.155967 -0.000001 0.025428 0.999667 -0.004480 3.725677 0.156031 0.000458 0.987752 0.000001 0.000000 0.000000 0.000000 1.000000
0.987110 -0.030608 -0.157091 -0.000001 0.030338 0.999531 -0.004118 3.725677 0.157143 -0.000701 0.987576 0.000001 0.000000 0.000000 0.000000 1.000000
0.986014 -0.027439 -0.164389 -0.000001 0.027251 0.999623 -0.003396 3.725677 0.164420 -0.001131 0.986390 0.000001 0.000000 0.000000 0.000000 1.000000
0.984116 -0.029610 -0.175039 -0.000001 0.029226 0.999561 -0.004773 3.725677 0.175104 -0.000419 0.984550 0.000001 0.000000 0.000000 0.000000 1.000000
0.983020 -0.042211 -0.178579 -0.000001 0.039733 0.999058 -0.017431 3.725677 0.179147 0.010040 0.983771 0.000001 0.000000 0.000000 0.000000 1.000000
0.978298 -0.042448 -0.202809 -0.000001 0.039495 0.999047 -0.018589 3.725677 0.203405 0.010176 0.979042 0.000001 0.000000 0.000000 0.000000 1.000000</float_array><technique_common><accessor source="#BatRig_Spine-Matrix-animation-output-transform-array" count="20" stride="16"><param type="float4x4"/></accessor></technique_common></source><source id="BatRig_Spine-Interpolations"><Name_array id="BatRig_Spine-Interpolations-array" count="20">
 LINEAR LINEAR LINEAR LINEAR LINEAR LINEAR LINEAR LINEAR LINEAR LINEAR LINEAR
LINEAR LINEAR LINEAR LINEAR LINEAR LINEAR LINEAR LINEAR LINEAR</Name_array><technique_common><accessor source="#BatRig_Spine-Interpolations-array" count="20"><param type="name"/></accessor></technique_common></source><sampler id="BatRig_Spine-Matrix-animation-transform"><input semantic="INPUT" source="#BatRig_Spine-Matrix-animation-input"/><input semantic="OUTPUT" source="#BatRig_Spine-Matrix-animation-output-transform"/><input semantic="INTERPOLATION" source="#BatRig_Spine-Interpolations"/></sampler><channel source="#BatRig_Spine-Matrix-animation-transform" target="BatRig_Spine/matrix"/></animation><animation><source id="BatRig_Spine-visibility-animation-input"><float_array id="BatRig_Spine-visibility-animation-input-array" count="20">

0.000000 0.041667 0.083333 0.125000 0.166667 0.208333 0.250000 0.291667 0.333333 0.375000 0.416667 0.458333 0.500000 0.541667 0.583333 0.625000
0.666667 0.708333 0.750000 0.791667</float_array><technique_common><accessor source="#BatRig_Spine-visibility-animation-input-array" count="20"><param name="TIME" type="float"/></accessor></technique_common></source><source id="BatRig_Spine-visibility-animation-output"><float_array id="BatRig_Spine-visibility-animation-output-array" count="20">

1.000000 1.000000 1.000000 1.000000 1.000000 1.000000 1.000000 1.000000 1.000000 1.000000 1.000000 1.000000 1.000000 1.000000 1.000000 1.000000
1.000000 1.000000 1.000000 1.000000</float_array><technique_common><accessor source="#BatRig_Spine-visibility-animation-output-array" count="20"><param type="float"/></accessor></technique_common></source><source id="BatRig_Spine-visibility-animation-intan"><float_array id="BatRig_Spine-visibility-animation-intan-array" count="20">

0.000000 0.000000 0.000000 0.000000 0.000000 0.000000 0.000000 0.000000 0.000000 0.000000 0.000000 0.000000 0.000000 0.000000 0.000000 0.000000
0.000000 0.000000 0.000000 0.000000</float_array><technique_common><accessor source="#BatRig_Spine-visibility-animation-intan-array" count="20"><param type="float"/></accessor></technique_common></source><source id="BatRig_Spine-visibility-animation-outtan"><float_array id="BatRig_Spine-visibility-animation-outtan-array" count="20">

0.000000 0.000000 0.000000 0.000000 0.000000 0.000000 0.000000 0.000000 0.000000 0.000000 0.000000 0.000000 0.000000 0.000000 0.000000 0.000000
0.000000 0.000000 0.000000 0.000000</float_array><technique_common><accessor source="#BatRig_Spine-visibility-animation-outtan-array" count="20"><param type="float"/></accessor></technique_common></source><source id="BatRig_Spine-visibility-animation-interpolation"><Name_array id="BatRig_Spine-visibility-animation-interpolation-array" count="20">
 BEZIER BEZIER BEZIER BEZIER BEZIER BEZIER BEZIER BEZIER BEZIER BEZIER BEZIER
BEZIER BEZIER BEZIER BEZIER BEZIER BEZIER BEZIER BEZIER BEZIER</Name_array><technique_common><accessor source="#BatRig_Spine-visibility-animation-interpolation-array" count="20"><param type="name"/></accessor></technique_common></source><sampler id="BatRig_Spine-visibility-animation"><input semantic="INPUT" source="#BatRig_Spine-visibility-animation-input"/><input semantic="OUTPUT" source="#BatRig_Spine-visibility-animation-output"/><input semantic="IN_TANGENT" source="#BatRig_Spine-visibility-animation-intan"/><input semantic="OUT_TANGENT" source="#BatRig_Spine-visibility-animation-outtan"/><input semantic="INTERPOLATION" source="#BatRig_Spine-visibility-animation-interpolation"/></sampler><channel source="#BatRig_Spine-visibility-animation" target="BatRig_Spine/visibility"/></animation></animation>
    <animation id="BatRig_Spine1-anim" name="BatRig_Spine1"><animation><source id="BatRig_Spine1-Matrix-animation-input"><float_array id="BatRig_Spine1-Matrix-animation-input-array" count="20">

0.000000 0.041667 0.083333 0.125000 0.166667 0.208333 0.250000 0.291667 0.333333 0.375000 0.416667 0.458333 0.500000 0.541667 0.583333 0.625000
0.666667 0.708333 0.750000 0.791667</float_array><technique_common><accessor source="#BatRig_Spine1-Matrix-animation-input-array" count="20"><param name="TIME" type="float"/></accessor></technique_common></source><source id="BatRig_Spine1-Matrix-animation-output-transform"><float_array id="BatRig_Spine1-Matrix-animation-output-transform-array" count="320">

0.991647 -0.127506 -0.019449 0.000002 0.123711 0.982917 -0.136271 10.999832 0.036492 0.132727 0.990481 -0.000003 0.000000 0.000000 0.000000 1.000000
0.991647 -0.127506 -0.019449 0.000002 0.123711 0.982917 -0.136271 10.999832 0.036492 0.132727 0.990481 -0.000003 0.000000 0.000000 0.000000 1.000000
0.991637 -0.128350 -0.013514 0.000002 0.125358 0.982800 -0.135610 10.999832 0.030687 0.132782 0.990670 -0.000003 0.000000 0.000000 0.000000 1.000000
0.991519 -0.129904 -0.003927 0.000002 0.128183 0.982476 -0.135314 10.999832 0.021436 0.133663 0.990795 -0.000003 0.000000 0.000000 0.000000 1.000000
0.990887 -0.133977 0.013878 0.000002 0.134581 0.980565 -0.142762 10.999832 0.005519 0.143329 0.989660 -0.000003 0.000000 0.000000 0.000000 1.000000
0.989655 -0.139107 0.035115 0.000002 0.142895 0.977613 -0.154450 10.999832 -0.012844 0.157870 0.987376 -0.000003 0.000000 0.000000 0.000000 1.000000
0.988090 -0.145273 0.050744 0.000002 0.151698 0.974930 -0.162788 10.999832 -0.025823 0.168547 0.985355 -0.000003 0.000000 0.000000 0.000000 1.000000
0.985010 -0.152280 0.081033 0.000002 0.163541 0.973814 -0.157924 10.999832 -0.054862 0.168809 0.984121 -0.000003 0.000000 0.000000 0.000000 1.000000
0.983981 -0.152669 0.092055 0.000002 0.165712 0.973675 -0.156513 10.999832 -0.065737 0.169260 0.983377 -0.000003 0.000000 0.000000 0.000000 1.000000
0.983118 -0.152975 0.100383 0.000002 0.167452 0.973353 -0.156664 10.999832 -0.073742 0.170829 0.982537 -0.000003 0.000000 0.000000 0.000000 1.000000
0.981273 -0.154913 0.114480 0.000002 0.172496 0.971205 -0.164336 10.999832 -0.085726 0.181006 0.979739 -0.000003 0.000000 0.000000 0.000000 1.000000
0.982082 -0.160108 0.099400 0.000002 0.174641 0.971419 -0.160768 10.999832 -0.070819 0.175247 0.981974 -0.000003 0.000000 0.000000 0.000000 1.000000
0.983603 -0.165721 0.071151 0.000002 0.174995 0.972407 -0.154278 10.999832 -0.043621 0.164199 0.985462 -0.000003 0.000000 0.000000 0.000000 1.000000
0.984188 -0.168348 0.055073 0.000002 0.174834 0.973164 -0.149618 10.999832 -0.028407 0.156881 0.987209 -0.000003 0.000000 0.000000 0.000000 1.000000
0.984521 -0.166552 0.054576 0.000002 0.172962 0.973596 -0.148982 10.999832 -0.028322 0.156116 0.987333 -0.000003 0.000000 0.000000 0.000000 1.000000
0.985069 -0.163441 0.054092 0.000002 0.169794 0.974240 -0.148416 10.999832 -0.028441 0.155384 0.987445 -0.000003 0.000000 0.000000 0.000000 1.000000
0.986290 -0.160461 0.038519 0.000002 0.164401 0.975639 -0.145260 10.999832 -0.014272 0.149601 0.988643 -0.000003 0.000000 0.000000 0.000000 1.000000
0.987426 -0.156253 0.023979 0.000002 0.158073 0.977540 -0.139384 10.999832 -0.001661 0.141422 0.989948 -0.000003 0.000000 0.000000 0.000000 1.000000
0.988561 -0.149253 0.021678 0.000002 0.150808 0.979954 -0.130181 10.999832 -0.001814 0.131961 0.991253 -0.000003 0.000000 0.000000 0.000000 1.000000
0.991647 -0.127506 -0.019449 0.000002 0.123711 0.982917 -0.136271 10.999832 0.036492 0.132727 0.990481 -0.000003 0.000000 0.000000 0.000000 1.000000</float_array><technique_common><accessor source="#BatRig_Spine1-Matrix-animation-output-transform-array" count="20" stride="16"><param type="float4x4"/></accessor></technique_common></source><source id="BatRig_Spine1-Interpolations"><Name_array id="BatRig_Spine1-Interpolations-array" count="20">
 LINEAR LINEAR LINEAR LINEAR LINEAR LINEAR LINEAR LINEAR LINEAR LINEAR LINEAR
LINEAR LINEAR LINEAR LINEAR LINEAR LINEAR LINEAR LINEAR LINEAR</Name_array><technique_common><accessor source="#BatRig_Spine1-Interpolations-array" count="20"><param type="name"/></accessor></technique_common></source><sampler id="BatRig_Spine1-Matrix-animation-transform"><input semantic="INPUT" source="#BatRig_Spine1-Matrix-animation-input"/><input semantic="OUTPUT" source="#BatRig_Spine1-Matrix-animation-output-transform"/><input semantic="INTERPOLATION" source="#BatRig_Spine1-Interpolations"/></sampler><channel source="#BatRig_Spine1-Matrix-animation-transform" target="BatRig_Spine1/matrix"/></animation><animation><source id="BatRig_Spine1-visibility-animation-input"><float_array id="BatRig_Spine1-visibility-animation-input-array" count="20">

0.000000 0.041667 0.083333 0.125000 0.166667 0.208333 0.250000 0.291667 0.333333 0.375000 0.416667 0.458333 0.500000 0.541667 0.583333 0.625000
0.666667 0.708333 0.750000 0.791667</float_array><technique_common><accessor source="#BatRig_Spine1-visibility-animation-input-array" count="20"><param name="TIME" type="float"/></accessor></technique_common></source><source id="BatRig_Spine1-visibility-animation-output"><float_array id="BatRig_Spine1-visibility-animation-output-array" count="20">

1.000000 1.000000 1.000000 1.000000 1.000000 1.000000 1.000000 1.000000 1.000000 1.000000 1.000000 1.000000 1.000000 1.000000 1.000000 1.000000
1.000000 1.000000 1.000000 1.000000</float_array><technique_common><accessor source="#BatRig_Spine1-visibility-animation-output-array" count="20"><param type="float"/></accessor></technique_common></source><source id="BatRig_Spine1-visibility-animation-intan"><float_array id="BatRig_Spine1-visibility-animation-intan-array" count="20">

0.000000 0.000000 0.000000 0.000000 0.000000 0.000000 0.000000 0.000000 0.000000 0.000000 0.000000 0.000000 0.000000 0.000000 0.000000 0.000000
0.000000 0.000000 0.000000 0.000000</float_array><technique_common><accessor source="#BatRig_Spine1-visibility-animation-intan-array" count="20"><param type="float"/></accessor></technique_common></source><source id="BatRig_Spine1-visibility-animation-outtan"><float_array id="BatRig_Spine1-visibility-animation-outtan-array" count="20">

0.000000 0.000000 0.000000 0.000000 0.000000 0.000000 0.000000 0.000000 0.000000 0.000000 0.000000 0.000000 0.000000 0.000000 0.000000 0.000000
0.000000 0.000000 0.000000 0.000000</float_array><technique_common><accessor source="#BatRig_Spine1-visibility-animation-outtan-array" count="20"><param type="float"/></accessor></technique_common></source><source id="BatRig_Spine1-visibility-animation-interpolation"><Name_array id="BatRig_Spine1-visibility-animation-interpolation-array" count="20">
 BEZIER BEZIER BEZIER BEZIER BEZIER BEZIER BEZIER BEZIER BEZIER BEZIER BEZIER
BEZIER BEZIER BEZIER BEZIER BEZIER BEZIER BEZIER BEZIER BEZIER</Name_array><technique_common><accessor source="#BatRig_Spine1-visibility-animation-interpolation-array" count="20"><param type="name"/></accessor></technique_common></source><sampler id="BatRig_Spine1-visibility-animation"><input semantic="INPUT" source="#BatRig_Spine1-visibility-animation-input"/><input semantic="OUTPUT" source="#BatRig_Spine1-visibility-animation-output"/><input semantic="IN_TANGENT" source="#BatRig_Spine1-visibility-animation-intan"/><input semantic="OUT_TANGENT" source="#BatRig_Spine1-visibility-animation-outtan"/><input semantic="INTERPOLATION" source="#BatRig_Spine1-visibility-animation-interpolation"/></sampler><channel source="#BatRig_Spine1-visibility-animation" target="BatRig_Spine1/visibility"/></animation></animation>
    <animation id="BatRig_Spine2-anim" name="BatRig_Spine2"><animation><source id="BatRig_Spine2-Matrix-animation-input"><float_array id="BatRig_Spine2-Matrix-animation-input-array" count="20">

0.000000 0.041667 0.083333 0.125000 0.166667 0.208333 0.250000 0.291667 0.333333 0.375000 0.416667 0.458333 0.500000 0.541667 0.583333 0.625000
0.666667 0.708333 0.750000 0.791667</float_array><technique_common><accessor source="#BatRig_Spine2-Matrix-animation-input-array" count="20"><param name="TIME" type="float"/></accessor></technique_common></source><source id="BatRig_Spine2-Matrix-animation-output-transform"><float_array id="BatRig_Spine2-Matrix-animation-output-transform-array" count="320">

0.987662 -0.097818 -0.122293 0.000000 0.084130 0.990086 -0.112482 11.776703 0.132083 0.100806 0.986100 0.000004 0.000000 0.000000 0.000000 1.000000
0.987662 -0.097818 -0.122293 0.000000 0.084130 0.990086 -0.112482 11.776703 0.132083 0.100806 0.986100 0.000004 0.000000 0.000000 0.000000 1.000000
0.987539 -0.097895 -0.123223 0.000000 0.084590 0.990443 -0.108937 11.776703 0.132710 0.097156 0.986382 0.000004 0.000000 0.000000 0.000000 1.000000
0.987521 -0.097906 -0.123356 0.000000 0.084849 0.990632 -0.106996 11.776703 0.132676 0.095194 0.986578 0.000004 0.000000 0.000000 0.000000 1.000000
0.988229 -0.100266 -0.115540 -0.000000 0.087179 0.989735 -0.113244 11.776703 0.125709 0.101838 0.986826 0.000004 0.000000 0.000000 0.000000 1.000000
0.989448 -0.104745 -0.100103 -0.000000 0.092149 0.988107 -0.123101 11.776703 0.111807 0.112578 0.987332 0.000004 0.000000 0.000000 0.000000 1.000000
0.990824 -0.110620 -0.077654 0.000000 0.100056 0.986612 -0.128788 11.776703 0.090861 0.119837 0.988627 0.000004 0.000000 0.000000 0.000000 1.000000
0.992246 -0.115265 -0.046498 0.000000 0.108822 0.986417 -0.123039 11.776703 0.060049 0.117025 0.991312 0.000004 0.000000 0.000000 0.000000 1.000000
0.992155 -0.115837 -0.047018 0.000000 0.109314 0.986332 -0.123290 11.776703 0.060657 0.117183 0.991256 0.000004 0.000000 0.000000 0.000000 1.000000
0.992063 -0.116407 -0.047539 0.000000 0.109744 0.986129 -0.124522 11.776703 0.061375 0.118317 0.991077 0.000004 0.000000 0.000000 0.000000 1.000000
0.991572 -0.110836 0.067091 0.000000 0.118186 0.985970 -0.117876 11.776703 -0.053085 0.124812 0.990759 0.000004 0.000000 0.000000 0.000000 1.000000
0.992036 -0.117712 0.044825 0.000000 0.122220 0.985633 -0.116577 11.776703 -0.030458 0.121127 0.992170 0.000004 0.000000 0.000000 0.000000 1.000000
0.991946 -0.126645 -0.001881 0.000000 0.125591 0.985399 -0.114962 11.776703 0.016413 0.113800 0.993368 0.000004 0.000000 0.000000 0.000000 1.000000
0.990329 -0.132249 -0.041930 0.000000 0.126702 0.985252 -0.115002 11.776703 0.056520 0.108577 0.992480 0.000004 0.000000 0.000000 0.000000 1.000000
0.989875 -0.131376 -0.053731 0.000000 0.124512 0.985456 -0.115642 11.776703 0.068142 0.107781 0.991837 0.000004 0.000000 0.000000 0.000000 1.000000
0.989539 -0.129045 -0.064501 -0.000000 0.120992 0.985837 -0.116134 11.776703 0.078574 0.107115 0.991137 0.000004 0.000000 0.000000 0.000000 1.000000
0.984853 -0.129946 -0.114794 0.000000 0.116384 0.986186 -0.117863 11.776703 0.128524 0.102718 0.986372 0.000004 0.000000 0.000000 0.000000 1.000000
0.980770 -0.129074 -0.146389 0.000000 0.112486 0.986805 -0.116456 11.776703 0.159489 0.097750 0.982348 0.000004 0.000000 0.000000 0.000000 1.000000
0.981469 -0.122959 -0.146967 0.000000 0.106243 0.987474 -0.116653 11.776703 0.159469 0.098877 0.982239 0.000004 0.000000 0.000000 0.000000 1.000000
0.987662 -0.097818 -0.122293 0.000000 0.084130 0.990086 -0.112482 11.776703 0.132083 0.100806 0.986100 0.000004 0.000000 0.000000 0.000000 1.000000</float_array><technique_common><accessor source="#BatRig_Spine2-Matrix-animation-output-transform-array" count="20" stride="16"><param type="float4x4"/></accessor></technique_common></source><source id="BatRig_Spine2-Interpolations"><Name_array id="BatRig_Spine2-Interpolations-array" count="20">
 LINEAR LINEAR LINEAR LINEAR LINEAR LINEAR LINEAR LINEAR LINEAR LINEAR LINEAR
LINEAR LINEAR LINEAR LINEAR LINEAR LINEAR LINEAR LINEAR LINEAR</Name_array><technique_common><accessor source="#BatRig_Spine2-Interpolations-array" count="20"><param type="name"/></accessor></technique_common></source><sampler id="BatRig_Spine2-Matrix-animation-transform"><input semantic="INPUT" source="#BatRig_Spine2-Matrix-animation-input"/><input semantic="OUTPUT" source="#BatRig_Spine2-Matrix-animation-output-transform"/><input semantic="INTERPOLATION" source="#BatRig_Spine2-Interpolations"/></sampler><channel source="#BatRig_Spine2-Matrix-animation-transform" target="BatRig_Spine2/matrix"/></animation><animation><source id="BatRig_Spine2-visibility-animation-input"><float_array id="BatRig_Spine2-visibility-animation-input-array" count="20">

0.000000 0.041667 0.083333 0.125000 0.166667 0.208333 0.250000 0.291667 0.333333 0.375000 0.416667 0.458333 0.500000 0.541667 0.583333 0.625000
0.666667 0.708333 0.750000 0.791667</float_array><technique_common><accessor source="#BatRig_Spine2-visibility-animation-input-array" count="20"><param name="TIME" type="float"/></accessor></technique_common></source><source id="BatRig_Spine2-visibility-animation-output"><float_array id="BatRig_Spine2-visibility-animation-output-array" count="20">

1.000000 1.000000 1.000000 1.000000 1.000000 1.000000 1.000000 1.000000 1.000000 1.000000 1.000000 1.000000 1.000000 1.000000 1.000000 1.000000
1.000000 1.000000 1.000000 1.000000</float_array><technique_common><accessor source="#BatRig_Spine2-visibility-animation-output-array" count="20"><param type="float"/></accessor></technique_common></source><source id="BatRig_Spine2-visibility-animation-intan"><float_array id="BatRig_Spine2-visibility-animation-intan-array" count="20">

0.000000 0.000000 0.000000 0.000000 0.000000 0.000000 0.000000 0.000000 0.000000 0.000000 0.000000 0.000000 0.000000 0.000000 0.000000 0.000000
0.000000 0.000000 0.000000 0.000000</float_array><technique_common><accessor source="#BatRig_Spine2-visibility-animation-intan-array" count="20"><param type="float"/></accessor></technique_common></source><source id="BatRig_Spine2-visibility-animation-outtan"><float_array id="BatRig_Spine2-visibility-animation-outtan-array" count="20">

0.000000 0.000000 0.000000 0.000000 0.000000 0.000000 0.000000 0.000000 0.000000 0.000000 0.000000 0.000000 0.000000 0.000000 0.000000 0.000000
0.000000 0.000000 0.000000 0.000000</float_array><technique_common><accessor source="#BatRig_Spine2-visibility-animation-outtan-array" count="20"><param type="float"/></accessor></technique_common></source><source id="BatRig_Spine2-visibility-animation-interpolation"><Name_array id="BatRig_Spine2-visibility-animation-interpolation-array" count="20">
 BEZIER BEZIER BEZIER BEZIER BEZIER BEZIER BEZIER BEZIER BEZIER BEZIER BEZIER
BEZIER BEZIER BEZIER BEZIER BEZIER BEZIER BEZIER BEZIER BEZIER</Name_array><technique_common><accessor source="#BatRig_Spine2-visibility-animation-interpolation-array" count="20"><param type="name"/></accessor></technique_common></source><sampler id="BatRig_Spine2-visibility-animation"><input semantic="INPUT" source="#BatRig_Spine2-visibility-animation-input"/><input semantic="OUTPUT" source="#BatRig_Spine2-visibility-animation-output"/><input semantic="IN_TANGENT" source="#BatRig_Spine2-visibility-animation-intan"/><input semantic="OUT_TANGENT" source="#BatRig_Spine2-visibility-animation-outtan"/><input semantic="INTERPOLATION" source="#BatRig_Spine2-visibility-animation-interpolation"/></sampler><channel source="#BatRig_Spine2-visibility-animation" target="BatRig_Spine2/visibility"/></animation></animation>
    <animation id="BatRig_Spine3-anim" name="BatRig_Spine3"><animation><source id="BatRig_Spine3-Matrix-animation-input"><float_array id="BatRig_Spine3-Matrix-animation-input-array" count="20">

0.000000 0.041667 0.083333 0.125000 0.166667 0.208333 0.250000 0.291667 0.333333 0.375000 0.416667 0.458333 0.500000 0.541667 0.583333 0.625000
0.666667 0.708333 0.750000 0.791667</float_array><technique_common><accessor source="#BatRig_Spine3-Matrix-animation-input-array" count="20"><param name="TIME" type="float"/></accessor></technique_common></source><source id="BatRig_Spine3-Matrix-animation-output-transform"><float_array id="BatRig_Spine3-Matrix-animation-output-transform-array" count="320">

0.989983 -0.129988 -0.055108 0.000001 0.124889 0.988294 -0.087618 13.030716 0.065852 0.079858 0.994629 -1.061704 0.000000 0.000000 0.000000 1.000000
0.989983 -0.129988 -0.055108 0.000001 0.124889 0.988294 -0.087618 13.030716 0.065852 0.079858 0.994629 -1.061704 0.000000 0.000000 0.000000 1.000000
0.991213 -0.126377 -0.039050 0.000001 0.123108 0.989395 -0.077089 13.030716 0.048378 0.071604 0.996259 -1.061704 0.000000 0.000000 0.000000 1.000000
