<?xml version="1.0" encoding="utf-8"?>
<COLLADA xmlns="http://www.collada.org/2005/11/COLLADASchema" version="1.4.1">
  <asset><contributor><author></author><authoring_tool>FBX COLLADA exporter</authoring_tool><comments></comments></contributor><created>2017-08-30T19:40:37Z</created><keywords></keywords><modified>2017-08-30T19:40:37Z</modified><revision></revision><subject></subject><title></title><unit meter="0.010000" name="centimeter"></unit><up_axis>Y_UP</up_axis></asset>
  <library_animations>
    <animation id="BatRig_Reference-anim" name="BatRig_Reference"><animation><source id="BatRig_Reference-Matrix-animation-input"><float_array id="BatRig_Reference-Matrix-animation-input-array" count="18">

0.000000 0.041667 0.083333 0.125000 0.166667 0.208333 0.250000 0.291667 0.333333 0.375000 0.416667 0.458333 0.500000 0.541667 0.583333 0.625000
0.666667 0.708333</float_array><technique_common><accessor source="#BatRig_Reference-Matrix-animation-input-array" count="18"><param name="TIME" type="float"/></accessor></technique_common></source><source id="BatRig_Reference-Matrix-animation-output-transform"><float_array id="BatRig_Reference-Matrix-animation-output-transform-array" count="288">

1.000000 0.000000 0.000000 -6.149369 0.000000 1.000000 0.000000 0.000000 0.000000 0.000000 1.000000 -3.034430 0.000000 0.000000 0.000000 1.000000
1.000000 0.000000 0.000000 -6.149369 0.000000 1.000000 0.000000 0.000000 0.000000 0.000000 1.000000 -3.034430 0.000000 0.000000 0.000000 1.000000
1.000000 0.000000 0.000000 -18.925379 0.000000 1.000000 0.000000 0.000000 0.000000 0.000000 1.000000 0.814873 0.000000 0.000000 0.000000 1.000000
1.000000 0.000000 0.000000 -24.228636 0.000000 1.000000 0.000000 0.000000 0.000000 0.000000 1.000000 2.146523 0.000000 0.000000 0.000000 1.000000
1.000000 0.000000 0.000000 -27.383038 0.000000 1.000000 0.000000 0.000000 0.000000 0.000000 1.000000 2.752662 0.000000 0.000000 0.000000 1.000000
1.000000 0.000000 0.000000 -28.443630 0.000000 1.000000 0.000000 0.000000 0.000000 0.000000 1.000000 2.881140 0.000000 0.000000 0.000000 1.000000
1.000000 0.000000 0.000000 -28.336849 0.000000 1.000000 0.000000 0.000000 0.000000 0.000000 1.000000 2.829096 0.000000 0.000000 0.000000 1.000000
1.000000 0.000000 0.000000 -28.066103 0.000000 1.000000 0.000000 0.000000 0.000000 0.000000 1.000000 2.709762 0.000000 0.000000 0.000000 1.000000
1.000000 0.000000 0.000000 -27.801130 0.000000 1.000000 0.000000 0.000000 0.000000 0.000000 1.000000 2.497023 0.000000 0.000000 0.000000 1.000000
1.000000 0.000000 0.000000 -27.558685 0.000000 1.000000 0.000000 0.000000 0.000000 0.000000 1.000000 2.286413 0.000000 0.000000 0.000000 1.000000
1.000000 0.000000 0.000000 -27.320883 0.000000 1.000000 0.000000 0.000000 0.000000 0.000000 1.000000 1.885541 0.000000 0.000000 0.000000 1.000000
1.000000 0.000000 0.000000 -27.204920 0.000000 1.000000 0.000000 0.000000 0.000000 0.000000 1.000000 0.838019 0.000000 0.000000 0.000000 1.000000
1.000000 0.000000 0.000000 -28.022671 0.000000 1.000000 0.000000 0.000000 0.000000 0.000000 1.000000 -1.812955 0.000000 0.000000 0.000000 1.000000
1.000000 0.000000 0.000000 -29.852674 0.000000 1.000000 0.000000 0.000000 0.000000 0.000000 1.000000 -5.129715 0.000000 0.000000 0.000000 1.000000
1.000000 0.000000 0.000000 -31.712383 0.000000 1.000000 0.000000 0.000000 0.000000 0.000000 1.000000 -6.726803 0.000000 0.000000 0.000000 1.000000
1.000000 0.000000 0.000000 -34.349762 0.000000 1.000000 0.000000 0.000000 0.000000 0.000000 1.000000 -5.438968 0.000000 0.000000 0.000000 1.000000
1.000000 0.000000 0.000000 -36.148502 0.000000 1.000000 0.000000 0.000000 0.000000 0.000000 1.000000 -3.961272 0.000000 0.000000 0.000000 1.000000
1.000000 0.000000 0.000000 -36.148502 0.000000 1.000000 0.000000 0.000000 0.000000 0.000000 1.000000 -3.961272 0.000000 0.000000 0.000000 1.000000</float_array><technique_common><accessor source="#BatRig_Reference-Matrix-animation-output-transform-array" count="18" stride="16"><param type="float4x4"/></accessor></technique_common></source><source id="BatRig_Reference-Interpolations"><Name_array id="BatRig_Reference-Interpolations-array" count="18">
 LINEAR LINEAR LINEAR LINEAR LINEAR LINEAR LINEAR LINEAR LINEAR LINEAR LINEAR
LINEAR LINEAR LINEAR LINEAR LINEAR LINEAR LINEAR</Name_array><technique_common><accessor source="#BatRig_Reference-Interpolations-array" count="18"><param type="name"/></accessor></technique_common></source><sampler id="BatRig_Reference-Matrix-animation-transform"><input semantic="INPUT" source="#BatRig_Reference-Matrix-animation-input"/><input semantic="OUTPUT" source="#BatRig_Reference-Matrix-animation-output-transform"/><input semantic="INTERPOLATION" source="#BatRig_Reference-Interpolations"/></sampler><channel source="#BatRig_Reference-Matrix-animation-transform" target="BatRig_Reference/matrix"/></animation><animation><source id="BatRig_Reference-visibility-animation-input"><float_array id="BatRig_Reference-visibility-animation-input-array" count="18">

0.000000 0.041667 0.083333 0.125000 0.166667 0.208333 0.250000 0.291667 0.333333 0.375000 0.416667 0.458333 0.500000 0.541667 0.583333 0.625000
0.666667 0.708333</float_array><technique_common><accessor source="#BatRig_Reference-visibility-animation-input-array" count="18"><param name="TIME" type="float"/></accessor></technique_common></source><source id="BatRig_Reference-visibility-animation-output"><float_array id="BatRig_Reference-visibility-animation-output-array" count="18">

1.000000 1.000000 1.000000 1.000000 1.000000 1.000000 1.000000 1.000000 1.000000 1.000000 1.000000 1.000000 1.000000 1.000000 1.000000 1.000000
1.000000 1.000000</float_array><technique_common><accessor source="#BatRig_Reference-visibility-animation-output-array" count="18"><param type="float"/></accessor></technique_common></source><source id="BatRig_Reference-visibility-animation-intan"><float_array id="BatRig_Reference-visibility-animation-intan-array" count="18">

0.000000 0.000000 0.000000 0.000000 0.000000 0.000000 0.000000 0.000000 0.000000 0.000000 0.000000 0.000000 0.000000 0.000000 0.000000 0.000000
0.000000 0.000000</float_array><technique_common><accessor source="#BatRig_Reference-visibility-animation-intan-array" count="18"><param type="float"/></accessor></technique_common></source><source id="BatRig_Reference-visibility-animation-outtan"><float_array id="BatRig_Reference-visibility-animation-outtan-array" count="18">

0.000000 0.000000 0.000000 0.000000 0.000000 0.000000 0.000000 0.000000 0.000000 0.000000 0.000000 0.000000 0.000000 0.000000 0.000000 0.000000
0.000000 0.000000</float_array><technique_common><accessor source="#BatRig_Reference-visibility-animation-outtan-array" count="18"><param type="float"/></accessor></technique_common></source><source id="BatRig_Reference-visibility-animation-interpolation"><Name_array id="BatRig_Reference-visibility-animation-interpolation-array" count="18">
 STEP STEP STEP STEP STEP STEP STEP STEP STEP STEP STEP STEP STEP STEP STEP STEP STEP
BEZIER</Name_array><technique_common><accessor source="#BatRig_Reference-visibility-animation-interpolation-array" count="18"><param type="name"/></accessor></technique_common></source><sampler id="BatRig_Reference-visibility-animation"><input semantic="INPUT" source="#BatRig_Reference-visibility-animation-input"/><input semantic="OUTPUT" source="#BatRig_Reference-visibility-animation-output"/><input semantic="IN_TANGENT" source="#BatRig_Reference-visibility-animation-intan"/><input semantic="OUT_TANGENT" source="#BatRig_Reference-visibility-animation-outtan"/><input semantic="INTERPOLATION" source="#BatRig_Reference-visibility-animation-interpolation"/></sampler><channel source="#BatRig_Reference-visibility-animation" target="BatRig_Reference/visibility"/></animation></animation>
    <animation id="BatRig_Hips-anim" name="BatRig_Hips"><animation><source id="BatRig_Hips-Matrix-animation-input"><float_array id="BatRig_Hips-Matrix-animation-input-array" count="18">

0.000000 0.041667 0.083333 0.125000 0.166667 0.208333 0.250000 0.291667 0.333333 0.375000 0.416667 0.458333 0.500000 0.541667 0.583333 0.625000
0.666667 0.708333</float_array><technique_common><accessor source="#BatRig_Hips-Matrix-animation-input-array" count="18"><param name="TIME" type="float"/></accessor></technique_common></source><source id="BatRig_Hips-Matrix-animation-output-transform"><float_array id="BatRig_Hips-Matrix-animation-output-transform-array" count="288">

0.577978 0.034899 0.815306 0.000000 0.094960 0.989422 -0.109669 76.433235 -0.810509 0.140808 0.568550 0.000000 0.000000 0.000000 0.000000 1.000000
0.577978 0.034899 0.815306 0.000000 0.094960 0.989422 -0.109669 76.433235 -0.810509 0.140808 0.568550 0.000000 0.000000 0.000000 0.000000 1.000000
0.580073 0.024425 0.814198 0.000000 0.089224 0.991631 -0.093316 73.237358 -0.809663 0.126776 0.573039 0.000000 0.000000 0.000000 0.000000 1.000000
0.583587 -0.008854 0.812002 0.000000 0.108296 0.991857 -0.067017 74.160439 -0.804797 0.127047 0.579794 0.000000 0.000000 0.000000 0.000000 1.000000
0.586476 -0.053471 0.808200 0.000000 0.136332 0.990099 -0.033424 75.863770 -0.798411 0.129786 0.587959 0.000000 0.000000 0.000000 0.000000 1.000000
0.585330 -0.084835 0.806345 0.000000 0.150048 0.988667 -0.004904 76.784431 -0.796790 0.123861 0.591425 0.000000 0.000000 0.000000 0.000000 1.000000
0.578038 -0.089868 0.811046 0.000000 0.135980 0.990628 0.012852 76.128761 -0.804600 0.102857 0.584841 0.000000 0.000000 0.000000 0.000000 1.000000
0.567649 -0.082118 0.819165 0.000000 0.107211 0.993913 0.025342 74.672684 -0.816260 0.073438 0.572998 0.000000 0.000000 0.000000 0.000000 1.000000
0.560927 -0.076643 0.824310 0.000000 0.080428 0.996040 0.037881 73.214523 -0.823949 0.045049 0.564870 0.000000 0.000000 0.000000 0.000000 1.000000
0.562295 -0.081241 0.822936 0.000000 0.058977 0.996568 0.058084 71.756432 -0.824831 0.015874 0.565157 0.000000 0.000000 0.000000 0.000000 1.000000
0.567777 -0.087525 0.818516 0.000000 0.039883 0.996089 0.078848 70.296646 -0.822215 -0.012123 0.569047 0.000000 0.000000 0.000000 0.000000 1.000000
0.572146 -0.086151 0.815614 0.000000 0.030308 0.996009 0.083945 69.631569 -0.819591 -0.023309 0.572474 0.000000 0.000000 0.000000 0.000000 1.000000
0.573294 -0.071752 0.816202 0.000000 0.035284 0.997396 0.062898 70.233215 -0.818590 -0.007260 0.574333 0.000000 0.000000 0.000000 0.000000 1.000000
0.573544 -0.049835 0.817657 0.000000 0.049643 0.998428 0.026031 71.669373 -0.817669 0.025661 0.575116 0.000000 0.000000 0.000000 0.000000 1.000000
0.573981 -0.027759 0.818398 0.000000 0.064973 0.997818 -0.011724 73.382675 -0.816287 0.059903 0.574532 0.000000 0.000000 0.000000 0.000000 1.000000
0.574865 -0.005776 0.818228 0.000000 0.080408 0.995534 -0.049465 76.673073 -0.814288 0.094228 0.572762 0.000000 0.000000 0.000000 0.000000 1.000000
0.575985 0.016301 0.817298 0.000000 0.096760 0.991413 -0.087965 79.140083 -0.811713 0.129748 0.569462 0.000000 0.000000 0.000000 0.000000 1.000000
0.575985 0.016301 0.817298 0.000000 0.096760 0.991413 -0.087965 79.140083 -0.811713 0.129748 0.569462 0.000000 0.000000 0.000000 0.000000 1.000000</float_array><technique_common><accessor source="#BatRig_Hips-Matrix-animation-output-transform-array" count="18" stride="16"><param type="float4x4"/></accessor></technique_common></source><source id="BatRig_Hips-Interpolations"><Name_array id="BatRig_Hips-Interpolations-array" count="18">
 LINEAR LINEAR LINEAR LINEAR LINEAR LINEAR LINEAR LINEAR LINEAR LINEAR LINEAR
LINEAR LINEAR LINEAR LINEAR LINEAR LINEAR LINEAR</Name_array><technique_common><accessor source="#BatRig_Hips-Interpolations-array" count="18"><param type="name"/></accessor></technique_common></source><sampler id="BatRig_Hips-Matrix-animation-transform"><input semantic="INPUT" source="#BatRig_Hips-Matrix-animation-input"/><input semantic="OUTPUT" source="#BatRig_Hips-Matrix-animation-output-transform"/><input semantic="INTERPOLATION" source="#BatRig_Hips-Interpolations"/></sampler><channel source="#BatRig_Hips-Matrix-animation-transform" target="BatRig_Hips/matrix"/></animation><animation><source id="BatRig_Hips-visibility-animation-input"><float_array id="BatRig_Hips-visibility-animation-input-array" count="18">

0.000000 0.041667 0.083333 0.125000 0.166667 0.208333 0.250000 0.291667 0.333333 0.375000 0.416667 0.458333 0.500000 0.541667 0.583333 0.625000
0.666667 0.708333</float_array><technique_common><accessor source="#BatRig_Hips-visibility-animation-input-array" count="18"><param name="TIME" type="float"/></accessor></technique_common></source><source id="BatRig_Hips-visibility-animation-output"><float_array id="BatRig_Hips-visibility-animation-output-array" count="18">

1.000000 1.000000 1.000000 1.000000 1.000000 1.000000 1.000000 1.000000 1.000000 1.000000 1.000000 1.000000 1.000000 1.000000 1.000000 1.000000
1.000000 1.000000</float_array><technique_common><accessor source="#BatRig_Hips-visibility-animation-output-array" count="18"><param type="float"/></accessor></technique_common></source><source id="BatRig_Hips-visibility-animation-intan"><float_array id="BatRig_Hips-visibility-animation-intan-array" count="18">

0.000000 0.000000 0.000000 0.000000 0.000000 0.000000 0.000000 0.000000 0.000000 0.000000 0.000000 0.000000 0.000000 0.000000 0.000000 0.000000
0.000000 0.000000</float_array><technique_common><accessor source="#BatRig_Hips-visibility-animation-intan-array" count="18"><param type="float"/></accessor></technique_common></source><source id="BatRig_Hips-visibility-animation-outtan"><float_array id="BatRig_Hips-visibility-animation-outtan-array" count="18">

0.000000 0.000000 0.000000 0.000000 0.000000 0.000000 0.000000 0.000000 0.000000 0.000000 0.000000 0.000000 0.000000 0.000000 0.000000 0.000000
0.000000 0.000000</float_array><technique_common><accessor source="#BatRig_Hips-visibility-animation-outtan-array" count="18"><param type="float"/></accessor></technique_common></source><source id="BatRig_Hips-visibility-animation-interpolation"><Name_array id="BatRig_Hips-visibility-animation-interpolation-array" count="18">
 STEP STEP STEP STEP STEP STEP STEP STEP STEP STEP STEP STEP STEP STEP STEP STEP STEP
BEZIER</Name_array><technique_common><accessor source="#BatRig_Hips-visibility-animation-interpolation-array" count="18"><param type="name"/></accessor></technique_common></source><sampler id="BatRig_Hips-visibility-animation"><input semantic="INPUT" source="#BatRig_Hips-visibility-animation-input"/><input semantic="OUTPUT" source="#BatRig_Hips-visibility-animation-output"/><input semantic="IN_TANGENT" source="#BatRig_Hips-visibility-animation-intan"/><input semantic="OUT_TANGENT" source="#BatRig_Hips-visibility-animation-outtan"/><input semantic="INTERPOLATION" source="#BatRig_Hips-visibility-animation-interpolation"/></sampler><channel source="#BatRig_Hips-visibility-animation" target="BatRig_Hips/visibility"/></animation></animation>
    <animation id="BatRig_Spine-anim" name="BatRig_Spine"><animation><source id="BatRig_Spine-Matrix-animation-input"><float_array id="BatRig_Spine-Matrix-animation-input-array" count="18">

0.000000 0.041667 0.083333 0.125000 0.166667 0.208333 0.250000 0.291667 0.333333 0.375000 0.416667 0.458333 0.500000 0.541667 0.583333 0.625000
0.666667 0.708333</float_array><technique_common><accessor source="#BatRig_Spine-Matrix-animation-input-array" count="18"><param name="TIME" type="float"/></accessor></technique_common></source><source id="BatRig_Spine-Matrix-animation-output-transform"><float_array id="BatRig_Spine-Matrix-animation-output-transform-array" count="288">

0.998236 0.052905 -0.026941 -0.000001 -0.052305 0.998377 0.022517 3.725677 0.028089 -0.021068 0.999383 0.000001 0.000000 0.000000 0.000000 1.000000
0.998236 0.052905 -0.026941 -0.000001 -0.052305 0.998377 0.022517 3.725677 0.028089 -0.021068 0.999383 0.000001 0.000000 0.000000 0.000000 1.000000
0.996006 0.085965 -0.024115 -0.000001 -0.085091 0.995752 0.035172 3.725677 0.027036 -0.032980 0.999090 0.000001 0.000000 0.000000 0.000000 1.000000
0.994790 0.097691 -0.029147 -0.000001 -0.098346 0.994910 -0.021970 3.725677 0.026852 0.024722 0.999334 0.000001 0.000000 0.000000 0.000000 1.000000
0.993992 0.102330 -0.038844 -0.000001 -0.106598 0.985589 -0.131343 3.725677 0.024844 0.134695 0.990576 0.000001 0.000000 0.000000 0.000000 1.000000
0.993646 0.103151 -0.045024 -0.000001 -0.110114 0.973736 -0.199282 3.725677 0.023285 0.202974 0.978907 0.000001 0.000000 0.000000 0.000000 1.000000
0.994570 0.093246 -0.046208 -0.000001 -0.100962 0.972220 -0.211174 3.725677 0.025233 0.214693 0.976356 0.000001 0.000000 0.000000 0.000000 1.000000
0.996353 0.071423 -0.046678 -0.000001 -0.079878 0.973111 -0.216042 3.725677 0.029993 0.218983 0.975268 0.000001 0.000000 0.000000 0.000000 1.000000
0.997669 0.049567 -0.046910 -0.000001 -0.058678 0.974014 -0.218755 3.725677 0.034848 0.220998 0.974651 0.000001 0.000000 0.000000 0.000000 1.000000
0.998505 0.027687 -0.047120 -0.000001 -0.037471 0.974446 -0.221476 3.725677 0.039784 0.222911 0.974027 0.000001 0.000000 0.000000 0.000000 1.000000
0.998869 0.005791 -0.047200 -0.000001 -0.016194 0.974657 -0.223117 3.725677 0.044712 0.223629 0.973648 0.000001 0.000000 0.000000 0.000000 1.000000
0.998876 -0.004161 -0.047210 -0.000001 -0.006511 0.974644 -0.223665 3.725677 0.046944 0.223721 0.973522 0.000001 0.000000 0.000000 0.000000 1.000000
0.998970 -0.002990 -0.045267 -0.000001 -0.006583 0.977711 -0.209853 3.725677 0.044885 0.209935 0.976685 0.000001 0.000000 0.000000 0.000000 1.000000
0.999155 -0.000011 -0.041102 -0.000001 -0.007260 0.984230 -0.176743 3.725677 0.040456 0.176892 0.983398 0.000001 0.000000 0.000000 0.000000 1.000000
0.999299 0.003978 -0.037218 -0.000001 -0.009044 0.990536 -0.136952 3.725677 0.036321 0.137193 0.989878 0.000001 0.000000 0.000000 0.000000 1.000000
0.999375 0.012857 -0.032923 -0.000001 -0.014825 0.998074 -0.060234 3.725677 0.032085 0.060684 0.997641 0.000001 0.000000 0.000000 0.000000 1.000000
0.999347 0.019767 -0.030263 -0.000001 -0.019844 0.999801 -0.002255 3.725677 0.030212 0.002854 0.999539 0.000001 0.000000 0.000000 0.000000 1.000000
0.999347 0.019767 -0.030263 -0.000001 -0.019844 0.999801 -0.002255 3.725677 0.030212 0.002854 0.999539 0.000001 0.000000 0.000000 0.000000 1.000000</float_array><technique_common><accessor source="#BatRig_Spine-Matrix-animation-output-transform-array" count="18" stride="16"><param type="float4x4"/></accessor></technique_common></source><source id="BatRig_Spine-Interpolations"><Name_array id="BatRig_Spine-Interpolations-array" count="18">
 LINEAR LINEAR LINEAR LINEAR LINEAR LINEAR LINEAR LINEAR LINEAR LINEAR LINEAR
LINEAR LINEAR LINEAR LINEAR LINEAR LINEAR LINEAR</Name_array><technique_common><accessor source="#BatRig_Spine-Interpolations-array" count="18"><param type="name"/></accessor></technique_common></source><sampler id="BatRig_Spine-Matrix-animation-transform"><input semantic="INPUT" source="#BatRig_Spine-Matrix-animation-input"/><input semantic="OUTPUT" source="#BatRig_Spine-Matrix-animation-output-transform"/><input semantic="INTERPOLATION" source="#BatRig_Spine-Interpolations"/></sampler><channel source="#BatRig_Spine-Matrix-animation-transform" target="BatRig_Spine/matrix"/></animation><animation><source id="BatRig_Spine-visibility-animation-input"><float_array id="BatRig_Spine-visibility-animation-input-array" count="18">

0.000000 0.041667 0.083333 0.125000 0.166667 0.208333 0.250000 0.291667 0.333333 0.375000 0.416667 0.458333 0.500000 0.541667 0.583333 0.625000
0.666667 0.708333</float_array><technique_common><accessor source="#BatRig_Spine-visibility-animation-input-array" count="18"><param name="TIME" type="float"/></accessor></technique_common></source><source id="BatRig_Spine-visibility-animation-output"><float_array id="BatRig_Spine-visibility-animation-output-array" count="18">

1.000000 1.000000 1.000000 1.000000 1.000000 1.000000 1.000000 1.000000 1.000000 1.000000 1.000000 1.000000 1.000000 1.000000 1.000000 1.000000
1.000000 1.000000</float_array><technique_common><accessor source="#BatRig_Spine-visibility-animation-output-array" count="18"><param type="float"/></accessor></technique_common></source><source id="BatRig_Spine-visibility-animation-intan"><float_array id="BatRig_Spine-visibility-animation-intan-array" count="18">

0.000000 0.000000 0.000000 0.000000 0.000000 0.000000 0.000000 0.000000 0.000000 0.000000 0.000000 0.000000 0.000000 0.000000 0.000000 0.000000
0.000000 0.000000</float_array><technique_common><accessor source="#BatRig_Spine-visibility-animation-intan-array" count="18"><param type="float"/></accessor></technique_common></source><source id="BatRig_Spine-visibility-animation-outtan"><float_array id="BatRig_Spine-visibility-animation-outtan-array" count="18">

0.000000 0.000000 0.000000 0.000000 0.000000 0.000000 0.000000 0.000000 0.000000 0.000000 0.000000 0.000000 0.000000 0.000000 0.000000 0.000000
0.000000 0.000000</float_array><technique_common><accessor source="#BatRig_Spine-visibility-animation-outtan-array" count="18"><param type="float"/></accessor></technique_common></source><source id="BatRig_Spine-visibility-animation-interpolation"><Name_array id="BatRig_Spine-visibility-animation-interpolation-array" count="18">
 STEP STEP STEP STEP STEP STEP STEP STEP STEP STEP STEP STEP STEP STEP STEP STEP STEP
BEZIER</Name_array><technique_common><accessor source="#BatRig_Spine-visibility-animation-interpolation-array" count="18"><param type="name"/></accessor></technique_common></source><sampler id="BatRig_Spine-visibility-animation"><input semantic="INPUT" source="#BatRig_Spine-visibility-animation-input"/><input semantic="OUTPUT" source="#BatRig_Spine-visibility-animation-output"/><input semantic="IN_TANGENT" source="#BatRig_Spine-visibility-animation-intan"/><input semantic="OUT_TANGENT" source="#BatRig_Spine-visibility-animation-outtan"/><input semantic="INTERPOLATION" source="#BatRig_Spine-visibility-animation-interpolation"/></sampler><channel source="#BatRig_Spine-visibility-animation" target="BatRig_Spine/visibility"/></animation></animation>
    <animation id="BatRig_Spine1-anim" name="BatRig_Spine1"><animation><source id="BatRig_Spine1-Matrix-animation-input"><float_array id="BatRig_Spine1-Matrix-animation-input-array" count="18">

0.000000 0.041667 0.083333 0.125000 0.166667 0.208333 0.250000 0.291667 0.333333 0.375000 0.416667 0.458333 0.500000 0.541667 0.583333 0.625000
0.666667 0.708333</float_array><technique_common><accessor source="#BatRig_Spine1-Matrix-animation-input-array" count="18"><param name="TIME" type="float"/></accessor></technique_common></source><source id="BatRig_Spine1-Matrix-animation-output-transform"><float_array id="BatRig_Spine1-Matrix-animation-output-transform-array" count="288">

0.999893 0.014608 0.000125 0.000002 -0.014604 0.999753 -0.016782 10.999832 -0.000370 0.016778 0.999859 -0.000003 0.000000 0.000000 0.000000 1.000000
0.999893 0.014608 0.000125 0.000002 -0.014604 0.999753 -0.016782 10.999832 -0.000370 0.016778 0.999859 -0.000003 0.000000 0.000000 0.000000 1.000000
0.999993 0.003600 0.001315 0.000002 -0.003567 0.999694 -0.024486 10.999832 -0.001403 0.024481 0.999699 -0.000003 0.000000 0.000000 0.000000 1.000000
0.999836 0.017999 0.002097 0.000002 -0.017965 0.999722 -0.015273 10.999832 -0.002371 0.015233 0.999881 -0.000003 0.000000 0.000000 0.000000 1.000000
0.998996 0.044726 0.002741 0.000002 -0.044731 0.998997 0.001813 10.999832 -0.002657 -0.001934 0.999995 -0.000003 0.000000 0.000000 0.000000 1.000000
0.998246 0.059104 0.003262 0.000002 -0.059137 0.998189 0.010988 10.999832 -0.002607 -0.011162 0.999934 -0.000003 0.000000 0.000000 0.000000 1.000000
0.998602 0.052739 0.003652 0.000002 -0.052771 0.998562 0.009404 10.999832 -0.003151 -0.009584 0.999949 -0.000003 0.000000 0.000000 0.000000 1.000000
0.999242 0.038728 0.003923 0.000002 -0.038751 0.999232 0.005895 10.999832 -0.003692 -0.006043 0.999975 -0.000003 0.000000 0.000000 0.000000 1.000000
0.999686 0.024712 0.004136 0.000002 -0.024721 0.999692 0.002240 10.999832 -0.004079 -0.002342 0.999989 -0.000003 0.000000 0.000000 0.000000 1.000000
0.999934 0.010689 0.004315 0.000002 -0.010682 0.999942 -0.001565 10.999832 -0.004331 0.001519 0.999989 -0.000003 0.000000 0.000000 0.000000 1.000000
0.999985 -0.003337 0.004434 0.000002 0.003361 0.999979 -0.005523 10.999832 -0.004415 0.005538 0.999975 -0.000003 0.000000 0.000000 0.000000 1.000000
0.999943 -0.009710 0.004477 0.000002 0.009745 0.999922 -0.007861 10.999832 -0.004400 0.007904 0.999959 -0.000003 0.000000 0.000000 0.000000 1.000000
0.999967 -0.006978 0.004128 0.000002 0.007013 0.999939 -0.008493 10.999832 -0.004068 0.008522 0.999955 -0.000003 0.000000 0.000000 0.000000 1.000000
0.999994 -0.000612 0.003303 0.000002 0.000641 0.999962 -0.008720 10.999832 -0.003298 0.008722 0.999957 -0.000003 0.000000 0.000000 0.000000 1.000000
0.999975 0.006643 0.002343 0.000002 -0.006622 0.999939 -0.008859 10.999832 -0.002402 0.008843 0.999958 -0.000003 0.000000 0.000000 0.000000 1.000000
0.999809 0.019530 0.000574 0.000002 -0.019524 0.999769 -0.009032 10.999832 -0.000750 0.009019 0.999959 -0.000003 0.000000 0.000000 0.000000 1.000000
0.999578 0.029046 -0.000745 0.000002 -0.029052 0.999537 -0.009049 10.999832 0.000482 0.009067 0.999959 -0.000003 0.000000 0.000000 0.000000 1.000000
0.999578 0.029046 -0.000745 0.000002 -0.029052 0.999537 -0.009049 10.999832 0.000482 0.009067 0.999959 -0.000003 0.000000 0.000000 0.000000 1.000000</float_array><technique_common><accessor source="#BatRig_Spine1-Matrix-animation-output-transform-array" count="18" stride="16"><param type="float4x4"/></accessor></technique_common></source><source id="BatRig_Spine1-Interpolations"><Name_array id="BatRig_Spine1-Interpolations-array" count="18">
 LINEAR LINEAR LINEAR LINEAR LINEAR LINEAR LINEAR LINEAR LINEAR LINEAR LINEAR
LINEAR LINEAR LINEAR LINEAR LINEAR LINEAR LINEAR</Name_array><technique_common><accessor source="#BatRig_Spine1-Interpolations-array" count="18"><param type="name"/></accessor></technique_common></source><sampler id="BatRig_Spine1-Matrix-animation-transform"><input semantic="INPUT" source="#BatRig_Spine1-Matrix-animation-input"/><input semantic="OUTPUT" source="#BatRig_Spine1-Matrix-animation-output-transform"/><input semantic="INTERPOLATION" source="#BatRig_Spine1-Interpolations"/></sampler><channel source="#BatRig_Spine1-Matrix-animation-transform" target="BatRig_Spine1/matrix"/></animation><animation><source id="BatRig_Spine1-visibility-animation-input"><float_array id="BatRig_Spine1-visibility-animation-input-array" count="18">

0.000000 0.041667 0.083333 0.125000 0.166667 0.208333 0.250000 0.291667 0.333333 0.375000 0.416667 0.458333 0.500000 0.541667 0.583333 0.625000
0.666667 0.708333</float_array><technique_common><accessor source="#BatRig_Spine1-visibility-animation-input-array" count="18"><param name="TIME" type="float"/></accessor></technique_common></source><source id="BatRig_Spine1-visibility-animation-output"><float_array id="BatRig_Spine1-visibility-animation-output-array" count="18">

1.000000 1.000000 1.000000 1.000000 1.000000 1.000000 1.000000 1.000000 1.000000 1.000000 1.000000 1.000000 1.000000 1.000000 1.000000 1.000000
1.000000 1.000000</float_array><technique_common><accessor source="#BatRig_Spine1-visibility-animation-output-array" count="18"><param type="float"/></accessor></technique_common></source><source id="BatRig_Spine1-visibility-animation-intan"><float_array id="BatRig_Spine1-visibility-animation-intan-array" count="18">

0.000000 0.000000 0.000000 0.000000 0.000000 0.000000 0.000000 0.000000 0.000000 0.000000 0.000000 0.000000 0.000000 0.000000 0.000000 0.000000
0.000000 0.000000</float_array><technique_common><accessor source="#BatRig_Spine1-visibility-animation-intan-array" count="18"><param type="float"/></accessor></technique_common></source><source id="BatRig_Spine1-visibility-animation-outtan"><float_array id="BatRig_Spine1-visibility-animation-outtan-array" count="18">

0.000000 0.000000 0.000000 0.000000 0.000000 0.000000 0.000000 0.000000 0.000000 0.000000 0.000000 0.000000 0.000000 0.000000 0.000000 0.000000
0.000000 0.000000</float_array><technique_common><accessor source="#BatRig_Spine1-visibility-animation-outtan-array" count="18"><param type="float"/></accessor></technique_common></source><source id="BatRig_Spine1-visibility-animation-interpolation"><Name_array id="BatRig_Spine1-visibility-animation-interpolation-array" count="18">
 STEP STEP STEP STEP STEP STEP STEP STEP STEP STEP STEP STEP STEP STEP STEP STEP STEP
BEZIER</Name_array><technique_common><accessor source="#BatRig_Spine1-visibility-animation-interpolation-array" count="18"><param type="name"/></accessor></technique_common></source><sampler id="BatRig_Spine1-visibility-animation"><input semantic="INPUT" source="#BatRig_Spine1-visibility-animation-input"/><input semantic="OUTPUT" source="#BatRig_Spine1-visibility-animation-output"/><input semantic="IN_TANGENT" source="#BatRig_Spine1-visibility-animation-intan"/><input semantic="OUT_TANGENT" source="#BatRig_Spine1-visibility-animation-outtan"/><input semantic="INTERPOLATION" source="#BatRig_Spine1-visibility-animation-interpolation"/></sampler><channel source="#BatRig_Spine1-visibility-animation" target="BatRig_Spine1/visibility"/></animation></animation>
    <animation id="BatRig_Spine2-anim" name="BatRig_Spine2"><animation><source id="BatRig_Spine2-Matrix-animation-input"><float_array id="BatRig_Spine2-Matrix-animation-input-array" count="18">

0.000000 0.041667 0.083333 0.125000 0.166667 0.208333 0.250000 0.291667 0.333333 0.375000 0.416667 0.458333 0.500000 0.541667 0.583333 0.625000
0.666667 0.708333</float_array><technique_common><accessor source="#BatRig_Spine2-Matrix-animation-input-array" count="18"><param name="TIME" type="float"/></accessor></technique_common></source><source id="BatRig_Spine2-Matrix-animation-output-transform"><float_array id="BatRig_Spine2-Matrix-animation-output-transform-array" count="288">

0.999893 0.014576 0.000869 -0.000000 -0.014559 0.999753 -0.016769 11.776703 -0.001113 0.016755 0.999859 0.000004 0.000000 0.000000 0.000000 1.000000
0.999893 0.014576 0.000869 -0.000000 -0.014559 0.999753 -0.016769 11.776703 -0.001113 0.016755 0.999859 0.000004 0.000000 0.000000 0.000000 1.000000
0.999993 0.003536 0.001502 0.000000 -0.003498 0.999694 -0.024482 11.776703 -0.001588 0.024477 0.999699 0.000004 0.000000 0.000000 0.000000 1.000000
0.999837 0.018024 0.000786 0.000000 -0.018010 0.999718 -0.015449 11.776703 -0.001064 0.015432 0.999880 0.000004 0.000000 0.000000 0.000000 1.000000
0.998990 0.044919 -0.000547 0.000000 -0.044918 0.998990 0.001341 11.776703 0.000607 -0.001315 0.999999 0.000004 0.000000 0.000000 0.000000 1.000000
0.998234 0.059386 -0.001265 0.000000 -0.059370 0.998182 0.010385 11.776703 0.001879 -0.010292 0.999945 0.000004 0.000000 0.000000 0.000000 1.000000
0.998594 0.053000 -0.000744 0.000000 -0.052991 0.998556 0.008837 11.776703 0.001211 -0.008785 0.999961 0.000004 0.000000 0.000000 0.000000 1.000000
0.999241 0.038940 0.000402 0.000000 -0.038942 0.999227 0.005387 11.776703 -0.000192 -0.005399 0.999985 0.000004 0.000000 0.000000 0.000000 1.000000
0.999689 0.024875 0.001542 0.000000 -0.024878 0.999689 0.001813 11.776703 -0.001496 -0.001851 0.999997 0.000004 0.000000 0.000000 0.000000 1.000000
0.999938 0.010803 0.002682 -0.000000 -0.010798 0.999940 -0.001886 11.776703 -0.002702 0.001857 0.999995 0.000004 0.000000 0.000000 0.000000 1.000000
0.999987 -0.003271 0.003812 0.000000 0.003293 0.999978 -0.005710 11.776703 -0.003793 0.005722 0.999976 0.000004 0.000000 0.000000 0.000000 1.000000
0.999944 -0.009671 0.004287 0.000000 0.009705 0.999921 -0.007927 11.776703 -0.004210 0.007968 0.999959 0.000004 0.000000 0.000000 0.000000 1.000000
0.999968 -0.006943 0.003981 -0.000000 0.006977 0.999940 -0.008492 11.776703 -0.003922 0.008520 0.999956 0.000004 0.000000 0.000000 0.000000 1.000000
0.999994 -0.000578 0.003349 0.000000 0.000607 0.999962 -0.008696 11.776703 -0.003344 0.008698 0.999957 0.000004 0.000000 0.000000 0.000000 1.000000
0.999974 0.006675 0.002609 0.000000 -0.006652 0.999939 -0.008827 11.776703 -0.002668 0.008809 0.999958 0.000004 0.000000 0.000000 0.000000 1.000000
0.999808 0.019554 0.001216 -0.000000 -0.019542 0.999768 -0.009006 11.776703 -0.001392 0.008980 0.999959 0.000004 0.000000 0.000000 0.000000 1.000000
0.999578 0.029062 0.000177 0.000000 -0.029059 0.999537 -0.009052 11.776703 -0.000440 0.009043 0.999959 0.000004 0.000000 0.000000 0.000000 1.000000
0.999578 0.029062 0.000177 0.000000 -0.029059 0.999537 -0.009052 11.776703 -0.000440 0.009043 0.999959 0.000004 0.000000 0.000000 0.000000 1.000000</float_array><technique_common><accessor source="#BatRig_Spine2-Matrix-animation-output-transform-array" count="18" stride="16"><param type="float4x4"/></accessor></technique_common></source><source id="BatRig_Spine2-Interpolations"><Name_array id="BatRig_Spine2-Interpolations-array" count="18">
 LINEAR LINEAR LINEAR LINEAR LINEAR LINEAR LINEAR LINEAR LINEAR LINEAR LINEAR
LINEAR LINEAR LINEAR LINEAR LINEAR LINEAR LINEAR</Name_array><technique_common><accessor source="#BatRig_Spine2-Interpolations-array" count="18"><param type="name"/></accessor></technique_common></source><sampler id="BatRig_Spine2-Matrix-animation-transform"><input semantic="INPUT" source="#BatRig_Spine2-Matrix-animation-input"/><input semantic="OUTPUT" source="#BatRig_Spine2-Matrix-animation-output-transform"/><input semantic="INTERPOLATION" source="#BatRig_Spine2-Interpolations"/></sampler><channel source="#BatRig_Spine2-Matrix-animation-transform" target="BatRig_Spine2/matrix"/></animation><animation><source id="BatRig_Spine2-visibility-animation-input"><float_array id="BatRig_Spine2-visibility-animation-input-array" count="18">

0.000000 0.041667 0.083333 0.125000 0.166667 0.208333 0.250000 0.291667 0.333333 0.375000 0.416667 0.458333 0.500000 0.541667 0.583333 0.625000
0.666667 0.708333</float_array><technique_common><accessor source="#BatRig_Spine2-visibility-animation-input-array" count="18"><param name="TIME" type="float"/></accessor></technique_common></source><source id="BatRig_Spine2-visibility-animation-output"><float_array id="BatRig_Spine2-visibility-animation-output-array" count="18">

1.000000 1.000000 1.000000 1.000000 1.000000 1.000000 1.000000 1.000000 1.000000 1.000000 1.000000 1.000000 1.000000 1.000000 1.000000 1.000000
1.000000 1.000000</float_array><technique_common><accessor source="#BatRig_Spine2-visibility-animation-output-array" count="18"><param type="float"/></accessor></technique_common></source><source id="BatRig_Spine2-visibility-animation-intan"><float_array id="BatRig_Spine2-visibility-animation-intan-array" count="18">

0.000000 0.000000 0.000000 0.000000 0.000000 0.000000 0.000000 0.000000 0.000000 0.000000 0.000000 0.000000 0.000000 0.000000 0.000000 0.000000
0.000000 0.000000</float_array><technique_common><accessor source="#BatRig_Spine2-visibility-animation-intan-array" count="18"><param type="float"/></accessor></technique_common></source><source id="BatRig_Spine2-visibility-animation-outtan"><float_array id="BatRig_Spine2-visibility-animation-outtan-array" count="18">

0.000000 0.000000 0.000000 0.000000 0.000000 0.000000 0.000000 0.000000 0.000000 0.000000 0.000000 0.000000 0.000000 0.000000 0.000000 0.000000
0.000000 0.000000</float_array><technique_common><accessor source="#BatRig_Spine2-visibility-animation-outtan-array" count="18"><param type="float"/></accessor></technique_common></source><source id="BatRig_Spine2-visibility-animation-interpolation"><Name_array id="BatRig_Spine2-visibility-animation-interpolation-array" count="18">
 STEP STEP STEP STEP STEP STEP STEP STEP STEP STEP STEP STEP STEP STEP STEP STEP STEP
BEZIER</Name_array><technique_common><accessor source="#BatRig_Spine2-visibility-animation-interpolation-array" count="18"><param type="name"/></accessor></technique_common></source><sampler id="BatRig_Spine2-visibility-animation"><input semantic="INPUT" source="#BatRig_Spine2-visibility-animation-input"/><input semantic="OUTPUT" source="#BatRig_Spine2-visibility-animation-output"/><input semantic="IN_TANGENT" source="#BatRig_Spine2-visibility-animation-intan"/><input semantic="OUT_TANGENT" source="#BatRig_Spine2-visibility-animation-outtan"/><input semantic="INTERPOLATION" source="#BatRig_Spine2-visibility-animation-interpolation"/></sampler><channel source="#BatRig_Spine2-visibility-animation" target="BatRig_Spine2/visibility"/></animation></animation>
    <animation id="BatRig_Spine3-anim" name="BatRig_Spine3"><animation><source id="BatRig_Spine3-Matrix-animation-input"><float_array id="BatRig_Spine3-Matrix-animation-input-array" count="18">

0.000000 0.041667 0.083333 0.125000 0.166667 0.208333 0.250000 0.291667 0.333333 0.375000 0.416667 0.458333 0.500000 0.541667 0.583333 0.625000
0.666667 0.708333</float_array><technique_common><accessor source="#BatRig_Spine3-Matrix-animation-input-array" count="18"><param name="TIME" type="float"/></accessor></technique_common></source><source id="BatRig_Spine3-Matrix-animation-output-transform"><float_array id="BatRig_Spine3-Matrix-animation-output-transform-array" count="288">

0.999894 0.014527 0.001315 0.000001 -0.014503 0.999754 -0.016775 13.030716 -0.001558 0.016754 0.999858 -1.061704 0.000000 0.000000 0.000000 1.000000
0.999894 0.014527 0.001315 0.000001 -0.014503 0.999754 -0.016775 13.030716 -0.001558 0.016754 0.999858 -1.061704 0.000000 0.000000 0.000000 1.000000
0.999993 0.003465 0.001692 0.000001 -0.003423 0.999694 -0.024480 13.030716 -0.001776 0.024474 0.999699 -1.061704 0.000000 0.000000 0.000000 1.000000
0.999838 0.017990 -0.000244 0.000001 -0.017992 0.999714 -0.015747 13.030716 -0.000039 0.015749 0.999876 -1.061704 0.000000 0.000000 0.000000 1.000000
0.998982 0.044953 -0.003836 0.000001 -0.044951 0.998989 0.000623 13.030716 0.003860 -0.000450 0.999992 -1.061704 0.000000 0.000000 0.000000 1.000000
0.998214 0.059457 -0.005766 0.000001 -0.059401 0.998189 0.009515 13.030716 0.006321 -0.009156 0.999938 -1.061704 0.000000 0.000000 0.000000 1.000000
0.998579 0.053066 -0.004857 0.000001 -0.053026 0.998561 0.007995 13.030716 0.005274 -0.007726 0.999956 -1.061704 0.000000 0.000000 0.000000 1.000000
0.999235 0.038998 -0.002852 0.000001 -0.038985 0.999229 0.004635 13.030716 0.003031 -0.004520 0.999985 -1.061704 0.000000 0.000000 0.000000 1.000000
0.999689 0.024924 -0.000846 0.000001 -0.024923 0.999689 0.001197 13.030716 0.000876 -0.001176 0.999999 -1.061704 0.000000 0.000000 0.000000 1.000000
0.999941 0.010844 0.001161 0.000001 -0.010841 0.999939 -0.002319 13.030716 -0.001186 0.002306 0.999997 -1.061704 0.000000 0.000000 0.000000 1.000000
0.999990 -0.003238 0.003169 0.000001 0.003257 0.999977 -0.005912 13.030716 -0.003150 0.005922 0.999978 -1.061704 0.000000 0.000000 0.000000 1.000000
0.999945 -0.009639 0.004081 0.000001 0.009671 0.999921 -0.007990 13.030716 -0.004004 0.008029 0.999960 -1.061704 0.000000 0.000000 0.000000 1.000000
0.999969 -0.006910 0.003891 0.000001 0.006943 0.999939 -0.008532 13.030716 -0.003832 0.008559 0.999956 -1.061704 0.000000 0.000000 0.000000 1.000000
0.999994 -0.000552 0.003440 0.000001 0.000582 0.999962 -0.008728 13.030716 -0.003435 0.008730 0.999956 -1.061704 0.000000 0.000000 0.000000 1.000000
0.999973 0.006692 0.002901 0.000001 -0.006666 0.999939 -0.008855 13.030716 -0.002960 0.008835 0.999957 -1.061704 0.000000 0.000000 0.000000 1.000000
0.999807 0.019553 0.001870 0.000001 -0.019535 0.999768 -0.009023 13.030716 -0.002046 0.008985 0.999958 -1.061704 0.000000 0.000000 0.000000 1.000000
0.999577 0.029048 0.001095 0.000001 -0.029037 0.999537 -0.009062 13.030716 -0.001358 0.009026 0.999958 -1.061704 0.000000 0.000000 0.000000 1.000000
