<?xml version="1.0" encoding="utf-8"?>
<COLLADA xmlns="http://www.collada.org/2005/11/COLLADASchema" version="1.4.1">
  <asset><contributor><author></author><authoring_tool>FBX COLLADA exporter</authoring_tool><comments></comments></contributor><created>2017-08-30T19:37:59Z</created><keywords></keywords><modified>2017-08-30T19:37:59Z</modified><revision></revision><subject></subject><title></title><unit meter="0.010000" name="centimeter"></unit><up_axis>Y_UP</up_axis></asset>
  <library_animations>
    <animation id="BatRig_Reference-anim" name="BatRig_Reference"><animation><source id="BatRig_Reference-Matrix-animation-input"><float_array id="BatRig_Reference-Matrix-animation-input-array" count="18">

0.000000 0.041667 0.083333 0.125000 0.166667 0.208333 0.250000 0.291667 0.333333 0.375000 0.416667 0.458333 0.500000 0.541667 0.583333 0.625000
0.666667 0.708333</float_array><technique_common><accessor source="#BatRig_Reference-Matrix-animation-input-array" count="18"><param name="TIME" type="float"/></accessor></technique_common></source><source id="BatRig_Reference-Matrix-animation-output-transform"><float_array id="BatRig_Reference-Matrix-animation-output-transform-array" count="288">

1.000000 0.000000 0.000000 3.523743 0.000000 1.000000 0.000000 0.000000 0.000000 0.000000 1.000000 6.202098 0.000000 0.000000 0.000000 1.000000
1.000000 0.000000 0.000000 3.523743 0.000000 1.000000 0.000000 0.000000 0.000000 0.000000 1.000000 6.202098 0.000000 0.000000 0.000000 1.000000
1.000000 0.000000 0.000000 3.628810 0.000000 1.000000 0.000000 0.000000 0.000000 0.000000 1.000000 18.390362 0.000000 0.000000 0.000000 1.000000
1.000000 0.000000 0.000000 3.629277 0.000000 1.000000 0.000000 0.000000 0.000000 0.000000 1.000000 18.353823 0.000000 0.000000 0.000000 1.000000
1.000000 0.000000 0.000000 3.621235 0.000000 1.000000 0.000000 0.000000 0.000000 0.000000 1.000000 18.299143 0.000000 0.000000 0.000000 1.000000
1.000000 0.000000 0.000000 3.616849 0.000000 1.000000 0.000000 0.000000 0.000000 0.000000 1.000000 18.271688 0.000000 0.000000 0.000000 1.000000
1.000000 0.000000 0.000000 3.625876 0.000000 1.000000 0.000000 0.000000 0.000000 0.000000 1.000000 18.808369 0.000000 0.000000 0.000000 1.000000
1.000000 0.000000 0.000000 3.643715 0.000000 1.000000 0.000000 0.000000 0.000000 0.000000 1.000000 20.060038 0.000000 0.000000 0.000000 1.000000
1.000000 0.000000 0.000000 3.661026 0.000000 1.000000 0.000000 0.000000 0.000000 0.000000 1.000000 21.492682 0.000000 0.000000 0.000000 1.000000
1.000000 0.000000 0.000000 3.678679 0.000000 1.000000 0.000000 0.000000 0.000000 0.000000 1.000000 23.102757 0.000000 0.000000 0.000000 1.000000
1.000000 0.000000 0.000000 3.695807 0.000000 1.000000 0.000000 0.000000 0.000000 0.000000 1.000000 24.893936 0.000000 0.000000 0.000000 1.000000
1.000000 0.000000 0.000000 3.700461 0.000000 1.000000 0.000000 0.000000 0.000000 0.000000 1.000000 26.342272 0.000000 0.000000 0.000000 1.000000
1.000000 0.000000 0.000000 3.667486 0.000000 1.000000 0.000000 0.000000 0.000000 0.000000 1.000000 27.016790 0.000000 0.000000 0.000000 1.000000
1.000000 0.000000 0.000000 3.611339 0.000000 1.000000 0.000000 0.000000 0.000000 0.000000 1.000000 27.348524 0.000000 0.000000 0.000000 1.000000
1.000000 0.000000 0.000000 3.579533 0.000000 1.000000 0.000000 0.000000 0.000000 0.000000 1.000000 28.106453 0.000000 0.000000 0.000000 1.000000
1.000000 0.000000 0.000000 3.596212 0.000000 1.000000 0.000000 0.000000 0.000000 0.000000 1.000000 29.805365 0.000000 0.000000 0.000000 1.000000
1.000000 0.000000 0.000000 3.620627 0.000000 1.000000 0.000000 0.000000 0.000000 0.000000 1.000000 31.901613 0.000000 0.000000 0.000000 1.000000
1.000000 0.000000 0.000000 3.620627 0.000000 1.000000 0.000000 0.000000 0.000000 0.000000 1.000000 31.901613 0.000000 0.000000 0.000000 1.000000</float_array><technique_common><accessor source="#BatRig_Reference-Matrix-animation-output-transform-array" count="18" stride="16"><param type="float4x4"/></accessor></technique_common></source><source id="BatRig_Reference-Interpolations"><Name_array id="BatRig_Reference-Interpolations-array" count="18">
 LINEAR LINEAR LINEAR LINEAR LINEAR LINEAR LINEAR LINEAR LINEAR LINEAR LINEAR
LINEAR LINEAR LINEAR LINEAR LINEAR LINEAR LINEAR</Name_array><technique_common><accessor source="#BatRig_Reference-Interpolations-array" count="18"><param type="name"/></accessor></technique_common></source><sampler id="BatRig_Reference-Matrix-animation-transform"><input semantic="INPUT" source="#BatRig_Reference-Matrix-animation-input"/><input semantic="OUTPUT" source="#BatRig_Reference-Matrix-animation-output-transform"/><input semantic="INTERPOLATION" source="#BatRig_Reference-Interpolations"/></sampler><channel source="#BatRig_Reference-Matrix-animation-transform" target="BatRig_Reference/matrix"/></animation><animation><source id="BatRig_Reference-visibility-animation-input"><float_array id="BatRig_Reference-visibility-animation-input-array" count="18">

0.000000 0.041667 0.083333 0.125000 0.166667 0.208333 0.250000 0.291667 0.333333 0.375000 0.416667 0.458333 0.500000 0.541667 0.583333 0.625000
0.666667 0.708333</float_array><technique_common><accessor source="#BatRig_Reference-visibility-animation-input-array" count="18"><param name="TIME" type="float"/></accessor></technique_common></source><source id="BatRig_Reference-visibility-animation-output"><float_array id="BatRig_Reference-visibility-animation-output-array" count="18">

1.000000 1.000000 1.000000 1.000000 1.000000 1.000000 1.000000 1.000000 1.000000 1.000000 1.000000 1.000000 1.000000 1.000000 1.000000 1.000000
1.000000 1.000000</float_array><technique_common><accessor source="#BatRig_Reference-visibility-animation-output-array" count="18"><param type="float"/></accessor></technique_common></source><source id="BatRig_Reference-visibility-animation-intan"><float_array id="BatRig_Reference-visibility-animation-intan-array" count="18">

0.000000 0.000000 0.000000 0.000000 0.000000 0.000000 0.000000 0.000000 0.000000 0.000000 0.000000 0.000000 0.000000 0.000000 0.000000 0.000000
0.000000 0.000000</float_array><technique_common><accessor source="#BatRig_Reference-visibility-animation-intan-array" count="18"><param type="float"/></accessor></technique_common></source><source id="BatRig_Reference-visibility-animation-outtan"><float_array id="BatRig_Reference-visibility-animation-outtan-array" count="18">

0.000000 0.000000 0.000000 0.000000 0.000000 0.000000 0.000000 0.000000 0.000000 0.000000 0.000000 0.000000 0.000000 0.000000 0.000000 0.000000
0.000000 0.000000</float_array><technique_common><accessor source="#BatRig_Reference-visibility-animation-outtan-array" count="18"><param type="float"/></accessor></technique_common></source><source id="BatRig_Reference-visibility-animation-interpolation"><Name_array id="BatRig_Reference-visibility-animation-interpolation-array" count="18">
 STEP STEP STEP STEP STEP STEP STEP STEP STEP STEP STEP STEP STEP STEP STEP STEP STEP
BEZIER</Name_array><technique_common><accessor source="#BatRig_Reference-visibility-animation-interpolation-array" count="18"><param type="name"/></accessor></technique_common></source><sampler id="BatRig_Reference-visibility-animation"><input semantic="INPUT" source="#BatRig_Reference-visibility-animation-input"/><input semantic="OUTPUT" source="#BatRig_Reference-visibility-animation-output"/><input semantic="IN_TANGENT" source="#BatRig_Reference-visibility-animation-intan"/><input semantic="OUT_TANGENT" source="#BatRig_Reference-visibility-animation-outtan"/><input semantic="INTERPOLATION" source="#BatRig_Reference-visibility-animation-interpolation"/></sampler><channel source="#BatRig_Reference-visibility-animation" target="BatRig_Reference/visibility"/></animation></animation>
    <animation id="BatRig_Hips-anim" name="BatRig_Hips"><animation><source id="BatRig_Hips-Matrix-animation-input"><float_array id="BatRig_Hips-Matrix-animation-input-array" count="18">

0.000000 0.041667 0.083333 0.125000 0.166667 0.208333 0.250000 0.291667 0.333333 0.375000 0.416667 0.458333 0.500000 0.541667 0.583333 0.625000
0.666667 0.708333</float_array><technique_common><accessor source="#BatRig_Hips-Matrix-animation-input-array" count="18"><param name="TIME" type="float"/></accessor></technique_common></source><source id="BatRig_Hips-Matrix-animation-output-transform"><float_array id="BatRig_Hips-Matrix-animation-output-transform-array" count="288">

0.576658 0.037050 0.816145 0.000000 0.099110 0.988421 -0.114898 80.489212 -0.810952 0.147145 0.566309 0.000000 0.000000 0.000000 0.000000 1.000000
0.576658 0.037050 0.816145 0.000000 0.099110 0.988421 -0.114898 80.489212 -0.810952 0.147145 0.566309 0.000000 0.000000 0.000000 0.000000 1.000000
0.576156 0.044181 0.816145 0.000000 0.086876 0.989571 -0.114899 81.343941 -0.812710 0.137103 0.566309 0.000000 0.000000 0.000000 0.000000 1.000000
0.575677 0.049744 0.816163 0.000000 0.076987 0.990416 -0.114667 80.973389 -0.814045 0.128845 0.566330 0.000000 0.000000 0.000000 0.000000 1.000000
0.575120 0.055531 0.816182 0.000000 0.066702 0.991188 -0.114439 80.283470 -0.815345 0.120257 0.566348 0.000000 0.000000 0.000000 0.000000 1.000000
0.574865 0.058628 0.816145 0.000000 0.062010 0.991440 -0.114898 79.911400 -0.815895 0.116660 0.566309 0.000000 0.000000 0.000000 0.000000 1.000000
0.575192 0.057268 0.816011 0.000000 0.066692 0.990943 -0.116555 79.918289 -0.815295 0.121463 0.566163 0.000000 0.000000 0.000000 0.000000 1.000000
0.575838 0.053219 0.815830 0.000000 0.076964 0.989919 -0.118899 79.937019 -0.813933 0.131256 0.565937 0.000000 0.000000 0.000000 0.000000 1.000000
0.576447 0.048894 0.815670 0.000000 0.087473 0.988780 -0.121090 79.962730 -0.812439 0.141151 0.565702 0.000000 0.000000 0.000000 0.000000 1.000000
0.577007 0.044742 0.815513 0.000000 0.097803 0.987528 -0.123379 79.992744 -0.810862 0.150950 0.565435 0.000000 0.000000 0.000000 0.000000 1.000000
0.577526 0.040313 0.815376 0.000000 0.108368 0.986155 -0.125513 80.029755 -0.809148 0.160848 0.565162 0.000000 0.000000 0.000000 0.000000 1.000000
0.577778 0.036687 0.815369 0.000000 0.115095 0.985345 -0.125893 80.077438 -0.808038 0.166583 0.565088 0.000000 0.000000 0.000000 0.000000 1.000000
0.577621 0.034312 0.815584 0.000000 0.115107 0.985710 -0.122992 80.156204 -0.808149 0.164922 0.565417 0.000000 0.000000 0.000000 0.000000 1.000000
0.577252 0.032744 0.815909 0.000000 0.111289 0.986718 -0.118335 80.245819 -0.808947 0.159111 0.565941 0.000000 0.000000 0.000000 0.000000 1.000000
0.576975 0.031724 0.816145 0.000000 0.108231 0.987464 -0.114897 80.289307 -0.809559 0.154625 0.566308 0.000000 0.000000 0.000000 0.000000 1.000000
0.576917 0.031355 0.816201 0.000000 0.107722 0.987614 -0.114081 80.154434 -0.809668 0.153738 0.566394 0.000000 0.000000 0.000000 0.000000 1.000000
0.576946 0.031541 0.816173 0.000000 0.107976 0.987539 -0.114491 79.891075 -0.809614 0.154182 0.566351 0.000000 0.000000 0.000000 0.000000 1.000000
0.576946 0.031541 0.816173 0.000000 0.107976 0.987539 -0.114491 79.891075 -0.809614 0.154182 0.566351 0.000000 0.000000 0.000000 0.000000 1.000000</float_array><technique_common><accessor source="#BatRig_Hips-Matrix-animation-output-transform-array" count="18" stride="16"><param type="float4x4"/></accessor></technique_common></source><source id="BatRig_Hips-Interpolations"><Name_array id="BatRig_Hips-Interpolations-array" count="18">
 LINEAR LINEAR LINEAR LINEAR LINEAR LINEAR LINEAR LINEAR LINEAR LINEAR LINEAR
LINEAR LINEAR LINEAR LINEAR LINEAR LINEAR LINEAR</Name_array><technique_common><accessor source="#BatRig_Hips-Interpolations-array" count="18"><param type="name"/></accessor></technique_common></source><sampler id="BatRig_Hips-Matrix-animation-transform"><input semantic="INPUT" source="#BatRig_Hips-Matrix-animation-input"/><input semantic="OUTPUT" source="#BatRig_Hips-Matrix-animation-output-transform"/><input semantic="INTERPOLATION" source="#BatRig_Hips-Interpolations"/></sampler><channel source="#BatRig_Hips-Matrix-animation-transform" target="BatRig_Hips/matrix"/></animation><animation><source id="BatRig_Hips-visibility-animation-input"><float_array id="BatRig_Hips-visibility-animation-input-array" count="18">

0.000000 0.041667 0.083333 0.125000 0.166667 0.208333 0.250000 0.291667 0.333333 0.375000 0.416667 0.458333 0.500000 0.541667 0.583333 0.625000
0.666667 0.708333</float_array><technique_common><accessor source="#BatRig_Hips-visibility-animation-input-array" count="18"><param name="TIME" type="float"/></accessor></technique_common></source><source id="BatRig_Hips-visibility-animation-output"><float_array id="BatRig_Hips-visibility-animation-output-array" count="18">

1.000000 1.000000 1.000000 1.000000 1.000000 1.000000 1.000000 1.000000 1.000000 1.000000 1.000000 1.000000 1.000000 1.000000 1.000000 1.000000
1.000000 1.000000</float_array><technique_common><accessor source="#BatRig_Hips-visibility-animation-output-array" count="18"><param type="float"/></accessor></technique_common></source><source id="BatRig_Hips-visibility-animation-intan"><float_array id="BatRig_Hips-visibility-animation-intan-array" count="18">

0.000000 0.000000 0.000000 0.000000 0.000000 0.000000 0.000000 0.000000 0.000000 0.000000 0.000000 0.000000 0.000000 0.000000 0.000000 0.000000
0.000000 0.000000</float_array><technique_common><accessor source="#BatRig_Hips-visibility-animation-intan-array" count="18"><param type="float"/></accessor></technique_common></source><source id="BatRig_Hips-visibility-animation-outtan"><float_array id="BatRig_Hips-visibility-animation-outtan-array" count="18">

0.000000 0.000000 0.000000 0.000000 0.000000 0.000000 0.000000 0.000000 0.000000 0.000000 0.000000 0.000000 0.000000 0.000000 0.000000 0.000000
0.000000 0.000000</float_array><technique_common><accessor source="#BatRig_Hips-visibility-animation-outtan-array" count="18"><param type="float"/></accessor></technique_common></source><source id="BatRig_Hips-visibility-animation-interpolation"><Name_array id="BatRig_Hips-visibility-animation-interpolation-array" count="18">
 STEP STEP STEP STEP STEP STEP STEP STEP STEP STEP STEP STEP STEP STEP STEP STEP STEP
BEZIER</Name_array><technique_common><accessor source="#BatRig_Hips-visibility-animation-interpolation-array" count="18"><param type="name"/></accessor></technique_common></source><sampler id="BatRig_Hips-visibility-animation"><input semantic="INPUT" source="#BatRig_Hips-visibility-animation-input"/><input semantic="OUTPUT" source="#BatRig_Hips-visibility-animation-output"/><input semantic="IN_TANGENT" source="#BatRig_Hips-visibility-animation-intan"/><input semantic="OUT_TANGENT" source="#BatRig_Hips-visibility-animation-outtan"/><input semantic="INTERPOLATION" source="#BatRig_Hips-visibility-animation-interpolation"/></sampler><channel source="#BatRig_Hips-visibility-animation" target="BatRig_Hips/visibility"/></animation></animation>
    <animation id="BatRig_Spine-anim" name="BatRig_Spine"><animation><source id="BatRig_Spine-Matrix-animation-input"><float_array id="BatRig_Spine-Matrix-animation-input-array" count="18">

0.000000 0.041667 0.083333 0.125000 0.166667 0.208333 0.250000 0.291667 0.333333 0.375000 0.416667 0.458333 0.500000 0.541667 0.583333 0.625000
0.666667 0.708333</float_array><technique_common><accessor source="#BatRig_Spine-Matrix-animation-input-array" count="18"><param name="TIME" type="float"/></accessor></technique_common></source><source id="BatRig_Spine-Matrix-animation-output-transform"><float_array id="BatRig_Spine-Matrix-animation-output-transform-array" count="288">

0.999091 0.030508 -0.029757 -0.000001 -0.030264 0.999505 0.008616 3.725677 0.030005 -0.007708 0.999520 0.000001 0.000000 0.000000 0.000000 1.000000
0.999091 0.030508 -0.029757 -0.000001 -0.030264 0.999505 0.008616 3.725677 0.030005 -0.007708 0.999520 0.000001 0.000000 0.000000 0.000000 1.000000
0.998941 0.035062 -0.029802 -0.000001 -0.034893 0.999372 0.006177 3.725677 0.030000 -0.005131 0.999537 0.000001 0.000000 0.000000 0.000000 1.000000
0.998808 0.038574 -0.029903 -0.000001 -0.038497 0.999254 0.003131 3.725677 0.030001 -0.001976 0.999548 0.000001 0.000000 0.000000 0.000000 1.000000
0.998715 0.040821 -0.030021 -0.000001 -0.040844 0.999166 -0.000140 3.725677 0.029990 0.001366 0.999549 0.000001 0.000000 0.000000 0.000000 1.000000
0.998681 0.041613 -0.030078 -0.000001 -0.041682 0.999130 -0.001669 3.725677 0.029982 0.002920 0.999546 0.000001 0.000000 0.000000 0.000000 1.000000
0.998761 0.039635 -0.030079 -0.000001 -0.039690 0.999211 -0.001231 3.725677 0.030006 0.002423 0.999547 0.000001 0.000000 0.000000 0.000000 1.000000
0.998925 0.035284 -0.030079 -0.000001 -0.035305 0.999377 -0.000178 3.725677 0.030054 0.001240 0.999548 0.000001 0.000000 0.000000 0.000000 1.000000
0.999069 0.030930 -0.030071 -0.000001 -0.030911 0.999522 0.001097 3.725677 0.030091 -0.000166 0.999547 0.000001 0.000000 0.000000 0.000000 1.000000
0.999195 0.026577 -0.030062 -0.000001 -0.026512 0.999645 0.002560 3.725677 0.030119 -0.001761 0.999545 0.000001 0.000000 0.000000 0.000000 1.000000
0.999302 0.022223 -0.030043 -0.000001 -0.022105 0.999747 0.004245 3.725677 0.030130 -0.003578 0.999540 0.000001 0.000000 0.000000 0.000000 1.000000
0.999345 0.020244 -0.030004 -0.000001 -0.020077 0.999781 0.005861 3.725677 0.030116 -0.005255 0.999533 0.000001 0.000000 0.000000 0.000000 1.000000
0.999338 0.020707 -0.029916 -0.000001 -0.020490 0.999762 0.007527 3.725677 0.030065 -0.006909 0.999524 0.000001 0.000000 0.000000 0.000000 1.000000
0.999323 0.021566 -0.029809 -0.000001 -0.021304 0.999732 0.009064 3.725677 0.029997 -0.008423 0.999514 0.000001 0.000000 0.000000 0.000000 1.000000
0.999314 0.022028 -0.029755 -0.000001 -0.021747 0.999716 0.009740 3.725677 0.029961 -0.009086 0.999510 0.000001 0.000000 0.000000 0.000000 1.000000
0.999336 0.021035 -0.029751 -0.000001 -0.020754 0.999737 0.009710 3.725677 0.029947 -0.009086 0.999510 0.000001 0.000000 0.000000 0.000000 1.000000
0.999365 0.019624 -0.029750 -0.000001 -0.019344 0.999766 0.009669 3.725677 0.029933 -0.009087 0.999511 0.000001 0.000000 0.000000 0.000000 1.000000
0.999365 0.019624 -0.029750 -0.000001 -0.019344 0.999766 0.009669 3.725677 0.029933 -0.009087 0.999511 0.000001 0.000000 0.000000 0.000000 1.000000</float_array><technique_common><accessor source="#BatRig_Spine-Matrix-animation-output-transform-array" count="18" stride="16"><param type="float4x4"/></accessor></technique_common></source><source id="BatRig_Spine-Interpolations"><Name_array id="BatRig_Spine-Interpolations-array" count="18">
 LINEAR LINEAR LINEAR LINEAR LINEAR LINEAR LINEAR LINEAR LINEAR LINEAR LINEAR
LINEAR LINEAR LINEAR LINEAR LINEAR LINEAR LINEAR</Name_array><technique_common><accessor source="#BatRig_Spine-Interpolations-array" count="18"><param type="name"/></accessor></technique_common></source><sampler id="BatRig_Spine-Matrix-animation-transform"><input semantic="INPUT" source="#BatRig_Spine-Matrix-animation-input"/><input semantic="OUTPUT" source="#BatRig_Spine-Matrix-animation-output-transform"/><input semantic="INTERPOLATION" source="#BatRig_Spine-Interpolations"/></sampler><channel source="#BatRig_Spine-Matrix-animation-transform" target="BatRig_Spine/matrix"/></animation><animation><source id="BatRig_Spine-visibility-animation-input"><float_array id="BatRig_Spine-visibility-animation-input-array" count="18">

0.000000 0.041667 0.083333 0.125000 0.166667 0.208333 0.250000 0.291667 0.333333 0.375000 0.416667 0.458333 0.500000 0.541667 0.583333 0.625000
0.666667 0.708333</float_array><technique_common><accessor source="#BatRig_Spine-visibility-animation-input-array" count="18"><param name="TIME" type="float"/></accessor></technique_common></source><source id="BatRig_Spine-visibility-animation-output"><float_array id="BatRig_Spine-visibility-animation-output-array" count="18">

1.000000 1.000000 1.000000 1.000000 1.000000 1.000000 1.000000 1.000000 1.000000 1.000000 1.000000 1.000000 1.000000 1.000000 1.000000 1.000000
1.000000 1.000000</float_array><technique_common><accessor source="#BatRig_Spine-visibility-animation-output-array" count="18"><param type="float"/></accessor></technique_common></source><source id="BatRig_Spine-visibility-animation-intan"><float_array id="BatRig_Spine-visibility-animation-intan-array" count="18">

0.000000 0.000000 0.000000 0.000000 0.000000 0.000000 0.000000 0.000000 0.000000 0.000000 0.000000 0.000000 0.000000 0.000000 0.000000 0.000000
0.000000 0.000000</float_array><technique_common><accessor source="#BatRig_Spine-visibility-animation-intan-array" count="18"><param type="float"/></accessor></technique_common></source><source id="BatRig_Spine-visibility-animation-outtan"><float_array id="BatRig_Spine-visibility-animation-outtan-array" count="18">

0.000000 0.000000 0.000000 0.000000 0.000000 0.000000 0.000000 0.000000 0.000000 0.000000 0.000000 0.000000 0.000000 0.000000 0.000000 0.000000
0.000000 0.000000</float_array><technique_common><accessor source="#BatRig_Spine-visibility-animation-outtan-array" count="18"><param type="float"/></accessor></technique_common></source><source id="BatRig_Spine-visibility-animation-interpolation"><Name_array id="BatRig_Spine-visibility-animation-interpolation-array" count="18">
 STEP STEP STEP STEP STEP STEP STEP STEP STEP STEP STEP STEP STEP STEP STEP STEP STEP
BEZIER</Name_array><technique_common><accessor source="#BatRig_Spine-visibility-animation-interpolation-array" count="18"><param type="name"/></accessor></technique_common></source><sampler id="BatRig_Spine-visibility-animation"><input semantic="INPUT" source="#BatRig_Spine-visibility-animation-input"/><input semantic="OUTPUT" source="#BatRig_Spine-visibility-animation-output"/><input semantic="IN_TANGENT" source="#BatRig_Spine-visibility-animation-intan"/><input semantic="OUT_TANGENT" source="#BatRig_Spine-visibility-animation-outtan"/><input semantic="INTERPOLATION" source="#BatRig_Spine-visibility-animation-interpolation"/></sampler><channel source="#BatRig_Spine-visibility-animation" target="BatRig_Spine/visibility"/></animation></animation>
    <animation id="BatRig_Spine1-anim" name="BatRig_Spine1"><animation><source id="BatRig_Spine1-Matrix-animation-input"><float_array id="BatRig_Spine1-Matrix-animation-input-array" count="18">

0.000000 0.041667 0.083333 0.125000 0.166667 0.208333 0.250000 0.291667 0.333333 0.375000 0.416667 0.458333 0.500000 0.541667 0.583333 0.625000
0.666667 0.708333</float_array><technique_common><accessor source="#BatRig_Spine1-Matrix-animation-input-array" count="18"><param name="TIME" type="float"/></accessor></technique_common></source><source id="BatRig_Spine1-Matrix-animation-output-transform"><float_array id="BatRig_Spine1-Matrix-animation-output-transform-array" count="288">

0.999734 0.023053 -0.000737 0.000002 -0.023059 0.999695 -0.008811 10.999832 0.000534 0.008826 0.999961 -0.000003 0.000000 0.000000 0.000000 1.000000
0.999734 0.023053 -0.000737 0.000002 -0.023059 0.999695 -0.008811 10.999832 0.000534 0.008826 0.999961 -0.000003 0.000000 0.000000 0.000000 1.000000
0.999835 0.018132 -0.000831 0.000002 -0.018138 0.999801 -0.008288 10.999832 0.000681 0.008302 0.999965 -0.000003 0.000000 0.000000 0.000000 1.000000
0.999912 0.013253 -0.000826 0.000002 -0.013259 0.999883 -0.007657 10.999832 0.000724 0.007667 0.999970 -0.000003 0.000000 0.000000 0.000000 1.000000
0.999958 0.009136 -0.000826 0.000002 -0.009142 0.999934 -0.006949 10.999832 0.000762 0.006956 0.999976 -0.000003 0.000000 0.000000 0.000000 1.000000
0.999972 0.007404 -0.000820 0.000002 -0.007409 0.999953 -0.006295 10.999832 0.000773 0.006301 0.999980 -0.000003 0.000000 0.000000 0.000000 1.000000
0.999952 0.009760 -0.000804 0.000002 -0.009764 0.999936 -0.005728 10.999832 0.000748 0.005736 0.999983 -0.000003 0.000000 0.000000 0.000000 1.000000
0.999888 0.014941 -0.000784 0.000002 -0.014945 0.999875 -0.005215 10.999832 0.000706 0.005226 0.999986 -0.000003 0.000000 0.000000 0.000000 1.000000
0.999797 0.020124 -0.000765 0.000002 -0.020127 0.999786 -0.004781 10.999832 0.000669 0.004795 0.999988 -0.000003 0.000000 0.000000 0.000000 1.000000
0.999679 0.025305 -0.000749 0.000002 -0.025308 0.999670 -0.004402 10.999832 0.000637 0.004420 0.999990 -0.000003 0.000000 0.000000 0.000000 1.000000
0.999535 0.030485 -0.000733 0.000002 -0.030488 0.999527 -0.004105 10.999832 0.000608 0.004125 0.999991 -0.000003 0.000000 0.000000 0.000000 1.000000
0.999460 0.032840 -0.000727 0.000002 -0.032843 0.999453 -0.003983 10.999832 0.000596 0.004005 0.999992 -0.000003 0.000000 0.000000 0.000000 1.000000
0.999481 0.032194 -0.000780 0.000002 -0.032198 0.999467 -0.005297 10.999832 0.000609 0.005319 0.999986 -0.000003 0.000000 0.000000 0.000000 1.000000
0.999519 0.030993 -0.000885 0.000002 -0.030999 0.999489 -0.007735 10.999832 0.000645 0.007759 0.999970 -0.000003 0.000000 0.000000 0.000000 1.000000
0.999539 0.030347 -0.000969 0.000002 -0.030355 0.999498 -0.009048 10.999832 0.000694 0.009073 0.999959 -0.000003 0.000000 0.000000 0.000000 1.000000
0.999515 0.031135 -0.001046 0.000002 -0.031143 0.999474 -0.009044 10.999832 0.000764 0.009072 0.999959 -0.000003 0.000000 0.000000 0.000000 1.000000
0.999479 0.032254 -0.001119 0.000002 -0.032263 0.999439 -0.009041 10.999832 0.000827 0.009072 0.999959 -0.000003 0.000000 0.000000 0.000000 1.000000
0.999479 0.032254 -0.001119 0.000002 -0.032263 0.999439 -0.009041 10.999832 0.000827 0.009072 0.999959 -0.000003 0.000000 0.000000 0.000000 1.000000</float_array><technique_common><accessor source="#BatRig_Spine1-Matrix-animation-output-transform-array" count="18" stride="16"><param type="float4x4"/></accessor></technique_common></source><source id="BatRig_Spine1-Interpolations"><Name_array id="BatRig_Spine1-Interpolations-array" count="18">
 LINEAR LINEAR LINEAR LINEAR LINEAR LINEAR LINEAR LINEAR LINEAR LINEAR LINEAR
LINEAR LINEAR LINEAR LINEAR LINEAR LINEAR LINEAR</Name_array><technique_common><accessor source="#BatRig_Spine1-Interpolations-array" count="18"><param type="name"/></accessor></technique_common></source><sampler id="BatRig_Spine1-Matrix-animation-transform"><input semantic="INPUT" source="#BatRig_Spine1-Matrix-animation-input"/><input semantic="OUTPUT" source="#BatRig_Spine1-Matrix-animation-output-transform"/><input semantic="INTERPOLATION" source="#BatRig_Spine1-Interpolations"/></sampler><channel source="#BatRig_Spine1-Matrix-animation-transform" target="BatRig_Spine1/matrix"/></animation><animation><source id="BatRig_Spine1-visibility-animation-input"><float_array id="BatRig_Spine1-visibility-animation-input-array" count="18">

0.000000 0.041667 0.083333 0.125000 0.166667 0.208333 0.250000 0.291667 0.333333 0.375000 0.416667 0.458333 0.500000 0.541667 0.583333 0.625000
0.666667 0.708333</float_array><technique_common><accessor source="#BatRig_Spine1-visibility-animation-input-array" count="18"><param name="TIME" type="float"/></accessor></technique_common></source><source id="BatRig_Spine1-visibility-animation-output"><float_array id="BatRig_Spine1-visibility-animation-output-array" count="18">

1.000000 1.000000 1.000000 1.000000 1.000000 1.000000 1.000000 1.000000 1.000000 1.000000 1.000000 1.000000 1.000000 1.000000 1.000000 1.000000
1.000000 1.000000</float_array><technique_common><accessor source="#BatRig_Spine1-visibility-animation-output-array" count="18"><param type="float"/></accessor></technique_common></source><source id="BatRig_Spine1-visibility-animation-intan"><float_array id="BatRig_Spine1-visibility-animation-intan-array" count="18">

0.000000 0.000000 0.000000 0.000000 0.000000 0.000000 0.000000 0.000000 0.000000 0.000000 0.000000 0.000000 0.000000 0.000000 0.000000 0.000000
0.000000 0.000000</float_array><technique_common><accessor source="#BatRig_Spine1-visibility-animation-intan-array" count="18"><param type="float"/></accessor></technique_common></source><source id="BatRig_Spine1-visibility-animation-outtan"><float_array id="BatRig_Spine1-visibility-animation-outtan-array" count="18">

0.000000 0.000000 0.000000 0.000000 0.000000 0.000000 0.000000 0.000000 0.000000 0.000000 0.000000 0.000000 0.000000 0.000000 0.000000 0.000000
0.000000 0.000000</float_array><technique_common><accessor source="#BatRig_Spine1-visibility-animation-outtan-array" count="18"><param type="float"/></accessor></technique_common></source><source id="BatRig_Spine1-visibility-animation-interpolation"><Name_array id="BatRig_Spine1-visibility-animation-interpolation-array" count="18">
 STEP STEP STEP STEP STEP STEP STEP STEP STEP STEP STEP STEP STEP STEP STEP STEP STEP
BEZIER</Name_array><technique_common><accessor source="#BatRig_Spine1-visibility-animation-interpolation-array" count="18"><param type="name"/></accessor></technique_common></source><sampler id="BatRig_Spine1-visibility-animation"><input semantic="INPUT" source="#BatRig_Spine1-visibility-animation-input"/><input semantic="OUTPUT" source="#BatRig_Spine1-visibility-animation-output"/><input semantic="IN_TANGENT" source="#BatRig_Spine1-visibility-animation-intan"/><input semantic="OUT_TANGENT" source="#BatRig_Spine1-visibility-animation-outtan"/><input semantic="INTERPOLATION" source="#BatRig_Spine1-visibility-animation-interpolation"/></sampler><channel source="#BatRig_Spine1-visibility-animation" target="BatRig_Spine1/visibility"/></animation></animation>
    <animation id="BatRig_Spine2-anim" name="BatRig_Spine2"><animation><source id="BatRig_Spine2-Matrix-animation-input"><float_array id="BatRig_Spine2-Matrix-animation-input-array" count="18">

0.000000 0.041667 0.083333 0.125000 0.166667 0.208333 0.250000 0.291667 0.333333 0.375000 0.416667 0.458333 0.500000 0.541667 0.583333 0.625000
0.666667 0.708333</float_array><technique_common><accessor source="#BatRig_Spine2-Matrix-animation-input-array" count="18"><param name="TIME" type="float"/></accessor></technique_common></source><source id="BatRig_Spine2-Matrix-animation-output-transform"><float_array id="BatRig_Spine2-Matrix-animation-output-transform-array" count="288">

0.999734 0.023058 0.000190 0.000000 -0.023055 0.999695 -0.008807 11.776703 -0.000393 0.008800 0.999961 0.000004 0.000000 0.000000 0.000000 1.000000
0.999734 0.023058 0.000190 0.000000 -0.023055 0.999695 -0.008807 11.776703 -0.000393 0.008800 0.999961 0.000004 0.000000 0.000000 0.000000 1.000000
0.999835 0.018138 0.000176 0.000000 -0.018136 0.999801 -0.008287 11.776703 -0.000326 0.008282 0.999966 0.000004 0.000000 0.000000 0.000000 1.000000
0.999912 0.013259 0.000227 -0.000000 -0.013257 0.999883 -0.007654 11.776703 -0.000328 0.007650 0.999971 0.000004 0.000000 0.000000 0.000000 1.000000
0.999958 0.009143 0.000258 0.000000 -0.009141 0.999934 -0.006947 11.776703 -0.000321 0.006944 0.999976 0.000004 0.000000 0.000000 0.000000 1.000000
0.999973 0.007410 0.000268 -0.000000 -0.007408 0.999953 -0.006292 11.776703 -0.000315 0.006290 0.999980 0.000004 0.000000 0.000000 0.000000 1.000000
0.999952 0.009766 0.000248 0.000000 -0.009764 0.999936 -0.005723 11.776703 -0.000304 0.005720 0.999984 0.000004 0.000000 0.000000 0.000000 1.000000
0.999888 0.014948 0.000203 0.000000 -0.014947 0.999875 -0.005207 11.776703 -0.000281 0.005203 0.999986 0.000004 0.000000 0.000000 0.000000 1.000000
0.999797 0.020130 0.000159 0.000000 -0.020129 0.999786 -0.004772 11.776703 -0.000255 0.004768 0.999989 0.000004 0.000000 0.000000 0.000000 1.000000
0.999680 0.025312 0.000115 0.000000 -0.025311 0.999670 -0.004396 11.776703 -0.000226 0.004392 0.999990 0.000004 0.000000 0.000000 0.000000 1.000000
0.999535 0.030493 0.000069 0.000000 -0.030492 0.999527 -0.004103 11.776703 -0.000194 0.004099 0.999992 0.000004 0.000000 0.000000 0.000000 1.000000
0.999460 0.032846 0.000049 0.000000 -0.032846 0.999452 -0.003985 11.776703 -0.000180 0.003981 0.999992 0.000004 0.000000 0.000000 0.000000 1.000000
0.999481 0.032202 0.000035 0.000000 -0.032201 0.999467 -0.005299 11.776703 -0.000206 0.005295 0.999986 0.000004 0.000000 0.000000 0.000000 1.000000
0.999519 0.031004 0.000009 -0.000000 -0.031003 0.999489 -0.007740 11.776703 -0.000249 0.007736 0.999970 0.000004 0.000000 0.000000 0.000000 1.000000
0.999539 0.030359 -0.000005 0.000000 -0.030358 0.999498 -0.009054 11.776703 -0.000270 0.009050 0.999959 0.000004 0.000000 0.000000 0.000000 1.000000
0.999515 0.031149 -0.000044 -0.000000 -0.031148 0.999474 -0.009055 11.776703 -0.000238 0.009052 0.999959 0.000004 0.000000 0.000000 0.000000 1.000000
0.999479 0.032271 -0.000101 0.000000 -0.032271 0.999438 -0.009056 11.776703 -0.000191 0.009055 0.999959 0.000004 0.000000 0.000000 0.000000 1.000000
0.999479 0.032271 -0.000101 0.000000 -0.032271 0.999438 -0.009056 11.776703 -0.000191 0.009055 0.999959 0.000004 0.000000 0.000000 0.000000 1.000000</float_array><technique_common><accessor source="#BatRig_Spine2-Matrix-animation-output-transform-array" count="18" stride="16"><param type="float4x4"/></accessor></technique_common></source><source id="BatRig_Spine2-Interpolations"><Name_array id="BatRig_Spine2-Interpolations-array" count="18">
 LINEAR LINEAR LINEAR LINEAR LINEAR LINEAR LINEAR LINEAR LINEAR LINEAR LINEAR
LINEAR LINEAR LINEAR LINEAR LINEAR LINEAR LINEAR</Name_array><technique_common><accessor source="#BatRig_Spine2-Interpolations-array" count="18"><param type="name"/></accessor></technique_common></source><sampler id="BatRig_Spine2-Matrix-animation-transform"><input semantic="INPUT" source="#BatRig_Spine2-Matrix-animation-input"/><input semantic="OUTPUT" source="#BatRig_Spine2-Matrix-animation-output-transform"/><input semantic="INTERPOLATION" source="#BatRig_Spine2-Interpolations"/></sampler><channel source="#BatRig_Spine2-Matrix-animation-transform" target="BatRig_Spine2/matrix"/></animation><animation><source id="BatRig_Spine2-visibility-animation-input"><float_array id="BatRig_Spine2-visibility-animation-input-array" count="18">

0.000000 0.041667 0.083333 0.125000 0.166667 0.208333 0.250000 0.291667 0.333333 0.375000 0.416667 0.458333 0.500000 0.541667 0.583333 0.625000
0.666667 0.708333</float_array><technique_common><accessor source="#BatRig_Spine2-visibility-animation-input-array" count="18"><param name="TIME" type="float"/></accessor></technique_common></source><source id="BatRig_Spine2-visibility-animation-output"><float_array id="BatRig_Spine2-visibility-animation-output-array" count="18">

1.000000 1.000000 1.000000 1.000000 1.000000 1.000000 1.000000 1.000000 1.000000 1.000000 1.000000 1.000000 1.000000 1.000000 1.000000 1.000000
1.000000 1.000000</float_array><technique_common><accessor source="#BatRig_Spine2-visibility-animation-output-array" count="18"><param type="float"/></accessor></technique_common></source><source id="BatRig_Spine2-visibility-animation-intan"><float_array id="BatRig_Spine2-visibility-animation-intan-array" count="18">

0.000000 0.000000 0.000000 0.000000 0.000000 0.000000 0.000000 0.000000 0.000000 0.000000 0.000000 0.000000 0.000000 0.000000 0.000000 0.000000
0.000000 0.000000</float_array><technique_common><accessor source="#BatRig_Spine2-visibility-animation-intan-array" count="18"><param type="float"/></accessor></technique_common></source><source id="BatRig_Spine2-visibility-animation-outtan"><float_array id="BatRig_Spine2-visibility-animation-outtan-array" count="18">

0.000000 0.000000 0.000000 0.000000 0.000000 0.000000 0.000000 0.000000 0.000000 0.000000 0.000000 0.000000 0.000000 0.000000 0.000000 0.000000
0.000000 0.000000</float_array><technique_common><accessor source="#BatRig_Spine2-visibility-animation-outtan-array" count="18"><param type="float"/></accessor></technique_common></source><source id="BatRig_Spine2-visibility-animation-interpolation"><Name_array id="BatRig_Spine2-visibility-animation-interpolation-array" count="18">
 STEP STEP STEP STEP STEP STEP STEP STEP STEP STEP STEP STEP STEP STEP STEP STEP STEP
BEZIER</Name_array><technique_common><accessor source="#BatRig_Spine2-visibility-animation-interpolation-array" count="18"><param type="name"/></accessor></technique_common></source><sampler id="BatRig_Spine2-visibility-animation"><input semantic="INPUT" source="#BatRig_Spine2-visibility-animation-input"/><input semantic="OUTPUT" source="#BatRig_Spine2-visibility-animation-output"/><input semantic="IN_TANGENT" source="#BatRig_Spine2-visibility-animation-intan"/><input semantic="OUT_TANGENT" source="#BatRig_Spine2-visibility-animation-outtan"/><input semantic="INTERPOLATION" source="#BatRig_Spine2-visibility-animation-interpolation"/></sampler><channel source="#BatRig_Spine2-visibility-animation" target="BatRig_Spine2/visibility"/></animation></animation>
    <animation id="BatRig_Spine3-anim" name="BatRig_Spine3"><animation><source id="BatRig_Spine3-Matrix-animation-input"><float_array id="BatRig_Spine3-Matrix-animation-input-array" count="18">

0.000000 0.041667 0.083333 0.125000 0.166667 0.208333 0.250000 0.291667 0.333333 0.375000 0.416667 0.458333 0.500000 0.541667 0.583333 0.625000
0.666667 0.708333</float_array><technique_common><accessor source="#BatRig_Spine3-Matrix-animation-input-array" count="18"><param name="TIME" type="float"/></accessor></technique_common></source><source id="BatRig_Spine3-Matrix-animation-output-transform"><float_array id="BatRig_Spine3-Matrix-animation-output-transform-array" count="288">

0.999734 0.023035 0.001005 0.000001 -0.023025 0.999696 -0.008811 13.030716 -0.001208 0.008786 0.999961 -1.061704 0.000000 0.000000 0.000000 1.000000
0.999734 0.023035 0.001005 0.000001 -0.023025 0.999696 -0.008811 13.030716 -0.001208 0.008786 0.999961 -1.061704 0.000000 0.000000 0.000000 1.000000
0.999835 0.018120 0.001106 0.000001 -0.018110 0.999802 -0.008283 13.030716 -0.001256 0.008262 0.999965 -1.061704 0.000000 0.000000 0.000000 1.000000
0.999912 0.013240 0.001182 0.000001 -0.013231 0.999883 -0.007644 13.030716 -0.001283 0.007628 0.999970 -1.061704 0.000000 0.000000 0.000000 1.000000
0.999958 0.009125 0.001251 0.000001 -0.009116 0.999934 -0.006931 13.030716 -0.001314 0.006919 0.999975 -1.061704 0.000000 0.000000 0.000000 1.000000
0.999972 0.007393 0.001281 0.000001 -0.007385 0.999953 -0.006274 13.030716 -0.001327 0.006264 0.999980 -1.061704 0.000000 0.000000 0.000000 1.000000
0.999952 0.009748 0.001235 0.000001 -0.009741 0.999936 -0.005711 13.030716 -0.001291 0.005699 0.999983 -1.061704 0.000000 0.000000 0.000000 1.000000
0.999888 0.014930 0.001133 0.000001 -0.014924 0.999875 -0.005208 13.030716 -0.001211 0.005190 0.999986 -1.061704 0.000000 0.000000 0.000000 1.000000
0.999797 0.020112 0.001032 0.000001 -0.020107 0.999786 -0.004782 13.030716 -0.001128 0.004760 0.999988 -1.061704 0.000000 0.000000 0.000000 1.000000
0.999680 0.025292 0.000931 0.000001 -0.025288 0.999670 -0.004410 13.030716 -0.001042 0.004385 0.999990 -1.061704 0.000000 0.000000 0.000000 1.000000
0.999535 0.030474 0.000830 0.000001 -0.030470 0.999527 -0.004117 13.030716 -0.000955 0.004090 0.999991 -1.061704 0.000000 0.000000 0.000000 1.000000
0.999461 0.032828 0.000784 0.000001 -0.032825 0.999453 -0.003998 13.030716 -0.000915 0.003970 0.999992 -1.061704 0.000000 0.000000 0.000000 1.000000
0.999482 0.032184 0.000824 0.000001 -0.032179 0.999468 -0.005311 13.030716 -0.000994 0.005282 0.999986 -1.061704 0.000000 0.000000 0.000000 1.000000
0.999519 0.030986 0.000896 0.000001 -0.030978 0.999490 -0.007750 13.030716 -0.001136 0.007719 0.999970 -1.061704 0.000000 0.000000 0.000000 1.000000
0.999539 0.030342 0.000936 0.000001 -0.030332 0.999499 -0.009064 13.030716 -0.001211 0.009031 0.999958 -1.061704 0.000000 0.000000 0.000000 1.000000
0.999515 0.031133 0.000935 0.000001 -0.031123 0.999474 -0.009065 13.030716 -0.001217 0.009031 0.999958 -1.061704 0.000000 0.000000 0.000000 1.000000
0.999479 0.032257 0.000934 0.000001 -0.032247 0.999439 -0.009066 13.030716 -0.001226 0.009031 0.999958 -1.061704 0.000000 0.000000 0.000000 1.000000
