<?xml version="1.0" encoding="utf-8"?>
<COLLADA xmlns="http://www.collada.org/2005/11/COLLADASchema" version="1.4.1">
  <asset><contributor><author></author><authoring_tool>FBX COLLADA exporter</authoring_tool><comments></comments></contributor><created>2017-08-30T19:37:29Z</created><keywords></keywords><modified>2017-08-30T19:37:29Z</modified><revision></revision><subject></subject><title></title><unit meter="0.010000" name="centimeter"></unit><up_axis>Y_UP</up_axis></asset>
  <library_animations>
    <animation id="BatRig_Reference-anim" name="BatRig_Reference"><animation><source id="BatRig_Reference-Matrix-animation-input"><float_array id="BatRig_Reference-Matrix-animation-input-array" count="18">

0.000000 0.041667 0.083333 0.125000 0.166667 0.208333 0.250000 0.291667 0.333333 0.375000 0.416667 0.458333 0.500000 0.541667 0.583333 0.625000
0.666667 0.708333</float_array><technique_common><accessor source="#BatRig_Reference-Matrix-animation-input-array" count="18"><param name="TIME" type="float"/></accessor></technique_common></source><source id="BatRig_Reference-Matrix-animation-output-transform"><float_array id="BatRig_Reference-Matrix-animation-output-transform-array" count="288">

1.000000 0.000000 0.000000 3.841329 0.000000 1.000000 0.000000 0.000000 0.000000 0.000000 1.000000 31.922041 0.000000 0.000000 0.000000 1.000000
1.000000 0.000000 0.000000 3.841329 0.000000 1.000000 0.000000 0.000000 0.000000 0.000000 1.000000 31.922041 0.000000 0.000000 0.000000 1.000000
1.000000 0.000000 0.000000 4.250522 0.000000 1.000000 0.000000 0.000000 0.000000 0.000000 1.000000 29.203745 0.000000 0.000000 0.000000 1.000000
1.000000 0.000000 0.000000 3.260631 0.000000 1.000000 0.000000 0.000000 0.000000 0.000000 1.000000 27.305952 0.000000 0.000000 0.000000 1.000000
1.000000 0.000000 0.000000 1.407889 0.000000 1.000000 0.000000 0.000000 0.000000 0.000000 1.000000 25.556536 0.000000 0.000000 0.000000 1.000000
1.000000 0.000000 0.000000 0.268402 0.000000 1.000000 0.000000 0.000000 0.000000 0.000000 1.000000 24.212879 0.000000 0.000000 0.000000 1.000000
1.000000 0.000000 0.000000 0.098217 0.000000 1.000000 0.000000 0.000000 0.000000 0.000000 1.000000 23.502262 0.000000 0.000000 0.000000 1.000000
1.000000 0.000000 0.000000 0.050789 0.000000 1.000000 0.000000 0.000000 0.000000 0.000000 1.000000 23.197260 0.000000 0.000000 0.000000 1.000000
1.000000 0.000000 0.000000 0.048352 0.000000 1.000000 0.000000 0.000000 0.000000 0.000000 1.000000 22.872637 0.000000 0.000000 0.000000 1.000000
1.000000 0.000000 0.000000 0.027263 0.000000 1.000000 0.000000 0.000000 0.000000 0.000000 1.000000 22.637712 0.000000 0.000000 0.000000 1.000000
1.000000 0.000000 0.000000 0.024672 0.000000 1.000000 0.000000 0.000000 0.000000 0.000000 1.000000 22.383036 0.000000 0.000000 0.000000 1.000000
1.000000 0.000000 0.000000 0.114775 0.000000 1.000000 0.000000 0.000000 0.000000 0.000000 1.000000 21.356287 0.000000 0.000000 0.000000 1.000000
1.000000 0.000000 0.000000 0.949300 0.000000 1.000000 0.000000 0.000000 0.000000 0.000000 1.000000 17.575239 0.000000 0.000000 0.000000 1.000000
1.000000 0.000000 0.000000 2.389218 0.000000 1.000000 0.000000 0.000000 0.000000 0.000000 1.000000 11.427358 0.000000 0.000000 0.000000 1.000000
1.000000 0.000000 0.000000 3.323273 0.000000 1.000000 0.000000 0.000000 0.000000 0.000000 1.000000 5.716479 0.000000 0.000000 0.000000 1.000000
1.000000 0.000000 0.000000 3.528205 0.000000 1.000000 0.000000 0.000000 0.000000 0.000000 1.000000 0.651427 0.000000 0.000000 0.000000 1.000000
1.000000 0.000000 0.000000 3.582038 0.000000 1.000000 0.000000 0.000000 0.000000 0.000000 1.000000 -3.976457 0.000000 0.000000 0.000000 1.000000
1.000000 0.000000 0.000000 3.582038 0.000000 1.000000 0.000000 0.000000 0.000000 0.000000 1.000000 -3.976457 0.000000 0.000000 0.000000 1.000000</float_array><technique_common><accessor source="#BatRig_Reference-Matrix-animation-output-transform-array" count="18" stride="16"><param type="float4x4"/></accessor></technique_common></source><source id="BatRig_Reference-Interpolations"><Name_array id="BatRig_Reference-Interpolations-array" count="18">
 LINEAR LINEAR LINEAR LINEAR LINEAR LINEAR LINEAR LINEAR LINEAR LINEAR LINEAR
LINEAR LINEAR LINEAR LINEAR LINEAR LINEAR LINEAR</Name_array><technique_common><accessor source="#BatRig_Reference-Interpolations-array" count="18"><param type="name"/></accessor></technique_common></source><sampler id="BatRig_Reference-Matrix-animation-transform"><input semantic="INPUT" source="#BatRig_Reference-Matrix-animation-input"/><input semantic="OUTPUT" source="#BatRig_Reference-Matrix-animation-output-transform"/><input semantic="INTERPOLATION" source="#BatRig_Reference-Interpolations"/></sampler><channel source="#BatRig_Reference-Matrix-animation-transform" target="BatRig_Reference/matrix"/></animation><animation><source id="BatRig_Reference-visibility-animation-input"><float_array id="BatRig_Reference-visibility-animation-input-array" count="18">

0.000000 0.041667 0.083333 0.125000 0.166667 0.208333 0.250000 0.291667 0.333333 0.375000 0.416667 0.458333 0.500000 0.541667 0.583333 0.625000
0.666667 0.708333</float_array><technique_common><accessor source="#BatRig_Reference-visibility-animation-input-array" count="18"><param name="TIME" type="float"/></accessor></technique_common></source><source id="BatRig_Reference-visibility-animation-output"><float_array id="BatRig_Reference-visibility-animation-output-array" count="18">

1.000000 1.000000 1.000000 1.000000 1.000000 1.000000 1.000000 1.000000 1.000000 1.000000 1.000000 1.000000 1.000000 1.000000 1.000000 1.000000
1.000000 1.000000</float_array><technique_common><accessor source="#BatRig_Reference-visibility-animation-output-array" count="18"><param type="float"/></accessor></technique_common></source><source id="BatRig_Reference-visibility-animation-intan"><float_array id="BatRig_Reference-visibility-animation-intan-array" count="18">

0.000000 0.000000 0.000000 0.000000 0.000000 0.000000 0.000000 0.000000 0.000000 0.000000 0.000000 0.000000 0.000000 0.000000 0.000000 0.000000
0.000000 0.000000</float_array><technique_common><accessor source="#BatRig_Reference-visibility-animation-intan-array" count="18"><param type="float"/></accessor></technique_common></source><source id="BatRig_Reference-visibility-animation-outtan"><float_array id="BatRig_Reference-visibility-animation-outtan-array" count="18">

0.000000 0.000000 0.000000 0.000000 0.000000 0.000000 0.000000 0.000000 0.000000 0.000000 0.000000 0.000000 0.000000 0.000000 0.000000 0.000000
0.000000 0.000000</float_array><technique_common><accessor source="#BatRig_Reference-visibility-animation-outtan-array" count="18"><param type="float"/></accessor></technique_common></source><source id="BatRig_Reference-visibility-animation-interpolation"><Name_array id="BatRig_Reference-visibility-animation-interpolation-array" count="18">
 STEP STEP STEP STEP STEP STEP STEP STEP STEP STEP STEP STEP STEP STEP STEP STEP STEP
BEZIER</Name_array><technique_common><accessor source="#BatRig_Reference-visibility-animation-interpolation-array" count="18"><param type="name"/></accessor></technique_common></source><sampler id="BatRig_Reference-visibility-animation"><input semantic="INPUT" source="#BatRig_Reference-visibility-animation-input"/><input semantic="OUTPUT" source="#BatRig_Reference-visibility-animation-output"/><input semantic="IN_TANGENT" source="#BatRig_Reference-visibility-animation-intan"/><input semantic="OUT_TANGENT" source="#BatRig_Reference-visibility-animation-outtan"/><input semantic="INTERPOLATION" source="#BatRig_Reference-visibility-animation-interpolation"/></sampler><channel source="#BatRig_Reference-visibility-animation" target="BatRig_Reference/visibility"/></animation></animation>
    <animation id="BatRig_Hips-anim" name="BatRig_Hips"><animation><source id="BatRig_Hips-Matrix-animation-input"><float_array id="BatRig_Hips-Matrix-animation-input-array" count="18">

0.000000 0.041667 0.083333 0.125000 0.166667 0.208333 0.250000 0.291667 0.333333 0.375000 0.416667 0.458333 0.500000 0.541667 0.583333 0.625000
0.666667 0.708333</float_array><technique_common><accessor source="#BatRig_Hips-Matrix-animation-input-array" count="18"><param name="TIME" type="float"/></accessor></technique_common></source><source id="BatRig_Hips-Matrix-animation-output-transform"><float_array id="BatRig_Hips-Matrix-animation-output-transform-array" count="288">

0.577192 0.002380 0.816605 0.000000 0.083624 0.994566 -0.062006 80.302979 -0.812316 0.104077 0.573856 0.000000 0.000000 0.000000 0.000000 1.000000
0.577192 0.002380 0.816605 0.000000 0.083624 0.994566 -0.062006 80.302979 -0.812316 0.104077 0.573856 0.000000 0.000000 0.000000 0.000000 1.000000
0.576999 -0.031805 0.816125 0.000000 0.052858 0.998601 0.001546 80.969688 -0.815033 0.042247 0.577873 0.000000 0.000000 0.000000 0.000000 1.000000
0.574275 -0.048722 0.817211 0.000000 0.031967 0.998801 0.037085 79.220779 -0.818038 0.004827 0.575144 0.000000 0.000000 0.000000 0.000000 1.000000
0.570630 -0.063065 0.818782 0.000000 0.011674 0.997569 0.068700 75.954712 -0.821124 -0.029644 0.569979 0.000000 0.000000 0.000000 0.000000 1.000000
0.568961 -0.071225 0.819274 0.000000 0.003708 0.996454 0.084053 74.194695 -0.822356 -0.044785 0.567208 0.000000 0.000000 0.000000 0.000000 1.000000
0.570753 -0.068092 0.818294 0.000000 0.015315 0.997265 0.072303 75.179634 -0.820979 -0.028735 0.570235 0.000000 0.000000 0.000000 0.000000 1.000000
0.574450 -0.058795 0.816425 0.000000 0.039252 0.998248 0.044271 77.048157 -0.817598 0.006615 0.575751 0.000000 0.000000 0.000000 0.000000 1.000000
0.577926 -0.054822 0.814246 0.000000 0.065767 0.997625 0.020490 78.175819 -0.813435 0.041709 0.580159 0.000000 0.000000 0.000000 0.000000 1.000000
0.580290 -0.067466 0.811611 0.000000 0.099232 0.994995 0.011761 78.276672 -0.808342 0.073713 0.584080 0.000000 0.000000 0.000000 0.000000 1.000000
0.581568 -0.085357 0.809007 0.000000 0.135295 0.990779 0.007276 78.275642 -0.802168 0.105223 0.587754 0.000000 0.000000 0.000000 0.000000 1.000000
0.582094 -0.085733 0.808589 0.000000 0.151571 0.988437 -0.004312 78.373444 -0.798870 0.125069 0.588358 0.000000 0.000000 0.000000 0.000000 1.000000
0.582116 -0.050018 0.811566 0.000000 0.129061 0.991137 -0.031488 78.709244 -0.802798 0.123071 0.583412 0.000000 0.000000 0.000000 0.000000 1.000000
0.579756 0.003343 0.814783 0.000000 0.086914 0.994032 -0.065922 79.140518 -0.810141 0.109035 0.576006 0.000000 0.000000 0.000000 0.000000 1.000000
0.576571 0.041444 0.815995 0.000000 0.060302 0.993830 -0.093085 79.455963 -0.814819 0.102876 0.570515 0.000000 0.000000 0.000000 0.000000 1.000000
0.575938 0.047985 0.816084 0.000000 0.067804 0.992032 -0.106182 79.588074 -0.814677 0.116488 0.568095 0.000000 0.000000 0.000000 0.000000 1.000000
0.576564 0.039320 0.816105 0.000000 0.090702 0.989587 -0.111758 79.632935 -0.812002 0.138458 0.566994 0.000000 0.000000 0.000000 0.000000 1.000000
0.576564 0.039320 0.816105 0.000000 0.090702 0.989587 -0.111758 79.632935 -0.812002 0.138458 0.566994 0.000000 0.000000 0.000000 0.000000 1.000000</float_array><technique_common><accessor source="#BatRig_Hips-Matrix-animation-output-transform-array" count="18" stride="16"><param type="float4x4"/></accessor></technique_common></source><source id="BatRig_Hips-Interpolations"><Name_array id="BatRig_Hips-Interpolations-array" count="18">
 LINEAR LINEAR LINEAR LINEAR LINEAR LINEAR LINEAR LINEAR LINEAR LINEAR LINEAR
LINEAR LINEAR LINEAR LINEAR LINEAR LINEAR LINEAR</Name_array><technique_common><accessor source="#BatRig_Hips-Interpolations-array" count="18"><param type="name"/></accessor></technique_common></source><sampler id="BatRig_Hips-Matrix-animation-transform"><input semantic="INPUT" source="#BatRig_Hips-Matrix-animation-input"/><input semantic="OUTPUT" source="#BatRig_Hips-Matrix-animation-output-transform"/><input semantic="INTERPOLATION" source="#BatRig_Hips-Interpolations"/></sampler><channel source="#BatRig_Hips-Matrix-animation-transform" target="BatRig_Hips/matrix"/></animation><animation><source id="BatRig_Hips-visibility-animation-input"><float_array id="BatRig_Hips-visibility-animation-input-array" count="18">

0.000000 0.041667 0.083333 0.125000 0.166667 0.208333 0.250000 0.291667 0.333333 0.375000 0.416667 0.458333 0.500000 0.541667 0.583333 0.625000
0.666667 0.708333</float_array><technique_common><accessor source="#BatRig_Hips-visibility-animation-input-array" count="18"><param name="TIME" type="float"/></accessor></technique_common></source><source id="BatRig_Hips-visibility-animation-output"><float_array id="BatRig_Hips-visibility-animation-output-array" count="18">

1.000000 1.000000 1.000000 1.000000 1.000000 1.000000 1.000000 1.000000 1.000000 1.000000 1.000000 1.000000 1.000000 1.000000 1.000000 1.000000
1.000000 1.000000</float_array><technique_common><accessor source="#BatRig_Hips-visibility-animation-output-array" count="18"><param type="float"/></accessor></technique_common></source><source id="BatRig_Hips-visibility-animation-intan"><float_array id="BatRig_Hips-visibility-animation-intan-array" count="18">

0.000000 0.000000 0.000000 0.000000 0.000000 0.000000 0.000000 0.000000 0.000000 0.000000 0.000000 0.000000 0.000000 0.000000 0.000000 0.000000
0.000000 0.000000</float_array><technique_common><accessor source="#BatRig_Hips-visibility-animation-intan-array" count="18"><param type="float"/></accessor></technique_common></source><source id="BatRig_Hips-visibility-animation-outtan"><float_array id="BatRig_Hips-visibility-animation-outtan-array" count="18">

0.000000 0.000000 0.000000 0.000000 0.000000 0.000000 0.000000 0.000000 0.000000 0.000000 0.000000 0.000000 0.000000 0.000000 0.000000 0.000000
0.000000 0.000000</float_array><technique_common><accessor source="#BatRig_Hips-visibility-animation-outtan-array" count="18"><param type="float"/></accessor></technique_common></source><source id="BatRig_Hips-visibility-animation-interpolation"><Name_array id="BatRig_Hips-visibility-animation-interpolation-array" count="18">
 STEP STEP STEP STEP STEP STEP STEP STEP STEP STEP STEP STEP STEP STEP STEP STEP STEP
BEZIER</Name_array><technique_common><accessor source="#BatRig_Hips-visibility-animation-interpolation-array" count="18"><param type="name"/></accessor></technique_common></source><sampler id="BatRig_Hips-visibility-animation"><input semantic="INPUT" source="#BatRig_Hips-visibility-animation-input"/><input semantic="OUTPUT" source="#BatRig_Hips-visibility-animation-output"/><input semantic="IN_TANGENT" source="#BatRig_Hips-visibility-animation-intan"/><input semantic="OUT_TANGENT" source="#BatRig_Hips-visibility-animation-outtan"/><input semantic="INTERPOLATION" source="#BatRig_Hips-visibility-animation-interpolation"/></sampler><channel source="#BatRig_Hips-visibility-animation" target="BatRig_Hips/visibility"/></animation></animation>
    <animation id="BatRig_Spine-anim" name="BatRig_Spine"><animation><source id="BatRig_Spine-Matrix-animation-input"><float_array id="BatRig_Spine-Matrix-animation-input-array" count="18">

0.000000 0.041667 0.083333 0.125000 0.166667 0.208333 0.250000 0.291667 0.333333 0.375000 0.416667 0.458333 0.500000 0.541667 0.583333 0.625000
0.666667 0.708333</float_array><technique_common><accessor source="#BatRig_Spine-Matrix-animation-input-array" count="18"><param name="TIME" type="float"/></accessor></technique_common></source><source id="BatRig_Spine-Matrix-animation-output-transform"><float_array id="BatRig_Spine-Matrix-animation-output-transform-array" count="288">

0.999257 0.014806 -0.035594 -0.000001 -0.015833 0.999461 -0.028760 3.725677 0.035149 0.029302 0.998952 0.000001 0.000000 0.000000 0.000000 1.000000
0.999257 0.014806 -0.035594 -0.000001 -0.015833 0.999461 -0.028760 3.725677 0.035149 0.029302 0.998952 0.000001 0.000000 0.000000 0.000000 1.000000
0.999059 -0.003615 -0.043224 -0.000001 -0.000339 0.995840 -0.091117 3.725677 0.043374 0.091046 0.994902 0.000001 0.000000 0.000000 0.000000 1.000000
0.998826 -0.015386 -0.045943 -0.000001 0.008479 0.989113 -0.146913 3.725677 0.047703 0.146351 0.988082 0.000001 0.000000 0.000000 0.000000 1.000000
0.998537 -0.026289 -0.047249 -0.000001 0.016284 0.979489 -0.200840 3.725677 0.051560 0.199777 0.978484 0.000001 0.000000 0.000000 0.000000 1.000000
0.998383 -0.031085 -0.047586 -0.000001 0.019612 0.974184 -0.224904 3.725677 0.053349 0.223607 0.973218 0.000001 0.000000 0.000000 0.000000 1.000000
0.998914 -0.007494 -0.045996 -0.000001 -0.002609 0.976446 -0.215744 3.725677 0.046529 0.215630 0.975366 0.000001 0.000000 0.000000 0.000000 1.000000
0.998251 0.040606 -0.042971 -0.000001 -0.048371 0.978867 -0.198697 3.725677 0.033994 0.200428 0.979119 0.000001 0.000000 0.000000 0.000000 1.000000
0.996009 0.079142 -0.041264 -0.000001 -0.085563 0.978224 -0.189095 3.725677 0.025400 0.191871 0.981091 0.000001 0.000000 0.000000 0.000000 1.000000
0.994487 0.095522 -0.043259 -0.000001 -0.102089 0.976201 -0.191337 3.725677 0.023953 0.194698 0.980571 0.000001 0.000000 0.000000 0.000000 1.000000
0.993627 0.102432 -0.047043 -0.000001 -0.109745 0.974362 -0.196406 3.725677 0.025719 0.200317 0.979394 0.000001 0.000000 0.000000 0.000000 1.000000
0.993381 0.103853 -0.049089 -0.000001 -0.111627 0.973576 -0.199221 3.725677 0.027102 0.203382 0.978724 0.000001 0.000000 0.000000 0.000000 1.000000
0.994545 0.094709 -0.043699 -0.000001 -0.099939 0.985196 -0.139287 3.725677 0.029860 0.142894 0.989287 0.000001 0.000000 0.000000 0.000000 1.000000
0.996609 0.075086 -0.033658 -0.000001 -0.075993 0.996756 -0.026523 3.725677 0.031557 0.028991 0.999081 0.000001 0.000000 0.000000 0.000000 1.000000
0.997990 0.056736 -0.028246 -0.000001 -0.055754 0.997852 0.034402 3.725677 0.030137 -0.032758 0.999009 0.000001 0.000000 0.000000 0.000000 1.000000
0.998732 0.041399 -0.028646 -0.000001 -0.040603 0.998788 0.027837 3.725677 0.029764 -0.026639 0.999202 0.000001 0.000000 0.000000 0.000000 1.000000
0.999194 0.027355 -0.029365 -0.000001 -0.026892 0.999510 0.016036 3.725677 0.029789 -0.015233 0.999440 0.000001 0.000000 0.000000 0.000000 1.000000
0.999194 0.027355 -0.029365 -0.000001 -0.026892 0.999510 0.016036 3.725677 0.029789 -0.015233 0.999440 0.000001 0.000000 0.000000 0.000000 1.000000</float_array><technique_common><accessor source="#BatRig_Spine-Matrix-animation-output-transform-array" count="18" stride="16"><param type="float4x4"/></accessor></technique_common></source><source id="BatRig_Spine-Interpolations"><Name_array id="BatRig_Spine-Interpolations-array" count="18">
 LINEAR LINEAR LINEAR LINEAR LINEAR LINEAR LINEAR LINEAR LINEAR LINEAR LINEAR
LINEAR LINEAR LINEAR LINEAR LINEAR LINEAR LINEAR</Name_array><technique_common><accessor source="#BatRig_Spine-Interpolations-array" count="18"><param type="name"/></accessor></technique_common></source><sampler id="BatRig_Spine-Matrix-animation-transform"><input semantic="INPUT" source="#BatRig_Spine-Matrix-animation-input"/><input semantic="OUTPUT" source="#BatRig_Spine-Matrix-animation-output-transform"/><input semantic="INTERPOLATION" source="#BatRig_Spine-Interpolations"/></sampler><channel source="#BatRig_Spine-Matrix-animation-transform" target="BatRig_Spine/matrix"/></animation><animation><source id="BatRig_Spine-visibility-animation-input"><float_array id="BatRig_Spine-visibility-animation-input-array" count="18">

0.000000 0.041667 0.083333 0.125000 0.166667 0.208333 0.250000 0.291667 0.333333 0.375000 0.416667 0.458333 0.500000 0.541667 0.583333 0.625000
0.666667 0.708333</float_array><technique_common><accessor source="#BatRig_Spine-visibility-animation-input-array" count="18"><param name="TIME" type="float"/></accessor></technique_common></source><source id="BatRig_Spine-visibility-animation-output"><float_array id="BatRig_Spine-visibility-animation-output-array" count="18">

1.000000 1.000000 1.000000 1.000000 1.000000 1.000000 1.000000 1.000000 1.000000 1.000000 1.000000 1.000000 1.000000 1.000000 1.000000 1.000000
1.000000 1.000000</float_array><technique_common><accessor source="#BatRig_Spine-visibility-animation-output-array" count="18"><param type="float"/></accessor></technique_common></source><source id="BatRig_Spine-visibility-animation-intan"><float_array id="BatRig_Spine-visibility-animation-intan-array" count="18">

0.000000 0.000000 0.000000 0.000000 0.000000 0.000000 0.000000 0.000000 0.000000 0.000000 0.000000 0.000000 0.000000 0.000000 0.000000 0.000000
0.000000 0.000000</float_array><technique_common><accessor source="#BatRig_Spine-visibility-animation-intan-array" count="18"><param type="float"/></accessor></technique_common></source><source id="BatRig_Spine-visibility-animation-outtan"><float_array id="BatRig_Spine-visibility-animation-outtan-array" count="18">

0.000000 0.000000 0.000000 0.000000 0.000000 0.000000 0.000000 0.000000 0.000000 0.000000 0.000000 0.000000 0.000000 0.000000 0.000000 0.000000
0.000000 0.000000</float_array><technique_common><accessor source="#BatRig_Spine-visibility-animation-outtan-array" count="18"><param type="float"/></accessor></technique_common></source><source id="BatRig_Spine-visibility-animation-interpolation"><Name_array id="BatRig_Spine-visibility-animation-interpolation-array" count="18">
 STEP STEP STEP STEP STEP STEP STEP STEP STEP STEP STEP STEP STEP STEP STEP STEP STEP
BEZIER</Name_array><technique_common><accessor source="#BatRig_Spine-visibility-animation-interpolation-array" count="18"><param type="name"/></accessor></technique_common></source><sampler id="BatRig_Spine-visibility-animation"><input semantic="INPUT" source="#BatRig_Spine-visibility-animation-input"/><input semantic="OUTPUT" source="#BatRig_Spine-visibility-animation-output"/><input semantic="IN_TANGENT" source="#BatRig_Spine-visibility-animation-intan"/><input semantic="OUT_TANGENT" source="#BatRig_Spine-visibility-animation-outtan"/><input semantic="INTERPOLATION" source="#BatRig_Spine-visibility-animation-interpolation"/></sampler><channel source="#BatRig_Spine-visibility-animation" target="BatRig_Spine/visibility"/></animation></animation>
    <animation id="BatRig_Spine1-anim" name="BatRig_Spine1"><animation><source id="BatRig_Spine1-Matrix-animation-input"><float_array id="BatRig_Spine1-Matrix-animation-input-array" count="18">

0.000000 0.041667 0.083333 0.125000 0.166667 0.208333 0.250000 0.291667 0.333333 0.375000 0.416667 0.458333 0.500000 0.541667 0.583333 0.625000
0.666667 0.708333</float_array><technique_common><accessor source="#BatRig_Spine1-Matrix-animation-input-array" count="18"><param name="TIME" type="float"/></accessor></technique_common></source><source id="BatRig_Spine1-Matrix-animation-output-transform"><float_array id="BatRig_Spine1-Matrix-animation-output-transform-array" count="288">

0.999701 0.024423 -0.000722 0.000002 -0.024433 0.999490 -0.020542 10.999832 0.000220 0.020553 0.999789 -0.000003 0.000000 0.000000 0.000000 1.000000
0.999701 0.024423 -0.000722 0.000002 -0.024433 0.999490 -0.020542 10.999832 0.000220 0.020553 0.999789 -0.000003 0.000000 0.000000 0.000000 1.000000
0.999816 0.019162 -0.000258 0.000002 -0.019160 0.999303 -0.032032 10.999832 -0.000356 0.032031 0.999487 -0.000003 0.000000 0.000000 0.000000 1.000000
0.999966 0.008057 0.001459 0.000002 -0.008015 0.999607 -0.026868 10.999832 -0.001675 0.026855 0.999638 -0.000003 0.000000 0.000000 0.000000 1.000000
0.999986 -0.004036 0.003495 0.000002 0.004092 0.999859 -0.016296 10.999832 -0.003429 0.016310 0.999861 -0.000003 0.000000 0.000000 0.000000 1.000000
0.999943 -0.009710 0.004479 0.000002 0.009745 0.999922 -0.007861 10.999832 -0.004402 0.007904 0.999959 -0.000003 0.000000 0.000000 0.000000 1.000000
0.999993 0.000042 0.003759 0.000002 -0.000022 0.999986 -0.005198 10.999832 -0.003759 0.005198 0.999979 -0.000003 0.000000 0.000000 0.000000 1.000000
0.999790 0.020337 0.002421 0.000002 -0.020326 0.999782 -0.004680 10.999832 -0.002516 0.004630 0.999986 -0.000003 0.000000 0.000000 0.000000 1.000000
0.999287 0.037730 0.001701 0.000002 -0.037725 0.999283 -0.003092 10.999832 -0.001816 0.003026 0.999994 -0.000003 0.000000 0.000000 0.000000 1.000000
0.998827 0.048368 0.002106 0.000002 -0.048372 0.998827 0.001967 10.999832 -0.002008 -0.002067 0.999996 -0.000003 0.000000 0.000000 0.000000 1.000000
0.998420 0.056112 0.002859 0.000002 -0.056133 0.998391 0.008044 10.999832 -0.002403 -0.008192 0.999964 -0.000003 0.000000 0.000000 0.000000 1.000000
0.998246 0.059104 0.003263 0.000002 -0.059137 0.998189 0.010988 10.999832 -0.002608 -0.011162 0.999934 -0.000003 0.000000 0.000000 0.000000 1.000000
0.998995 0.044725 0.002918 0.000002 -0.044730 0.998997 0.001804 10.999832 -0.002834 -0.001933 0.999994 -0.000003 0.000000 0.000000 0.000000 1.000000
0.999836 0.017997 0.002138 0.000002 -0.017962 0.999722 -0.015276 10.999832 -0.002412 0.015235 0.999881 -0.000003 0.000000 0.000000 0.000000 1.000000
0.999993 0.003600 0.001313 0.000002 -0.003567 0.999694 -0.024486 10.999832 -0.001401 0.024481 0.999699 -0.000003 0.000000 0.000000 0.000000 1.000000
0.999943 0.010705 0.000392 0.000002 -0.010695 0.999733 -0.020491 10.999832 -0.000611 0.020486 0.999790 -0.000003 0.000000 0.000000 0.000000 1.000000
0.999714 0.023899 -0.000570 0.000002 -0.023904 0.999629 -0.013057 10.999832 0.000258 0.013067 0.999915 -0.000003 0.000000 0.000000 0.000000 1.000000
0.999714 0.023899 -0.000570 0.000002 -0.023904 0.999629 -0.013057 10.999832 0.000258 0.013067 0.999915 -0.000003 0.000000 0.000000 0.000000 1.000000</float_array><technique_common><accessor source="#BatRig_Spine1-Matrix-animation-output-transform-array" count="18" stride="16"><param type="float4x4"/></accessor></technique_common></source><source id="BatRig_Spine1-Interpolations"><Name_array id="BatRig_Spine1-Interpolations-array" count="18">
 LINEAR LINEAR LINEAR LINEAR LINEAR LINEAR LINEAR LINEAR LINEAR LINEAR LINEAR
LINEAR LINEAR LINEAR LINEAR LINEAR LINEAR LINEAR</Name_array><technique_common><accessor source="#BatRig_Spine1-Interpolations-array" count="18"><param type="name"/></accessor></technique_common></source><sampler id="BatRig_Spine1-Matrix-animation-transform"><input semantic="INPUT" source="#BatRig_Spine1-Matrix-animation-input"/><input semantic="OUTPUT" source="#BatRig_Spine1-Matrix-animation-output-transform"/><input semantic="INTERPOLATION" source="#BatRig_Spine1-Interpolations"/></sampler><channel source="#BatRig_Spine1-Matrix-animation-transform" target="BatRig_Spine1/matrix"/></animation><animation><source id="BatRig_Spine1-visibility-animation-input"><float_array id="BatRig_Spine1-visibility-animation-input-array" count="18">

0.000000 0.041667 0.083333 0.125000 0.166667 0.208333 0.250000 0.291667 0.333333 0.375000 0.416667 0.458333 0.500000 0.541667 0.583333 0.625000
0.666667 0.708333</float_array><technique_common><accessor source="#BatRig_Spine1-visibility-animation-input-array" count="18"><param name="TIME" type="float"/></accessor></technique_common></source><source id="BatRig_Spine1-visibility-animation-output"><float_array id="BatRig_Spine1-visibility-animation-output-array" count="18">

1.000000 1.000000 1.000000 1.000000 1.000000 1.000000 1.000000 1.000000 1.000000 1.000000 1.000000 1.000000 1.000000 1.000000 1.000000 1.000000
1.000000 1.000000</float_array><technique_common><accessor source="#BatRig_Spine1-visibility-animation-output-array" count="18"><param type="float"/></accessor></technique_common></source><source id="BatRig_Spine1-visibility-animation-intan"><float_array id="BatRig_Spine1-visibility-animation-intan-array" count="18">

0.000000 0.000000 0.000000 0.000000 0.000000 0.000000 0.000000 0.000000 0.000000 0.000000 0.000000 0.000000 0.000000 0.000000 0.000000 0.000000
0.000000 0.000000</float_array><technique_common><accessor source="#BatRig_Spine1-visibility-animation-intan-array" count="18"><param type="float"/></accessor></technique_common></source><source id="BatRig_Spine1-visibility-animation-outtan"><float_array id="BatRig_Spine1-visibility-animation-outtan-array" count="18">

0.000000 0.000000 0.000000 0.000000 0.000000 0.000000 0.000000 0.000000 0.000000 0.000000 0.000000 0.000000 0.000000 0.000000 0.000000 0.000000
0.000000 0.000000</float_array><technique_common><accessor source="#BatRig_Spine1-visibility-animation-outtan-array" count="18"><param type="float"/></accessor></technique_common></source><source id="BatRig_Spine1-visibility-animation-interpolation"><Name_array id="BatRig_Spine1-visibility-animation-interpolation-array" count="18">
 STEP STEP STEP STEP STEP STEP STEP STEP STEP STEP STEP STEP STEP STEP STEP STEP STEP
BEZIER</Name_array><technique_common><accessor source="#BatRig_Spine1-visibility-animation-interpolation-array" count="18"><param type="name"/></accessor></technique_common></source><sampler id="BatRig_Spine1-visibility-animation"><input semantic="INPUT" source="#BatRig_Spine1-visibility-animation-input"/><input semantic="OUTPUT" source="#BatRig_Spine1-visibility-animation-output"/><input semantic="IN_TANGENT" source="#BatRig_Spine1-visibility-animation-intan"/><input semantic="OUT_TANGENT" source="#BatRig_Spine1-visibility-animation-outtan"/><input semantic="INTERPOLATION" source="#BatRig_Spine1-visibility-animation-interpolation"/></sampler><channel source="#BatRig_Spine1-visibility-animation" target="BatRig_Spine1/visibility"/></animation></animation>
    <animation id="BatRig_Spine2-anim" name="BatRig_Spine2"><animation><source id="BatRig_Spine2-Matrix-animation-input"><float_array id="BatRig_Spine2-Matrix-animation-input-array" count="18">

0.000000 0.041667 0.083333 0.125000 0.166667 0.208333 0.250000 0.291667 0.333333 0.375000 0.416667 0.458333 0.500000 0.541667 0.583333 0.625000
0.666667 0.708333</float_array><technique_common><accessor source="#BatRig_Spine2-Matrix-animation-input-array" count="18"><param name="TIME" type="float"/></accessor></technique_common></source><source id="BatRig_Spine2-Matrix-animation-output-transform"><float_array id="BatRig_Spine2-Matrix-animation-output-transform-array" count="288">

0.999702 0.024421 -0.000287 -0.000000 -0.024422 0.999491 -0.020540 11.776703 -0.000215 0.020541 0.999789 0.000004 0.000000 0.000000 0.000000 1.000000
0.999702 0.024421 -0.000287 -0.000000 -0.024422 0.999491 -0.020540 11.776703 -0.000215 0.020541 0.999789 0.000004 0.000000 0.000000 0.000000 1.000000
0.999816 0.019151 -0.000479 0.000000 -0.019157 0.999303 -0.032031 11.776703 -0.000135 0.032034 0.999487 0.000004 0.000000 0.000000 0.000000 1.000000
0.999967 0.008055 0.001051 0.000000 -0.008024 0.999608 -0.026821 11.776703 -0.001267 0.026812 0.999640 0.000004 0.000000 0.000000 0.000000 1.000000
0.999987 -0.004012 0.003198 0.000000 0.004063 0.999860 -0.016235 11.776703 -0.003132 0.016248 0.999863 0.000004 0.000000 0.000000 0.000000 1.000000
0.999944 -0.009671 0.004285 -0.000000 0.009705 0.999921 -0.007927 11.776703 -0.004208 0.007968 0.999959 0.000004 0.000000 0.000000 0.000000 1.000000
0.999994 0.000070 0.003434 0.000000 -0.000051 0.999985 -0.005409 11.776703 -0.003434 0.005409 0.999979 0.000004 0.000000 0.000000 0.000000 1.000000
0.999791 0.020352 0.001672 0.000000 -0.020343 0.999781 -0.004949 11.776703 -0.001772 0.004914 0.999986 0.000004 0.000000 0.000000 0.000000 1.000000
0.999287 0.037760 0.000194 0.000000 -0.037759 0.999281 -0.003429 11.776703 -0.000323 0.003419 0.999994 0.000004 0.000000 0.000000 0.000000 1.000000
0.998824 0.048481 -0.000602 0.000000 -0.048480 0.998823 0.001517 11.776703 0.000675 -0.001486 0.999999 0.000004 0.000000 0.000000 0.000000 1.000000
0.998411 0.056337 -0.001096 0.000000 -0.056327 0.998384 0.007487 11.776703 0.001516 -0.007413 0.999971 0.000004 0.000000 0.000000 0.000000 1.000000
0.998234 0.059386 -0.001266 0.000000 -0.059370 0.998182 0.010385 11.776703 0.001880 -0.010292 0.999945 0.000004 0.000000 0.000000 0.000000 1.000000
0.998991 0.044917 -0.000546 -0.000000 -0.044916 0.998990 0.001339 11.776703 0.000606 -0.001313 0.999999 0.000004 0.000000 0.000000 0.000000 1.000000
0.999837 0.018022 0.000787 0.000000 -0.018008 0.999718 -0.015450 11.776703 -0.001065 0.015433 0.999880 0.000004 0.000000 0.000000 0.000000 1.000000
0.999993 0.003536 0.001504 -0.000000 -0.003498 0.999694 -0.024482 11.776703 -0.001590 0.024477 0.999699 0.000004 0.000000 0.000000 0.000000 1.000000
0.999943 0.010661 0.001104 0.000000 -0.010636 0.999734 -0.020485 11.776703 -0.001322 0.020472 0.999790 0.000004 0.000000 0.000000 0.000000 1.000000
0.999714 0.023892 0.000361 0.000000 -0.023885 0.999629 -0.013057 11.776703 -0.000673 0.013045 0.999915 0.000004 0.000000 0.000000 0.000000 1.000000
0.999714 0.023892 0.000361 0.000000 -0.023885 0.999629 -0.013057 11.776703 -0.000673 0.013045 0.999915 0.000004 0.000000 0.000000 0.000000 1.000000</float_array><technique_common><accessor source="#BatRig_Spine2-Matrix-animation-output-transform-array" count="18" stride="16"><param type="float4x4"/></accessor></technique_common></source><source id="BatRig_Spine2-Interpolations"><Name_array id="BatRig_Spine2-Interpolations-array" count="18">
 LINEAR LINEAR LINEAR LINEAR LINEAR LINEAR LINEAR LINEAR LINEAR LINEAR LINEAR
LINEAR LINEAR LINEAR LINEAR LINEAR LINEAR LINEAR</Name_array><technique_common><accessor source="#BatRig_Spine2-Interpolations-array" count="18"><param type="name"/></accessor></technique_common></source><sampler id="BatRig_Spine2-Matrix-animation-transform"><input semantic="INPUT" source="#BatRig_Spine2-Matrix-animation-input"/><input semantic="OUTPUT" source="#BatRig_Spine2-Matrix-animation-output-transform"/><input semantic="INTERPOLATION" source="#BatRig_Spine2-Interpolations"/></sampler><channel source="#BatRig_Spine2-Matrix-animation-transform" target="BatRig_Spine2/matrix"/></animation><animation><source id="BatRig_Spine2-visibility-animation-input"><float_array id="BatRig_Spine2-visibility-animation-input-array" count="18">

0.000000 0.041667 0.083333 0.125000 0.166667 0.208333 0.250000 0.291667 0.333333 0.375000 0.416667 0.458333 0.500000 0.541667 0.583333 0.625000
0.666667 0.708333</float_array><technique_common><accessor source="#BatRig_Spine2-visibility-animation-input-array" count="18"><param name="TIME" type="float"/></accessor></technique_common></source><source id="BatRig_Spine2-visibility-animation-output"><float_array id="BatRig_Spine2-visibility-animation-output-array" count="18">

1.000000 1.000000 1.000000 1.000000 1.000000 1.000000 1.000000 1.000000 1.000000 1.000000 1.000000 1.000000 1.000000 1.000000 1.000000 1.000000
1.000000 1.000000</float_array><technique_common><accessor source="#BatRig_Spine2-visibility-animation-output-array" count="18"><param type="float"/></accessor></technique_common></source><source id="BatRig_Spine2-visibility-animation-intan"><float_array id="BatRig_Spine2-visibility-animation-intan-array" count="18">

0.000000 0.000000 0.000000 0.000000 0.000000 0.000000 0.000000 0.000000 0.000000 0.000000 0.000000 0.000000 0.000000 0.000000 0.000000 0.000000
0.000000 0.000000</float_array><technique_common><accessor source="#BatRig_Spine2-visibility-animation-intan-array" count="18"><param type="float"/></accessor></technique_common></source><source id="BatRig_Spine2-visibility-animation-outtan"><float_array id="BatRig_Spine2-visibility-animation-outtan-array" count="18">

0.000000 0.000000 0.000000 0.000000 0.000000 0.000000 0.000000 0.000000 0.000000 0.000000 0.000000 0.000000 0.000000 0.000000 0.000000 0.000000
0.000000 0.000000</float_array><technique_common><accessor source="#BatRig_Spine2-visibility-animation-outtan-array" count="18"><param type="float"/></accessor></technique_common></source><source id="BatRig_Spine2-visibility-animation-interpolation"><Name_array id="BatRig_Spine2-visibility-animation-interpolation-array" count="18">
 STEP STEP STEP STEP STEP STEP STEP STEP STEP STEP STEP STEP STEP STEP STEP STEP STEP
BEZIER</Name_array><technique_common><accessor source="#BatRig_Spine2-visibility-animation-interpolation-array" count="18"><param type="name"/></accessor></technique_common></source><sampler id="BatRig_Spine2-visibility-animation"><input semantic="INPUT" source="#BatRig_Spine2-visibility-animation-input"/><input semantic="OUTPUT" source="#BatRig_Spine2-visibility-animation-output"/><input semantic="IN_TANGENT" source="#BatRig_Spine2-visibility-animation-intan"/><input semantic="OUT_TANGENT" source="#BatRig_Spine2-visibility-animation-outtan"/><input semantic="INTERPOLATION" source="#BatRig_Spine2-visibility-animation-interpolation"/></sampler><channel source="#BatRig_Spine2-visibility-animation" target="BatRig_Spine2/visibility"/></animation></animation>
    <animation id="BatRig_Spine3-anim" name="BatRig_Spine3"><animation><source id="BatRig_Spine3-Matrix-animation-input"><float_array id="BatRig_Spine3-Matrix-animation-input-array" count="18">

0.000000 0.041667 0.083333 0.125000 0.166667 0.208333 0.250000 0.291667 0.333333 0.375000 0.416667 0.458333 0.500000 0.541667 0.583333 0.625000
0.666667 0.708333</float_array><technique_common><accessor source="#BatRig_Spine3-Matrix-animation-input-array" count="18"><param name="TIME" type="float"/></accessor></technique_common></source><source id="BatRig_Spine3-Matrix-animation-output-transform"><float_array id="BatRig_Spine3-Matrix-animation-output-transform-array" count="288">

0.999702 0.024399 0.000124 0.000001 -0.024391 0.999491 -0.020542 13.030716 -0.000625 0.020533 0.999789 -1.061704 0.000000 0.000000 0.000000 1.000000
0.999702 0.024399 0.000124 0.000001 -0.024391 0.999491 -0.020542 13.030716 -0.000625 0.020533 0.999789 -1.061704 0.000000 0.000000 0.000000 1.000000
0.999816 0.019146 -0.000689 0.000001 -0.019158 0.999303 -0.032027 13.030716 0.000075 0.032034 0.999487 -1.061704 0.000000 0.000000 0.000000 1.000000
0.999967 0.008071 0.000549 0.000001 -0.008053 0.999609 -0.026767 13.030716 -0.000765 0.026762 0.999642 -1.061704 0.000000 0.000000 0.000000 1.000000
0.999988 -0.003983 0.002845 0.000001 0.004028 0.999862 -0.016138 13.030716 -0.002780 0.016149 0.999866 -1.061704 0.000000 0.000000 0.000000 1.000000
0.999945 -0.009639 0.004079 0.000001 0.009671 0.999921 -0.007990 13.030716 -0.004002 0.008029 0.999960 -1.061704 0.000000 0.000000 0.000000 1.000000
0.999995 0.000090 0.003038 0.000001 -0.000073 0.999984 -0.005666 13.030716 -0.003038 0.005666 0.999979 -1.061704 0.000000 0.000000 0.000000 1.000000
0.999793 0.020351 0.000789 0.000001 -0.020347 0.999779 -0.005214 13.030716 -0.000895 0.005197 0.999986 -1.061704 0.000000 0.000000 0.000000 1.000000
0.999286 0.037753 -0.001346 0.000001 -0.037758 0.999280 -0.003716 13.030716 0.001205 0.003764 0.999992 -1.061704 0.000000 0.000000 0.000000 1.000000
0.998818 0.048498 -0.003221 0.000001 -0.048495 0.998823 0.001019 13.030716 0.003267 -0.000862 0.999994 -1.061704 0.000000 0.000000 0.000000 1.000000
0.998396 0.056389 -0.004984 0.000001 -0.056355 0.998388 0.006737 13.030716 0.005356 -0.006445 0.999965 -1.061704 0.000000 0.000000 0.000000 1.000000
0.998214 0.059457 -0.005765 0.000001 -0.059401 0.998189 0.009515 13.030716 0.006320 -0.009156 0.999938 -1.061704 0.000000 0.000000 0.000000 1.000000
0.998982 0.044951 -0.003836 0.000001 -0.044949 0.998989 0.000621 13.030716 0.003860 -0.000448 0.999992 -1.061704 0.000000 0.000000 0.000000 1.000000
0.999838 0.017988 -0.000244 0.000001 -0.017990 0.999714 -0.015748 13.030716 -0.000039 0.015750 0.999876 -1.061704 0.000000 0.000000 0.000000 1.000000
0.999993 0.003465 0.001691 0.000001 -0.003423 0.999694 -0.024480 13.030716 -0.001775 0.024474 0.999699 -1.061704 0.000000 0.000000 0.000000 1.000000
0.999943 0.010605 0.001495 0.000001 -0.010572 0.999734 -0.020487 13.030716 -0.001712 0.020470 0.999789 -1.061704 0.000000 0.000000 0.000000 1.000000
0.999715 0.023862 0.001132 0.000001 -0.023845 0.999630 -0.013065 13.030716 -0.001443 0.013034 0.999914 -1.061704 0.000000 0.000000 0.000000 1.000000
