<?xml version="1.0" encoding="utf-8"?>
<COLLADA xmlns="http://www.collada.org/2005/11/COLLADASchema" version="1.4.1">
  <asset><contributor><author></author><authoring_tool>FBX COLLADA exporter</authoring_tool><comments></comments></contributor><created>2017-08-30T19:39:00Z</created><keywords></keywords><modified>2017-08-30T19:39:00Z</modified><revision></revision><subject></subject><title></title><unit meter="0.010000" name="centimeter"></unit><up_axis>Y_UP</up_axis></asset>
  <library_animations>
    <animation id="BatRig_Reference-anim" name="BatRig_Reference"><animation><source id="BatRig_Reference-Matrix-animation-input"><float_array id="BatRig_Reference-Matrix-animation-input-array" count="18">

0.000000 0.041667 0.083333 0.125000 0.166667 0.208333 0.250000 0.291667 0.333333 0.375000 0.416667 0.458333 0.500000 0.541667 0.583333 0.625000
0.666667 0.708333</float_array><technique_common><accessor source="#BatRig_Reference-Matrix-animation-input-array" count="18"><param name="TIME" type="float"/></accessor></technique_common></source><source id="BatRig_Reference-Matrix-animation-output-transform"><float_array id="BatRig_Reference-Matrix-animation-output-transform-array" count="288">

1.000000 0.000000 0.000000 -34.646557 0.000000 1.000000 0.000000 0.000000 0.000000 0.000000 1.000000 -5.150519 0.000000 0.000000 0.000000 1.000000
1.000000 0.000000 0.000000 -34.646557 0.000000 1.000000 0.000000 0.000000 0.000000 0.000000 1.000000 -5.150519 0.000000 0.000000 0.000000 1.000000
1.000000 0.000000 0.000000 -31.712383 0.000000 1.000000 0.000000 0.000000 0.000000 0.000000 1.000000 -6.726803 0.000000 0.000000 0.000000 1.000000
1.000000 0.000000 0.000000 -30.064943 0.000000 1.000000 0.000000 0.000000 0.000000 0.000000 1.000000 -5.129722 0.000000 0.000000 0.000000 1.000000
1.000000 0.000000 0.000000 -28.658695 0.000000 1.000000 0.000000 0.000000 0.000000 0.000000 1.000000 -1.812968 0.000000 0.000000 0.000000 1.000000
1.000000 0.000000 0.000000 -27.204926 0.000000 1.000000 0.000000 0.000000 0.000000 0.000000 1.000000 0.838009 0.000000 0.000000 0.000000 1.000000
1.000000 0.000000 0.000000 -25.603907 0.000000 1.000000 0.000000 0.000000 0.000000 0.000000 1.000000 1.885539 0.000000 0.000000 0.000000 1.000000
1.000000 0.000000 0.000000 -23.954653 0.000000 1.000000 0.000000 0.000000 0.000000 0.000000 1.000000 2.286415 0.000000 0.000000 0.000000 1.000000
1.000000 0.000000 0.000000 -22.267689 0.000000 1.000000 0.000000 0.000000 0.000000 0.000000 1.000000 2.497023 0.000000 0.000000 0.000000 1.000000
1.000000 0.000000 0.000000 -20.601107 0.000000 1.000000 0.000000 0.000000 0.000000 0.000000 1.000000 2.709761 0.000000 0.000000 0.000000 1.000000
1.000000 0.000000 0.000000 -18.897785 0.000000 1.000000 0.000000 0.000000 0.000000 0.000000 1.000000 2.829094 0.000000 0.000000 0.000000 1.000000
1.000000 0.000000 0.000000 -16.995647 0.000000 1.000000 0.000000 0.000000 0.000000 0.000000 1.000000 2.881137 0.000000 0.000000 0.000000 1.000000
1.000000 0.000000 0.000000 -15.012442 0.000000 1.000000 0.000000 0.000000 0.000000 0.000000 1.000000 2.686577 0.000000 0.000000 0.000000 1.000000
1.000000 0.000000 0.000000 -12.829989 0.000000 1.000000 0.000000 0.000000 0.000000 0.000000 1.000000 2.014345 0.000000 0.000000 0.000000 1.000000
1.000000 0.000000 0.000000 -9.931803 0.000000 1.000000 0.000000 0.000000 0.000000 0.000000 1.000000 0.814872 0.000000 0.000000 0.000000 1.000000
1.000000 0.000000 0.000000 -4.906628 0.000000 1.000000 0.000000 0.000000 0.000000 0.000000 1.000000 -1.608826 0.000000 0.000000 0.000000 1.000000
1.000000 0.000000 0.000000 0.835536 0.000000 1.000000 0.000000 0.000000 0.000000 0.000000 1.000000 -4.559219 0.000000 0.000000 0.000000 1.000000
1.000000 0.000000 0.000000 0.835536 0.000000 1.000000 0.000000 0.000000 0.000000 0.000000 1.000000 -4.559219 0.000000 0.000000 0.000000 1.000000</float_array><technique_common><accessor source="#BatRig_Reference-Matrix-animation-output-transform-array" count="18" stride="16"><param type="float4x4"/></accessor></technique_common></source><source id="BatRig_Reference-Interpolations"><Name_array id="BatRig_Reference-Interpolations-array" count="18">
 LINEAR LINEAR LINEAR LINEAR LINEAR LINEAR LINEAR LINEAR LINEAR LINEAR LINEAR
LINEAR LINEAR LINEAR LINEAR LINEAR LINEAR LINEAR</Name_array><technique_common><accessor source="#BatRig_Reference-Interpolations-array" count="18"><param type="name"/></accessor></technique_common></source><sampler id="BatRig_Reference-Matrix-animation-transform"><input semantic="INPUT" source="#BatRig_Reference-Matrix-animation-input"/><input semantic="OUTPUT" source="#BatRig_Reference-Matrix-animation-output-transform"/><input semantic="INTERPOLATION" source="#BatRig_Reference-Interpolations"/></sampler><channel source="#BatRig_Reference-Matrix-animation-transform" target="BatRig_Reference/matrix"/></animation><animation><source id="BatRig_Reference-visibility-animation-input"><float_array id="BatRig_Reference-visibility-animation-input-array" count="18">

0.000000 0.041667 0.083333 0.125000 0.166667 0.208333 0.250000 0.291667 0.333333 0.375000 0.416667 0.458333 0.500000 0.541667 0.583333 0.625000
0.666667 0.708333</float_array><technique_common><accessor source="#BatRig_Reference-visibility-animation-input-array" count="18"><param name="TIME" type="float"/></accessor></technique_common></source><source id="BatRig_Reference-visibility-animation-output"><float_array id="BatRig_Reference-visibility-animation-output-array" count="18">

1.000000 1.000000 1.000000 1.000000 1.000000 1.000000 1.000000 1.000000 1.000000 1.000000 1.000000 1.000000 1.000000 1.000000 1.000000 1.000000
1.000000 1.000000</float_array><technique_common><accessor source="#BatRig_Reference-visibility-animation-output-array" count="18"><param type="float"/></accessor></technique_common></source><source id="BatRig_Reference-visibility-animation-intan"><float_array id="BatRig_Reference-visibility-animation-intan-array" count="18">

0.000000 0.000000 0.000000 0.000000 0.000000 0.000000 0.000000 0.000000 0.000000 0.000000 0.000000 0.000000 0.000000 0.000000 0.000000 0.000000
0.000000 0.000000</float_array><technique_common><accessor source="#BatRig_Reference-visibility-animation-intan-array" count="18"><param type="float"/></accessor></technique_common></source><source id="BatRig_Reference-visibility-animation-outtan"><float_array id="BatRig_Reference-visibility-animation-outtan-array" count="18">

0.000000 0.000000 0.000000 0.000000 0.000000 0.000000 0.000000 0.000000 0.000000 0.000000 0.000000 0.000000 0.000000 0.000000 0.000000 0.000000
0.000000 0.000000</float_array><technique_common><accessor source="#BatRig_Reference-visibility-animation-outtan-array" count="18"><param type="float"/></accessor></technique_common></source><source id="BatRig_Reference-visibility-animation-interpolation"><Name_array id="BatRig_Reference-visibility-animation-interpolation-array" count="18">
 STEP STEP STEP STEP STEP STEP STEP STEP STEP STEP STEP STEP STEP STEP STEP STEP STEP
BEZIER</Name_array><technique_common><accessor source="#BatRig_Reference-visibility-animation-interpolation-array" count="18"><param type="name"/></accessor></technique_common></source><sampler id="BatRig_Reference-visibility-animation"><input semantic="INPUT" source="#BatRig_Reference-visibility-animation-input"/><input semantic="OUTPUT" source="#BatRig_Reference-visibility-animation-output"/><input semantic="IN_TANGENT" source="#BatRig_Reference-visibility-animation-intan"/><input semantic="OUT_TANGENT" source="#BatRig_Reference-visibility-animation-outtan"/><input semantic="INTERPOLATION" source="#BatRig_Reference-visibility-animation-interpolation"/></sampler><channel source="#BatRig_Reference-visibility-animation" target="BatRig_Reference/visibility"/></animation></animation>
    <animation id="BatRig_Hips-anim" name="BatRig_Hips"><animation><source id="BatRig_Hips-Matrix-animation-input"><float_array id="BatRig_Hips-Matrix-animation-input-array" count="18">

0.000000 0.041667 0.083333 0.125000 0.166667 0.208333 0.250000 0.291667 0.333333 0.375000 0.416667 0.458333 0.500000 0.541667 0.583333 0.625000
0.666667 0.708333</float_array><technique_common><accessor source="#BatRig_Hips-Matrix-animation-input-array" count="18"><param name="TIME" type="float"/></accessor></technique_common></source><source id="BatRig_Hips-Matrix-animation-output-transform"><float_array id="BatRig_Hips-Matrix-animation-output-transform-array" count="288">

0.575408 0.005674 0.817847 0.000000 0.088834 0.993626 -0.069393 77.013367 -0.813028 0.112582 0.571236 0.000000 0.000000 0.000000 0.000000 1.000000
0.575408 0.005674 0.817847 0.000000 0.088834 0.993626 -0.069393 77.013367 -0.813028 0.112582 0.571236 0.000000 0.000000 0.000000 0.000000 1.000000
0.573981 -0.027759 0.818398 0.000000 0.064973 0.997818 -0.011724 73.382675 -0.816287 0.059903 0.574532 0.000000 0.000000 0.000000 0.000000 1.000000
0.573544 -0.049835 0.817657 0.000000 0.049643 0.998428 0.026031 71.519661 -0.817669 0.025661 0.575116 0.000000 0.000000 0.000000 0.000000 1.000000
0.573295 -0.071752 0.816201 0.000000 0.035284 0.997396 0.062898 70.158340 -0.818589 -0.007260 0.574334 0.000000 0.000000 0.000000 0.000000 1.000000
0.572147 -0.086151 0.815614 0.000000 0.030308 0.996009 0.083945 69.631561 -0.819591 -0.023309 0.572475 0.000000 0.000000 0.000000 0.000000 1.000000
0.567779 -0.087526 0.818515 0.000000 0.039883 0.996088 0.078849 70.296646 -0.822215 -0.012124 0.569049 0.000000 0.000000 0.000000 0.000000 1.000000
0.562296 -0.081241 0.822936 0.000000 0.058977 0.996568 0.058084 71.756432 -0.824830 0.015874 0.565158 0.000000 0.000000 0.000000 0.000000 1.000000
0.560928 -0.076643 0.824309 0.000000 0.080427 0.996040 0.037881 73.214523 -0.823949 0.045048 0.564871 0.000000 0.000000 0.000000 0.000000 1.000000
0.567649 -0.082119 0.819165 0.000000 0.107211 0.993913 0.025344 74.672684 -0.816260 0.073437 0.572998 0.000000 0.000000 0.000000 0.000000 1.000000
0.578038 -0.089868 0.811046 0.000000 0.135980 0.990628 0.012852 76.128761 -0.804600 0.102857 0.584841 0.000000 0.000000 0.000000 0.000000 1.000000
0.585330 -0.084835 0.806345 0.000000 0.150048 0.988667 -0.004904 76.784431 -0.796790 0.123861 0.591426 0.000000 0.000000 0.000000 0.000000 1.000000
0.586476 -0.053471 0.808200 0.000000 0.136332 0.990099 -0.033424 75.863770 -0.798411 0.129786 0.587959 0.000000 0.000000 0.000000 0.000000 1.000000
0.583587 -0.008854 0.812002 0.000000 0.108296 0.991857 -0.067017 74.160439 -0.804797 0.127047 0.579794 0.000000 0.000000 0.000000 0.000000 1.000000
0.580074 0.024425 0.814198 0.000000 0.089224 0.991631 -0.093316 73.237366 -0.809663 0.126776 0.573040 0.000000 0.000000 0.000000 0.000000 1.000000
0.578499 0.034678 0.814946 0.000000 0.090386 0.990218 -0.106298 74.891922 -0.810660 0.135153 0.569705 0.000000 0.000000 0.000000 0.000000 1.000000
0.577574 0.033602 0.815646 0.000000 0.100369 0.988649 -0.111803 77.975266 -0.810144 0.146440 0.567645 0.000000 0.000000 0.000000 0.000000 1.000000
0.577574 0.033602 0.815646 0.000000 0.100369 0.988649 -0.111803 77.975266 -0.810144 0.146440 0.567645 0.000000 0.000000 0.000000 0.000000 1.000000</float_array><technique_common><accessor source="#BatRig_Hips-Matrix-animation-output-transform-array" count="18" stride="16"><param type="float4x4"/></accessor></technique_common></source><source id="BatRig_Hips-Interpolations"><Name_array id="BatRig_Hips-Interpolations-array" count="18">
 LINEAR LINEAR LINEAR LINEAR LINEAR LINEAR LINEAR LINEAR LINEAR LINEAR LINEAR
LINEAR LINEAR LINEAR LINEAR LINEAR LINEAR LINEAR</Name_array><technique_common><accessor source="#BatRig_Hips-Interpolations-array" count="18"><param type="name"/></accessor></technique_common></source><sampler id="BatRig_Hips-Matrix-animation-transform"><input semantic="INPUT" source="#BatRig_Hips-Matrix-animation-input"/><input semantic="OUTPUT" source="#BatRig_Hips-Matrix-animation-output-transform"/><input semantic="INTERPOLATION" source="#BatRig_Hips-Interpolations"/></sampler><channel source="#BatRig_Hips-Matrix-animation-transform" target="BatRig_Hips/matrix"/></animation><animation><source id="BatRig_Hips-visibility-animation-input"><float_array id="BatRig_Hips-visibility-animation-input-array" count="18">

0.000000 0.041667 0.083333 0.125000 0.166667 0.208333 0.250000 0.291667 0.333333 0.375000 0.416667 0.458333 0.500000 0.541667 0.583333 0.625000
0.666667 0.708333</float_array><technique_common><accessor source="#BatRig_Hips-visibility-animation-input-array" count="18"><param name="TIME" type="float"/></accessor></technique_common></source><source id="BatRig_Hips-visibility-animation-output"><float_array id="BatRig_Hips-visibility-animation-output-array" count="18">

1.000000 1.000000 1.000000 1.000000 1.000000 1.000000 1.000000 1.000000 1.000000 1.000000 1.000000 1.000000 1.000000 1.000000 1.000000 1.000000
1.000000 1.000000</float_array><technique_common><accessor source="#BatRig_Hips-visibility-animation-output-array" count="18"><param type="float"/></accessor></technique_common></source><source id="BatRig_Hips-visibility-animation-intan"><float_array id="BatRig_Hips-visibility-animation-intan-array" count="18">

0.000000 0.000000 0.000000 0.000000 0.000000 0.000000 0.000000 0.000000 0.000000 0.000000 0.000000 0.000000 0.000000 0.000000 0.000000 0.000000
0.000000 0.000000</float_array><technique_common><accessor source="#BatRig_Hips-visibility-animation-intan-array" count="18"><param type="float"/></accessor></technique_common></source><source id="BatRig_Hips-visibility-animation-outtan"><float_array id="BatRig_Hips-visibility-animation-outtan-array" count="18">

0.000000 0.000000 0.000000 0.000000 0.000000 0.000000 0.000000 0.000000 0.000000 0.000000 0.000000 0.000000 0.000000 0.000000 0.000000 0.000000
0.000000 0.000000</float_array><technique_common><accessor source="#BatRig_Hips-visibility-animation-outtan-array" count="18"><param type="float"/></accessor></technique_common></source><source id="BatRig_Hips-visibility-animation-interpolation"><Name_array id="BatRig_Hips-visibility-animation-interpolation-array" count="18">
 STEP STEP STEP STEP STEP STEP STEP STEP STEP STEP STEP STEP STEP STEP STEP STEP STEP
BEZIER</Name_array><technique_common><accessor source="#BatRig_Hips-visibility-animation-interpolation-array" count="18"><param type="name"/></accessor></technique_common></source><sampler id="BatRig_Hips-visibility-animation"><input semantic="INPUT" source="#BatRig_Hips-visibility-animation-input"/><input semantic="OUTPUT" source="#BatRig_Hips-visibility-animation-output"/><input semantic="IN_TANGENT" source="#BatRig_Hips-visibility-animation-intan"/><input semantic="OUT_TANGENT" source="#BatRig_Hips-visibility-animation-outtan"/><input semantic="INTERPOLATION" source="#BatRig_Hips-visibility-animation-interpolation"/></sampler><channel source="#BatRig_Hips-visibility-animation" target="BatRig_Hips/visibility"/></animation></animation>
    <animation id="BatRig_Spine-anim" name="BatRig_Spine"><animation><source id="BatRig_Spine-Matrix-animation-input"><float_array id="BatRig_Spine-Matrix-animation-input-array" count="18">

0.000000 0.041667 0.083333 0.125000 0.166667 0.208333 0.250000 0.291667 0.333333 0.375000 0.416667 0.458333 0.500000 0.541667 0.583333 0.625000
0.666667 0.708333</float_array><technique_common><accessor source="#BatRig_Spine-Matrix-animation-input-array" count="18"><param name="TIME" type="float"/></accessor></technique_common></source><source id="BatRig_Spine-Matrix-animation-output-transform"><float_array id="BatRig_Spine-Matrix-animation-output-transform-array" count="288">

0.999319 0.017255 -0.032608 -0.000001 -0.018935 0.998472 -0.051920 3.725677 0.031662 0.052502 0.998119 0.000001 0.000000 0.000000 0.000000 1.000000
0.999319 0.017255 -0.032608 -0.000001 -0.018935 0.998472 -0.051920 3.725677 0.031662 0.052502 0.998119 0.000001 0.000000 0.000000 0.000000 1.000000
0.999299 0.003978 -0.037218 -0.000001 -0.009044 0.990536 -0.136952 3.725677 0.036321 0.137193 0.989878 0.000001 0.000000 0.000000 0.000000 1.000000
0.999144 -0.000387 -0.041360 -0.000001 -0.007078 0.983609 -0.180175 3.725677 0.040752 0.180314 0.982765 0.000001 0.000000 0.000000 0.000000 1.000000
0.998964 -0.003178 -0.045395 -0.000001 -0.006504 0.977344 -0.211558 3.725677 0.045039 0.211634 0.976311 0.000001 0.000000 0.000000 0.000000 1.000000
0.998876 -0.004161 -0.047208 -0.000001 -0.006511 0.974644 -0.223665 3.725677 0.046942 0.223721 0.973522 0.000001 0.000000 0.000000 0.000000 1.000000
0.998869 0.005791 -0.047199 -0.000001 -0.016194 0.974657 -0.223117 3.725677 0.044711 0.223629 0.973648 0.000001 0.000000 0.000000 0.000000 1.000000
0.998505 0.027686 -0.047121 -0.000001 -0.037471 0.974446 -0.221476 3.725677 0.039785 0.222911 0.974027 0.000001 0.000000 0.000000 0.000000 1.000000
0.997668 0.049567 -0.046912 -0.000001 -0.058678 0.974014 -0.218756 3.725677 0.034850 0.220999 0.974651 0.000001 0.000000 0.000000 0.000000 1.000000
0.996353 0.071422 -0.046680 -0.000001 -0.079878 0.973111 -0.216043 3.725677 0.029995 0.218984 0.975267 0.000001 0.000000 0.000000 0.000000 1.000000
0.994570 0.093246 -0.046210 -0.000001 -0.100962 0.972220 -0.211175 3.725677 0.025235 0.214694 0.976355 0.000001 0.000000 0.000000 0.000000 1.000000
0.993646 0.103151 -0.045025 -0.000001 -0.110114 0.973736 -0.199283 3.725677 0.023286 0.202975 0.978907 0.000001 0.000000 0.000000 0.000000 1.000000
0.994054 0.101725 -0.038847 -0.000001 -0.105999 0.985651 -0.131366 3.725677 0.024926 0.134703 0.990572 0.000001 0.000000 0.000000 0.000000 1.000000
0.994908 0.096480 -0.029151 -0.000001 -0.097136 0.995028 -0.022005 3.725677 0.026883 0.024725 0.999333 0.000001 0.000000 0.000000 0.000000 1.000000
0.996006 0.085965 -0.024115 -0.000001 -0.085091 0.995752 0.035172 3.725677 0.027036 -0.032980 0.999090 0.000001 0.000000 0.000000 0.000000 1.000000
0.997677 0.063131 -0.025593 -0.000001 -0.062398 0.997645 0.028488 3.725677 0.027331 -0.026825 0.999266 0.000001 0.000000 0.000000 0.000000 1.000000
0.998987 0.034976 -0.028299 -0.000001 -0.034524 0.999271 0.016299 3.725677 0.028848 -0.015306 0.999467 0.000001 0.000000 0.000000 0.000000 1.000000
0.998987 0.034976 -0.028299 -0.000001 -0.034524 0.999271 0.016299 3.725677 0.028848 -0.015306 0.999467 0.000001 0.000000 0.000000 0.000000 1.000000</float_array><technique_common><accessor source="#BatRig_Spine-Matrix-animation-output-transform-array" count="18" stride="16"><param type="float4x4"/></accessor></technique_common></source><source id="BatRig_Spine-Interpolations"><Name_array id="BatRig_Spine-Interpolations-array" count="18">
 LINEAR LINEAR LINEAR LINEAR LINEAR LINEAR LINEAR LINEAR LINEAR LINEAR LINEAR
LINEAR LINEAR LINEAR LINEAR LINEAR LINEAR LINEAR</Name_array><technique_common><accessor source="#BatRig_Spine-Interpolations-array" count="18"><param type="name"/></accessor></technique_common></source><sampler id="BatRig_Spine-Matrix-animation-transform"><input semantic="INPUT" source="#BatRig_Spine-Matrix-animation-input"/><input semantic="OUTPUT" source="#BatRig_Spine-Matrix-animation-output-transform"/><input semantic="INTERPOLATION" source="#BatRig_Spine-Interpolations"/></sampler><channel source="#BatRig_Spine-Matrix-animation-transform" target="BatRig_Spine/matrix"/></animation><animation><source id="BatRig_Spine-visibility-animation-input"><float_array id="BatRig_Spine-visibility-animation-input-array" count="18">

0.000000 0.041667 0.083333 0.125000 0.166667 0.208333 0.250000 0.291667 0.333333 0.375000 0.416667 0.458333 0.500000 0.541667 0.583333 0.625000
0.666667 0.708333</float_array><technique_common><accessor source="#BatRig_Spine-visibility-animation-input-array" count="18"><param name="TIME" type="float"/></accessor></technique_common></source><source id="BatRig_Spine-visibility-animation-output"><float_array id="BatRig_Spine-visibility-animation-output-array" count="18">

1.000000 1.000000 1.000000 1.000000 1.000000 1.000000 1.000000 1.000000 1.000000 1.000000 1.000000 1.000000 1.000000 1.000000 1.000000 1.000000
1.000000 1.000000</float_array><technique_common><accessor source="#BatRig_Spine-visibility-animation-output-array" count="18"><param type="float"/></accessor></technique_common></source><source id="BatRig_Spine-visibility-animation-intan"><float_array id="BatRig_Spine-visibility-animation-intan-array" count="18">

0.000000 0.000000 0.000000 0.000000 0.000000 0.000000 0.000000 0.000000 0.000000 0.000000 0.000000 0.000000 0.000000 0.000000 0.000000 0.000000
0.000000 0.000000</float_array><technique_common><accessor source="#BatRig_Spine-visibility-animation-intan-array" count="18"><param type="float"/></accessor></technique_common></source><source id="BatRig_Spine-visibility-animation-outtan"><float_array id="BatRig_Spine-visibility-animation-outtan-array" count="18">

0.000000 0.000000 0.000000 0.000000 0.000000 0.000000 0.000000 0.000000 0.000000 0.000000 0.000000 0.000000 0.000000 0.000000 0.000000 0.000000
0.000000 0.000000</float_array><technique_common><accessor source="#BatRig_Spine-visibility-animation-outtan-array" count="18"><param type="float"/></accessor></technique_common></source><source id="BatRig_Spine-visibility-animation-interpolation"><Name_array id="BatRig_Spine-visibility-animation-interpolation-array" count="18">
 STEP STEP STEP STEP STEP STEP STEP STEP STEP STEP STEP STEP STEP STEP STEP STEP STEP
BEZIER</Name_array><technique_common><accessor source="#BatRig_Spine-visibility-animation-interpolation-array" count="18"><param type="name"/></accessor></technique_common></source><sampler id="BatRig_Spine-visibility-animation"><input semantic="INPUT" source="#BatRig_Spine-visibility-animation-input"/><input semantic="OUTPUT" source="#BatRig_Spine-visibility-animation-output"/><input semantic="IN_TANGENT" source="#BatRig_Spine-visibility-animation-intan"/><input semantic="OUT_TANGENT" source="#BatRig_Spine-visibility-animation-outtan"/><input semantic="INTERPOLATION" source="#BatRig_Spine-visibility-animation-interpolation"/></sampler><channel source="#BatRig_Spine-visibility-animation" target="BatRig_Spine/visibility"/></animation></animation>
    <animation id="BatRig_Spine1-anim" name="BatRig_Spine1"><animation><source id="BatRig_Spine1-Matrix-animation-input"><float_array id="BatRig_Spine1-Matrix-animation-input-array" count="18">

0.000000 0.041667 0.083333 0.125000 0.166667 0.208333 0.250000 0.291667 0.333333 0.375000 0.416667 0.458333 0.500000 0.541667 0.583333 0.625000
0.666667 0.708333</float_array><technique_common><accessor source="#BatRig_Spine1-Matrix-animation-input-array" count="18"><param name="TIME" type="float"/></accessor></technique_common></source><source id="BatRig_Spine1-Matrix-animation-output-transform"><float_array id="BatRig_Spine1-Matrix-animation-output-transform-array" count="288">

0.999835 0.018165 0.000578 0.000002 -0.018159 0.999794 -0.009029 10.999832 -0.000742 0.009017 0.999959 -0.000003 0.000000 0.000000 0.000000 1.000000
0.999835 0.018165 0.000578 0.000002 -0.018159 0.999794 -0.009029 10.999832 -0.000742 0.009017 0.999959 -0.000003 0.000000 0.000000 0.000000 1.000000
0.999975 0.006643 0.002343 0.000002 -0.006622 0.999939 -0.008859 10.999832 -0.002402 0.008843 0.999958 -0.000003 0.000000 0.000000 0.000000 1.000000
0.999994 -0.001216 0.003385 0.000002 0.001245 0.999961 -0.008700 10.999832 -0.003374 0.008704 0.999956 -0.000003 0.000000 0.000000 0.000000 1.000000
0.999965 -0.007280 0.004168 0.000002 0.007315 0.999937 -0.008483 10.999832 -0.004106 0.008513 0.999955 -0.000003 0.000000 0.000000 0.000000 1.000000
0.999943 -0.009711 0.004477 0.000002 0.009746 0.999922 -0.007861 10.999832 -0.004400 0.007904 0.999959 -0.000003 0.000000 0.000000 0.000000 1.000000
0.999985 -0.003337 0.004434 0.000002 0.003361 0.999979 -0.005523 10.999832 -0.004415 0.005538 0.999975 -0.000003 0.000000 0.000000 0.000000 1.000000
0.999934 0.010689 0.004315 0.000002 -0.010682 0.999942 -0.001565 10.999832 -0.004331 0.001519 0.999989 -0.000003 0.000000 0.000000 0.000000 1.000000
0.999686 0.024712 0.004136 0.000002 -0.024721 0.999692 0.002240 10.999832 -0.004079 -0.002342 0.999989 -0.000003 0.000000 0.000000 0.000000 1.000000
0.999242 0.038728 0.003924 0.000002 -0.038751 0.999232 0.005895 10.999832 -0.003693 -0.006043 0.999975 -0.000003 0.000000 0.000000 0.000000 1.000000
0.998602 0.052739 0.003652 0.000002 -0.052771 0.998562 0.009404 10.999832 -0.003151 -0.009584 0.999949 -0.000003 0.000000 0.000000 0.000000 1.000000
0.998246 0.059104 0.003262 0.000002 -0.059137 0.998189 0.010988 10.999832 -0.002607 -0.011162 0.999934 -0.000003 0.000000 0.000000 0.000000 1.000000
0.998996 0.044726 0.002709 0.000002 -0.044731 0.998997 0.001815 10.999832 -0.002625 -0.001934 0.999995 -0.000003 0.000000 0.000000 0.000000 1.000000
0.999836 0.017999 0.002034 0.000002 -0.017966 0.999722 -0.015272 10.999832 -0.002308 0.015233 0.999881 -0.000003 0.000000 0.000000 0.000000 1.000000
0.999993 0.003600 0.001315 0.000002 -0.003567 0.999694 -0.024486 10.999832 -0.001403 0.024481 0.999699 -0.000003 0.000000 0.000000 0.000000 1.000000
0.999943 0.010704 0.000393 0.000002 -0.010694 0.999733 -0.020492 10.999832 -0.000612 0.020487 0.999790 -0.000003 0.000000 0.000000 0.000000 1.000000
0.999714 0.023897 -0.000570 0.000002 -0.023902 0.999629 -0.013057 10.999832 0.000258 0.013067 0.999915 -0.000003 0.000000 0.000000 0.000000 1.000000
0.999714 0.023897 -0.000570 0.000002 -0.023902 0.999629 -0.013057 10.999832 0.000258 0.013067 0.999915 -0.000003 0.000000 0.000000 0.000000 1.000000</float_array><technique_common><accessor source="#BatRig_Spine1-Matrix-animation-output-transform-array" count="18" stride="16"><param type="float4x4"/></accessor></technique_common></source><source id="BatRig_Spine1-Interpolations"><Name_array id="BatRig_Spine1-Interpolations-array" count="18">
 LINEAR LINEAR LINEAR LINEAR LINEAR LINEAR LINEAR LINEAR LINEAR LINEAR LINEAR
LINEAR LINEAR LINEAR LINEAR LINEAR LINEAR LINEAR</Name_array><technique_common><accessor source="#BatRig_Spine1-Interpolations-array" count="18"><param type="name"/></accessor></technique_common></source><sampler id="BatRig_Spine1-Matrix-animation-transform"><input semantic="INPUT" source="#BatRig_Spine1-Matrix-animation-input"/><input semantic="OUTPUT" source="#BatRig_Spine1-Matrix-animation-output-transform"/><input semantic="INTERPOLATION" source="#BatRig_Spine1-Interpolations"/></sampler><channel source="#BatRig_Spine1-Matrix-animation-transform" target="BatRig_Spine1/matrix"/></animation><animation><source id="BatRig_Spine1-visibility-animation-input"><float_array id="BatRig_Spine1-visibility-animation-input-array" count="18">

0.000000 0.041667 0.083333 0.125000 0.166667 0.208333 0.250000 0.291667 0.333333 0.375000 0.416667 0.458333 0.500000 0.541667 0.583333 0.625000
0.666667 0.708333</float_array><technique_common><accessor source="#BatRig_Spine1-visibility-animation-input-array" count="18"><param name="TIME" type="float"/></accessor></technique_common></source><source id="BatRig_Spine1-visibility-animation-output"><float_array id="BatRig_Spine1-visibility-animation-output-array" count="18">

1.000000 1.000000 1.000000 1.000000 1.000000 1.000000 1.000000 1.000000 1.000000 1.000000 1.000000 1.000000 1.000000 1.000000 1.000000 1.000000
1.000000 1.000000</float_array><technique_common><accessor source="#BatRig_Spine1-visibility-animation-output-array" count="18"><param type="float"/></accessor></technique_common></source><source id="BatRig_Spine1-visibility-animation-intan"><float_array id="BatRig_Spine1-visibility-animation-intan-array" count="18">

0.000000 0.000000 0.000000 0.000000 0.000000 0.000000 0.000000 0.000000 0.000000 0.000000 0.000000 0.000000 0.000000 0.000000 0.000000 0.000000
0.000000 0.000000</float_array><technique_common><accessor source="#BatRig_Spine1-visibility-animation-intan-array" count="18"><param type="float"/></accessor></technique_common></source><source id="BatRig_Spine1-visibility-animation-outtan"><float_array id="BatRig_Spine1-visibility-animation-outtan-array" count="18">

0.000000 0.000000 0.000000 0.000000 0.000000 0.000000 0.000000 0.000000 0.000000 0.000000 0.000000 0.000000 0.000000 0.000000 0.000000 0.000000
0.000000 0.000000</float_array><technique_common><accessor source="#BatRig_Spine1-visibility-animation-outtan-array" count="18"><param type="float"/></accessor></technique_common></source><source id="BatRig_Spine1-visibility-animation-interpolation"><Name_array id="BatRig_Spine1-visibility-animation-interpolation-array" count="18">
 STEP STEP STEP STEP STEP STEP STEP STEP STEP STEP STEP STEP STEP STEP STEP STEP STEP
BEZIER</Name_array><technique_common><accessor source="#BatRig_Spine1-visibility-animation-interpolation-array" count="18"><param type="name"/></accessor></technique_common></source><sampler id="BatRig_Spine1-visibility-animation"><input semantic="INPUT" source="#BatRig_Spine1-visibility-animation-input"/><input semantic="OUTPUT" source="#BatRig_Spine1-visibility-animation-output"/><input semantic="IN_TANGENT" source="#BatRig_Spine1-visibility-animation-intan"/><input semantic="OUT_TANGENT" source="#BatRig_Spine1-visibility-animation-outtan"/><input semantic="INTERPOLATION" source="#BatRig_Spine1-visibility-animation-interpolation"/></sampler><channel source="#BatRig_Spine1-visibility-animation" target="BatRig_Spine1/visibility"/></animation></animation>
    <animation id="BatRig_Spine2-anim" name="BatRig_Spine2"><animation><source id="BatRig_Spine2-Matrix-animation-input"><float_array id="BatRig_Spine2-Matrix-animation-input-array" count="18">

0.000000 0.041667 0.083333 0.125000 0.166667 0.208333 0.250000 0.291667 0.333333 0.375000 0.416667 0.458333 0.500000 0.541667 0.583333 0.625000
0.666667 0.708333</float_array><technique_common><accessor source="#BatRig_Spine2-Matrix-animation-input-array" count="18"><param name="TIME" type="float"/></accessor></technique_common></source><source id="BatRig_Spine2-Matrix-animation-output-transform"><float_array id="BatRig_Spine2-Matrix-animation-output-transform-array" count="288">

0.999834 0.018180 0.001207 0.000000 -0.018168 0.999794 -0.009000 11.776703 -0.001370 0.008977 0.999959 0.000004 0.000000 0.000000 0.000000 1.000000
0.999834 0.018180 0.001207 0.000000 -0.018168 0.999794 -0.009000 11.776703 -0.001370 0.008977 0.999959 0.000004 0.000000 0.000000 0.000000 1.000000
0.999974 0.006675 0.002609 0.000000 -0.006652 0.999939 -0.008827 11.776703 -0.002668 0.008809 0.999958 0.000004 0.000000 0.000000 0.000000 1.000000
0.999993 -0.001180 0.003413 -0.000000 0.001210 0.999962 -0.008678 11.776703 -0.003403 0.008682 0.999957 0.000004 0.000000 0.000000 0.000000 1.000000
0.999966 -0.007244 0.004013 0.000000 0.007278 0.999938 -0.008484 11.776703 -0.003951 0.008513 0.999956 0.000004 0.000000 0.000000 0.000000 1.000000
0.999944 -0.009671 0.004286 -0.000000 0.009705 0.999921 -0.007927 11.776703 -0.004209 0.007968 0.999959 0.000004 0.000000 0.000000 0.000000 1.000000
0.999987 -0.003271 0.003813 0.000000 0.003293 0.999978 -0.005710 11.776703 -0.003794 0.005722 0.999976 0.000004 0.000000 0.000000 0.000000 1.000000
0.999938 0.010803 0.002682 0.000000 -0.010798 0.999940 -0.001886 11.776703 -0.002702 0.001857 0.999995 0.000004 0.000000 0.000000 0.000000 1.000000
0.999689 0.024875 0.001542 0.000000 -0.024878 0.999689 0.001813 11.776703 -0.001496 -0.001851 0.999997 0.000004 0.000000 0.000000 0.000000 1.000000
0.999241 0.038940 0.000402 0.000000 -0.038942 0.999227 0.005387 11.776703 -0.000192 -0.005399 0.999985 0.000004 0.000000 0.000000 0.000000 1.000000
0.998594 0.053000 -0.000743 0.000000 -0.052991 0.998556 0.008837 11.776703 0.001210 -0.008785 0.999961 0.000004 0.000000 0.000000 0.000000 1.000000
0.998234 0.059386 -0.001265 0.000000 -0.059370 0.998182 0.010385 11.776703 0.001879 -0.010292 0.999945 0.000004 0.000000 0.000000 0.000000 1.000000
0.998990 0.044919 -0.000546 -0.000000 -0.044918 0.998990 0.001341 11.776703 0.000606 -0.001315 0.999999 0.000004 0.000000 0.000000 0.000000 1.000000
0.999837 0.018024 0.000786 -0.000000 -0.018010 0.999718 -0.015449 11.776703 -0.001064 0.015432 0.999880 0.000004 0.000000 0.000000 0.000000 1.000000
0.999993 0.003536 0.001502 0.000000 -0.003498 0.999694 -0.024482 11.776703 -0.001588 0.024477 0.999699 0.000004 0.000000 0.000000 0.000000 1.000000
0.999943 0.010660 0.001103 0.000000 -0.010635 0.999734 -0.020486 11.776703 -0.001321 0.020473 0.999790 0.000004 0.000000 0.000000 0.000000 1.000000
0.999715 0.023891 0.000361 0.000000 -0.023884 0.999629 -0.013057 11.776703 -0.000673 0.013045 0.999915 0.000004 0.000000 0.000000 0.000000 1.000000
0.999715 0.023891 0.000361 0.000000 -0.023884 0.999629 -0.013057 11.776703 -0.000673 0.013045 0.999915 0.000004 0.000000 0.000000 0.000000 1.000000</float_array><technique_common><accessor source="#BatRig_Spine2-Matrix-animation-output-transform-array" count="18" stride="16"><param type="float4x4"/></accessor></technique_common></source><source id="BatRig_Spine2-Interpolations"><Name_array id="BatRig_Spine2-Interpolations-array" count="18">
 LINEAR LINEAR LINEAR LINEAR LINEAR LINEAR LINEAR LINEAR LINEAR LINEAR LINEAR
LINEAR LINEAR LINEAR LINEAR LINEAR LINEAR LINEAR</Name_array><technique_common><accessor source="#BatRig_Spine2-Interpolations-array" count="18"><param type="name"/></accessor></technique_common></source><sampler id="BatRig_Spine2-Matrix-animation-transform"><input semantic="INPUT" source="#BatRig_Spine2-Matrix-animation-input"/><input semantic="OUTPUT" source="#BatRig_Spine2-Matrix-animation-output-transform"/><input semantic="INTERPOLATION" source="#BatRig_Spine2-Interpolations"/></sampler><channel source="#BatRig_Spine2-Matrix-animation-transform" target="BatRig_Spine2/matrix"/></animation><animation><source id="BatRig_Spine2-visibility-animation-input"><float_array id="BatRig_Spine2-visibility-animation-input-array" count="18">

0.000000 0.041667 0.083333 0.125000 0.166667 0.208333 0.250000 0.291667 0.333333 0.375000 0.416667 0.458333 0.500000 0.541667 0.583333 0.625000
0.666667 0.708333</float_array><technique_common><accessor source="#BatRig_Spine2-visibility-animation-input-array" count="18"><param name="TIME" type="float"/></accessor></technique_common></source><source id="BatRig_Spine2-visibility-animation-output"><float_array id="BatRig_Spine2-visibility-animation-output-array" count="18">

1.000000 1.000000 1.000000 1.000000 1.000000 1.000000 1.000000 1.000000 1.000000 1.000000 1.000000 1.000000 1.000000 1.000000 1.000000 1.000000
1.000000 1.000000</float_array><technique_common><accessor source="#BatRig_Spine2-visibility-animation-output-array" count="18"><param type="float"/></accessor></technique_common></source><source id="BatRig_Spine2-visibility-animation-intan"><float_array id="BatRig_Spine2-visibility-animation-intan-array" count="18">

0.000000 0.000000 0.000000 0.000000 0.000000 0.000000 0.000000 0.000000 0.000000 0.000000 0.000000 0.000000 0.000000 0.000000 0.000000 0.000000
0.000000 0.000000</float_array><technique_common><accessor source="#BatRig_Spine2-visibility-animation-intan-array" count="18"><param type="float"/></accessor></technique_common></source><source id="BatRig_Spine2-visibility-animation-outtan"><float_array id="BatRig_Spine2-visibility-animation-outtan-array" count="18">

0.000000 0.000000 0.000000 0.000000 0.000000 0.000000 0.000000 0.000000 0.000000 0.000000 0.000000 0.000000 0.000000 0.000000 0.000000 0.000000
0.000000 0.000000</float_array><technique_common><accessor source="#BatRig_Spine2-visibility-animation-outtan-array" count="18"><param type="float"/></accessor></technique_common></source><source id="BatRig_Spine2-visibility-animation-interpolation"><Name_array id="BatRig_Spine2-visibility-animation-interpolation-array" count="18">
 STEP STEP STEP STEP STEP STEP STEP STEP STEP STEP STEP STEP STEP STEP STEP STEP STEP
BEZIER</Name_array><technique_common><accessor source="#BatRig_Spine2-visibility-animation-interpolation-array" count="18"><param type="name"/></accessor></technique_common></source><sampler id="BatRig_Spine2-visibility-animation"><input semantic="INPUT" source="#BatRig_Spine2-visibility-animation-input"/><input semantic="OUTPUT" source="#BatRig_Spine2-visibility-animation-output"/><input semantic="IN_TANGENT" source="#BatRig_Spine2-visibility-animation-intan"/><input semantic="OUT_TANGENT" source="#BatRig_Spine2-visibility-animation-outtan"/><input semantic="INTERPOLATION" source="#BatRig_Spine2-visibility-animation-interpolation"/></sampler><channel source="#BatRig_Spine2-visibility-animation" target="BatRig_Spine2/visibility"/></animation></animation>
    <animation id="BatRig_Spine3-anim" name="BatRig_Spine3"><animation><source id="BatRig_Spine3-Matrix-animation-input"><float_array id="BatRig_Spine3-Matrix-animation-input-array" count="18">

0.000000 0.041667 0.083333 0.125000 0.166667 0.208333 0.250000 0.291667 0.333333 0.375000 0.416667 0.458333 0.500000 0.541667 0.583333 0.625000
0.666667 0.708333</float_array><technique_common><accessor source="#BatRig_Spine3-Matrix-animation-input-array" count="18"><param name="TIME" type="float"/></accessor></technique_common></source><source id="BatRig_Spine3-Matrix-animation-output-transform"><float_array id="BatRig_Spine3-Matrix-animation-output-transform-array" count="288">

0.999833 0.018173 0.001762 0.000001 -0.018156 0.999795 -0.009018 13.030716 -0.001926 0.008984 0.999958 -1.061704 0.000000 0.000000 0.000000 1.000000
0.999833 0.018173 0.001762 0.000001 -0.018156 0.999795 -0.009018 13.030716 -0.001926 0.008984 0.999958 -1.061704 0.000000 0.000000 0.000000 1.000000
0.999973 0.006692 0.002902 0.000001 -0.006666 0.999939 -0.008855 13.030716 -0.002961 0.008835 0.999957 -1.061704 0.000000 0.000000 0.000000 1.000000
0.999993 -0.001154 0.003487 0.000001 0.001184 0.999961 -0.008712 13.030716 -0.003477 0.008716 0.999956 -1.061704 0.000000 0.000000 0.000000 1.000000
0.999966 -0.007211 0.003915 0.000001 0.007244 0.999937 -0.008523 13.030716 -0.003853 0.008551 0.999956 -1.061704 0.000000 0.000000 0.000000 1.000000
0.999945 -0.009639 0.004080 0.000001 0.009671 0.999921 -0.007990 13.030716 -0.004003 0.008029 0.999960 -1.061704 0.000000 0.000000 0.000000 1.000000
0.999990 -0.003238 0.003169 0.000001 0.003257 0.999977 -0.005912 13.030716 -0.003150 0.005922 0.999978 -1.061704 0.000000 0.000000 0.000000 1.000000
0.999941 0.010844 0.001162 0.000001 -0.010841 0.999939 -0.002319 13.030716 -0.001187 0.002306 0.999997 -1.061704 0.000000 0.000000 0.000000 1.000000
0.999689 0.024924 -0.000845 0.000001 -0.024923 0.999689 0.001197 13.030716 0.000875 -0.001176 0.999999 -1.061704 0.000000 0.000000 0.000000 1.000000
0.999235 0.038998 -0.002852 0.000001 -0.038985 0.999229 0.004635 13.030716 0.003031 -0.004520 0.999985 -1.061704 0.000000 0.000000 0.000000 1.000000
0.998579 0.053066 -0.004857 0.000001 -0.053026 0.998561 0.007995 13.030716 0.005274 -0.007726 0.999956 -1.061704 0.000000 0.000000 0.000000 1.000000
0.998214 0.059457 -0.005766 0.000001 -0.059401 0.998189 0.009516 13.030716 0.006321 -0.009157 0.999938 -1.061704 0.000000 0.000000 0.000000 1.000000
0.998982 0.044953 -0.003837 0.000001 -0.044951 0.998989 0.000623 13.030716 0.003861 -0.000450 0.999992 -1.061704 0.000000 0.000000 0.000000 1.000000
0.999838 0.017990 -0.000245 0.000001 -0.017992 0.999714 -0.015747 13.030716 -0.000038 0.015749 0.999876 -1.061704 0.000000 0.000000 0.000000 1.000000
0.999993 0.003465 0.001692 0.000001 -0.003423 0.999694 -0.024480 13.030716 -0.001776 0.024474 0.999699 -1.061704 0.000000 0.000000 0.000000 1.000000
0.999943 0.010603 0.001495 0.000001 -0.010570 0.999734 -0.020488 13.030716 -0.001712 0.020471 0.999789 -1.061704 0.000000 0.000000 0.000000 1.000000
0.999715 0.023860 0.001131 0.000001 -0.023843 0.999630 -0.013066 13.030716 -0.001442 0.013035 0.999914 -1.061704 0.000000 0.000000 0.000000 1.000000
