<?xml version="1.0" encoding="utf-8"?>
<COLLADA xmlns="http://www.collada.org/2005/11/COLLADASchema" version="1.4.1">
  <asset><contributor><author></author><authoring_tool>FBX COLLADA exporter</authoring_tool><comments></comments></contributor><created>2017-08-30T19:38:30Z</created><keywords></keywords><modified>2017-08-30T19:38:30Z</modified><revision></revision><subject></subject><title></title><unit meter="0.010000" name="centimeter"></unit><up_axis>Y_UP</up_axis></asset>
  <library_animations>
    <animation id="BatRig_Reference-anim" name="BatRig_Reference"><animation><source id="BatRig_Reference-Matrix-animation-input"><float_array id="BatRig_Reference-Matrix-animation-input-array" count="18">

0.000000 0.041667 0.083333 0.125000 0.166667 0.208333 0.250000 0.291667 0.333333 0.375000 0.416667 0.458333 0.500000 0.541667 0.583333 0.625000
0.666667 0.708333</float_array><technique_common><accessor source="#BatRig_Reference-Matrix-animation-input-array" count="18"><param name="TIME" type="float"/></accessor></technique_common></source><source id="BatRig_Reference-Matrix-animation-output-transform"><float_array id="BatRig_Reference-Matrix-animation-output-transform-array" count="288">

1.000000 0.000000 0.000000 3.492548 0.000000 1.000000 0.000000 0.000000 0.000000 0.000000 1.000000 -1.510356 0.000000 0.000000 0.000000 1.000000
1.000000 0.000000 0.000000 3.492548 0.000000 1.000000 0.000000 0.000000 0.000000 0.000000 1.000000 -1.510356 0.000000 0.000000 0.000000 1.000000
1.000000 0.000000 0.000000 3.323273 0.000000 1.000000 0.000000 0.000000 0.000000 0.000000 1.000000 5.716479 0.000000 0.000000 0.000000 1.000000
1.000000 0.000000 0.000000 2.328494 0.000000 1.000000 0.000000 0.000000 0.000000 0.000000 1.000000 11.833506 0.000000 0.000000 0.000000 1.000000
1.000000 0.000000 0.000000 0.918910 0.000000 1.000000 0.000000 0.000000 0.000000 0.000000 1.000000 17.778414 0.000000 0.000000 0.000000 1.000000
1.000000 0.000000 0.000000 0.114775 0.000000 1.000000 0.000000 0.000000 0.000000 0.000000 1.000000 21.356287 0.000000 0.000000 0.000000 1.000000
1.000000 0.000000 0.000000 0.024670 0.000000 1.000000 0.000000 0.000000 0.000000 0.000000 1.000000 22.241478 0.000000 0.000000 0.000000 1.000000
1.000000 0.000000 0.000000 0.027264 0.000000 1.000000 0.000000 0.000000 0.000000 0.000000 1.000000 22.354548 0.000000 0.000000 0.000000 1.000000
1.000000 0.000000 0.000000 0.048352 0.000000 1.000000 0.000000 0.000000 0.000000 0.000000 1.000000 22.872637 0.000000 0.000000 0.000000 1.000000
1.000000 0.000000 0.000000 0.050790 0.000000 1.000000 0.000000 0.000000 0.000000 0.000000 1.000000 24.208284 0.000000 0.000000 0.000000 1.000000
1.000000 0.000000 0.000000 0.098226 0.000000 1.000000 0.000000 0.000000 0.000000 0.000000 1.000000 25.949123 0.000000 0.000000 0.000000 1.000000
1.000000 0.000000 0.000000 0.268418 0.000000 1.000000 0.000000 0.000000 0.000000 0.000000 1.000000 28.035675 0.000000 0.000000 0.000000 1.000000
1.000000 0.000000 0.000000 1.407987 0.000000 1.000000 0.000000 0.000000 0.000000 0.000000 1.000000 31.161993 0.000000 0.000000 0.000000 1.000000
1.000000 0.000000 0.000000 3.260710 0.000000 1.000000 0.000000 0.000000 0.000000 0.000000 1.000000 34.634266 0.000000 0.000000 0.000000 1.000000
1.000000 0.000000 0.000000 4.250514 0.000000 1.000000 0.000000 0.000000 0.000000 0.000000 1.000000 36.310993 0.000000 0.000000 0.000000 1.000000
1.000000 0.000000 0.000000 4.146741 0.000000 1.000000 0.000000 0.000000 0.000000 0.000000 1.000000 35.804420 0.000000 0.000000 0.000000 1.000000
1.000000 0.000000 0.000000 3.898814 0.000000 1.000000 0.000000 0.000000 0.000000 0.000000 1.000000 34.752483 0.000000 0.000000 0.000000 1.000000
1.000000 0.000000 0.000000 3.898814 0.000000 1.000000 0.000000 0.000000 0.000000 0.000000 1.000000 34.752483 0.000000 0.000000 0.000000 1.000000</float_array><technique_common><accessor source="#BatRig_Reference-Matrix-animation-output-transform-array" count="18" stride="16"><param type="float4x4"/></accessor></technique_common></source><source id="BatRig_Reference-Interpolations"><Name_array id="BatRig_Reference-Interpolations-array" count="18">
 LINEAR LINEAR LINEAR LINEAR LINEAR LINEAR LINEAR LINEAR LINEAR LINEAR LINEAR
LINEAR LINEAR LINEAR LINEAR LINEAR LINEAR LINEAR</Name_array><technique_common><accessor source="#BatRig_Reference-Interpolations-array" count="18"><param type="name"/></accessor></technique_common></source><sampler id="BatRig_Reference-Matrix-animation-transform"><input semantic="INPUT" source="#BatRig_Reference-Matrix-animation-input"/><input semantic="OUTPUT" source="#BatRig_Reference-Matrix-animation-output-transform"/><input semantic="INTERPOLATION" source="#BatRig_Reference-Interpolations"/></sampler><channel source="#BatRig_Reference-Matrix-animation-transform" target="BatRig_Reference/matrix"/></animation><animation><source id="BatRig_Reference-visibility-animation-input"><float_array id="BatRig_Reference-visibility-animation-input-array" count="18">

0.000000 0.041667 0.083333 0.125000 0.166667 0.208333 0.250000 0.291667 0.333333 0.375000 0.416667 0.458333 0.500000 0.541667 0.583333 0.625000
0.666667 0.708333</float_array><technique_common><accessor source="#BatRig_Reference-visibility-animation-input-array" count="18"><param name="TIME" type="float"/></accessor></technique_common></source><source id="BatRig_Reference-visibility-animation-output"><float_array id="BatRig_Reference-visibility-animation-output-array" count="18">

1.000000 1.000000 1.000000 1.000000 1.000000 1.000000 1.000000 1.000000 1.000000 1.000000 1.000000 1.000000 1.000000 1.000000 1.000000 1.000000
1.000000 1.000000</float_array><technique_common><accessor source="#BatRig_Reference-visibility-animation-output-array" count="18"><param type="float"/></accessor></technique_common></source><source id="BatRig_Reference-visibility-animation-intan"><float_array id="BatRig_Reference-visibility-animation-intan-array" count="18">

0.000000 0.000000 0.000000 0.000000 0.000000 0.000000 0.000000 0.000000 0.000000 0.000000 0.000000 0.000000 0.000000 0.000000 0.000000 0.000000
0.000000 0.000000</float_array><technique_common><accessor source="#BatRig_Reference-visibility-animation-intan-array" count="18"><param type="float"/></accessor></technique_common></source><source id="BatRig_Reference-visibility-animation-outtan"><float_array id="BatRig_Reference-visibility-animation-outtan-array" count="18">

0.000000 0.000000 0.000000 0.000000 0.000000 0.000000 0.000000 0.000000 0.000000 0.000000 0.000000 0.000000 0.000000 0.000000 0.000000 0.000000
0.000000 0.000000</float_array><technique_common><accessor source="#BatRig_Reference-visibility-animation-outtan-array" count="18"><param type="float"/></accessor></technique_common></source><source id="BatRig_Reference-visibility-animation-interpolation"><Name_array id="BatRig_Reference-visibility-animation-interpolation-array" count="18">
 STEP STEP STEP STEP STEP STEP STEP STEP STEP STEP STEP STEP STEP STEP STEP STEP STEP
BEZIER</Name_array><technique_common><accessor source="#BatRig_Reference-visibility-animation-interpolation-array" count="18"><param type="name"/></accessor></technique_common></source><sampler id="BatRig_Reference-visibility-animation"><input semantic="INPUT" source="#BatRig_Reference-visibility-animation-input"/><input semantic="OUTPUT" source="#BatRig_Reference-visibility-animation-output"/><input semantic="IN_TANGENT" source="#BatRig_Reference-visibility-animation-intan"/><input semantic="OUT_TANGENT" source="#BatRig_Reference-visibility-animation-outtan"/><input semantic="INTERPOLATION" source="#BatRig_Reference-visibility-animation-interpolation"/></sampler><channel source="#BatRig_Reference-visibility-animation" target="BatRig_Reference/visibility"/></animation></animation>
    <animation id="BatRig_Hips-anim" name="BatRig_Hips"><animation><source id="BatRig_Hips-Matrix-animation-input"><float_array id="BatRig_Hips-Matrix-animation-input-array" count="18">

0.000000 0.041667 0.083333 0.125000 0.166667 0.208333 0.250000 0.291667 0.333333 0.375000 0.416667 0.458333 0.500000 0.541667 0.583333 0.625000
0.666667 0.708333</float_array><technique_common><accessor source="#BatRig_Hips-Matrix-animation-input-array" count="18"><param name="TIME" type="float"/></accessor></technique_common></source><source id="BatRig_Hips-Matrix-animation-output-transform"><float_array id="BatRig_Hips-Matrix-animation-output-transform-array" count="288">

0.576204 0.045509 0.816038 0.000000 0.078070 0.990818 -0.110381 79.608528 -0.813568 0.127310 0.567361 0.000000 0.000000 0.000000 0.000000 1.000000
0.576204 0.045509 0.816038 0.000000 0.078070 0.990818 -0.110381 79.608528 -0.813568 0.127310 0.567361 0.000000 0.000000 0.000000 0.000000 1.000000
0.576571 0.041444 0.815995 0.000000 0.060302 0.993830 -0.093085 79.455963 -0.814819 0.102876 0.570515 0.000000 0.000000 0.000000 0.000000 1.000000
0.579756 0.003340 0.814783 0.000000 0.086916 0.994032 -0.065920 79.113190 -0.810141 0.109035 0.576006 0.000000 0.000000 0.000000 0.000000 1.000000
0.582116 -0.050019 0.811566 0.000000 0.129063 0.991136 -0.031487 78.695572 -0.802797 0.123072 0.583412 0.000000 0.000000 0.000000 0.000000 1.000000
0.582094 -0.085733 0.808589 0.000000 0.151571 0.988437 -0.004312 78.373444 -0.798870 0.125069 0.588358 0.000000 0.000000 0.000000 0.000000 1.000000
0.581568 -0.085358 0.809007 0.000000 0.135294 0.990779 0.007278 78.275650 -0.802168 0.105221 0.587754 0.000000 0.000000 0.000000 0.000000 1.000000
0.580290 -0.067466 0.811611 0.000000 0.099230 0.994995 0.011762 78.276672 -0.808342 0.073711 0.584080 0.000000 0.000000 0.000000 0.000000 1.000000
0.577926 -0.054822 0.814246 0.000000 0.065767 0.997625 0.020490 78.175819 -0.813435 0.041709 0.580159 0.000000 0.000000 0.000000 0.000000 1.000000
0.574450 -0.058795 0.816425 0.000000 0.039251 0.998248 0.044271 77.048080 -0.817598 0.006614 0.575751 0.000000 0.000000 0.000000 0.000000 1.000000
0.570753 -0.068094 0.818294 0.000000 0.015314 0.997265 0.072305 75.179550 -0.820979 -0.028737 0.570235 0.000000 0.000000 0.000000 0.000000 1.000000
0.568961 -0.071225 0.819274 0.000000 0.003708 0.996454 0.084053 74.194695 -0.822356 -0.044785 0.567208 0.000000 0.000000 0.000000 0.000000 1.000000
0.570630 -0.063066 0.818782 0.000000 0.011675 0.997569 0.068700 75.954857 -0.821124 -0.029643 0.569979 0.000000 0.000000 0.000000 0.000000 1.000000
0.574275 -0.048721 0.817211 0.000000 0.031968 0.998801 0.037083 79.220917 -0.818038 0.004829 0.575144 0.000000 0.000000 0.000000 0.000000 1.000000
0.576999 -0.031805 0.816125 0.000000 0.052858 0.998601 0.001546 80.969688 -0.815032 0.042247 0.577873 0.000000 0.000000 0.000000 0.000000 1.000000
0.577351 -0.010110 0.816433 0.000000 0.072900 0.996568 -0.039212 80.686501 -0.813235 0.082157 0.576107 0.000000 0.000000 0.000000 0.000000 1.000000
0.577016 0.014338 0.816607 0.000000 0.093666 0.992087 -0.083604 80.151077 -0.811344 0.124729 0.571107 0.000000 0.000000 0.000000 0.000000 1.000000
0.577016 0.014338 0.816607 0.000000 0.093666 0.992087 -0.083604 80.151077 -0.811344 0.124729 0.571107 0.000000 0.000000 0.000000 0.000000 1.000000</float_array><technique_common><accessor source="#BatRig_Hips-Matrix-animation-output-transform-array" count="18" stride="16"><param type="float4x4"/></accessor></technique_common></source><source id="BatRig_Hips-Interpolations"><Name_array id="BatRig_Hips-Interpolations-array" count="18">
 LINEAR LINEAR LINEAR LINEAR LINEAR LINEAR LINEAR LINEAR LINEAR LINEAR LINEAR
LINEAR LINEAR LINEAR LINEAR LINEAR LINEAR LINEAR</Name_array><technique_common><accessor source="#BatRig_Hips-Interpolations-array" count="18"><param type="name"/></accessor></technique_common></source><sampler id="BatRig_Hips-Matrix-animation-transform"><input semantic="INPUT" source="#BatRig_Hips-Matrix-animation-input"/><input semantic="OUTPUT" source="#BatRig_Hips-Matrix-animation-output-transform"/><input semantic="INTERPOLATION" source="#BatRig_Hips-Interpolations"/></sampler><channel source="#BatRig_Hips-Matrix-animation-transform" target="BatRig_Hips/matrix"/></animation><animation><source id="BatRig_Hips-visibility-animation-input"><float_array id="BatRig_Hips-visibility-animation-input-array" count="18">

0.000000 0.041667 0.083333 0.125000 0.166667 0.208333 0.250000 0.291667 0.333333 0.375000 0.416667 0.458333 0.500000 0.541667 0.583333 0.625000
0.666667 0.708333</float_array><technique_common><accessor source="#BatRig_Hips-visibility-animation-input-array" count="18"><param name="TIME" type="float"/></accessor></technique_common></source><source id="BatRig_Hips-visibility-animation-output"><float_array id="BatRig_Hips-visibility-animation-output-array" count="18">

1.000000 1.000000 1.000000 1.000000 1.000000 1.000000 1.000000 1.000000 1.000000 1.000000 1.000000 1.000000 1.000000 1.000000 1.000000 1.000000
1.000000 1.000000</float_array><technique_common><accessor source="#BatRig_Hips-visibility-animation-output-array" count="18"><param type="float"/></accessor></technique_common></source><source id="BatRig_Hips-visibility-animation-intan"><float_array id="BatRig_Hips-visibility-animation-intan-array" count="18">

0.000000 0.000000 0.000000 0.000000 0.000000 0.000000 0.000000 0.000000 0.000000 0.000000 0.000000 0.000000 0.000000 0.000000 0.000000 0.000000
0.000000 0.000000</float_array><technique_common><accessor source="#BatRig_Hips-visibility-animation-intan-array" count="18"><param type="float"/></accessor></technique_common></source><source id="BatRig_Hips-visibility-animation-outtan"><float_array id="BatRig_Hips-visibility-animation-outtan-array" count="18">

0.000000 0.000000 0.000000 0.000000 0.000000 0.000000 0.000000 0.000000 0.000000 0.000000 0.000000 0.000000 0.000000 0.000000 0.000000 0.000000
0.000000 0.000000</float_array><technique_common><accessor source="#BatRig_Hips-visibility-animation-outtan-array" count="18"><param type="float"/></accessor></technique_common></source><source id="BatRig_Hips-visibility-animation-interpolation"><Name_array id="BatRig_Hips-visibility-animation-interpolation-array" count="18">
 STEP STEP STEP STEP STEP STEP STEP STEP STEP STEP STEP STEP STEP STEP STEP STEP STEP
BEZIER</Name_array><technique_common><accessor source="#BatRig_Hips-visibility-animation-interpolation-array" count="18"><param type="name"/></accessor></technique_common></source><sampler id="BatRig_Hips-visibility-animation"><input semantic="INPUT" source="#BatRig_Hips-visibility-animation-input"/><input semantic="OUTPUT" source="#BatRig_Hips-visibility-animation-output"/><input semantic="IN_TANGENT" source="#BatRig_Hips-visibility-animation-intan"/><input semantic="OUT_TANGENT" source="#BatRig_Hips-visibility-animation-outtan"/><input semantic="INTERPOLATION" source="#BatRig_Hips-visibility-animation-interpolation"/></sampler><channel source="#BatRig_Hips-visibility-animation" target="BatRig_Hips/visibility"/></animation></animation>
    <animation id="BatRig_Spine-anim" name="BatRig_Spine"><animation><source id="BatRig_Spine-Matrix-animation-input"><float_array id="BatRig_Spine-Matrix-animation-input-array" count="18">

0.000000 0.041667 0.083333 0.125000 0.166667 0.208333 0.250000 0.291667 0.333333 0.375000 0.416667 0.458333 0.500000 0.541667 0.583333 0.625000
0.666667 0.708333</float_array><technique_common><accessor source="#BatRig_Spine-Matrix-animation-input-array" count="18"><param name="TIME" type="float"/></accessor></technique_common></source><source id="BatRig_Spine-Matrix-animation-output-transform"><float_array id="BatRig_Spine-Matrix-animation-output-transform-array" count="288">

0.998848 0.038232 -0.029001 -0.000001 -0.037599 0.999050 0.022052 3.725677 0.029817 -0.020936 0.999336 0.000001 0.000000 0.000000 0.000000 1.000000
0.998848 0.038232 -0.029001 -0.000001 -0.037599 0.999050 0.022052 3.725677 0.029817 -0.020936 0.999336 0.000001 0.000000 0.000000 0.000000 1.000000
0.997990 0.056736 -0.028246 -0.000001 -0.055754 0.997852 0.034402 3.725677 0.030137 -0.032758 0.999009 0.000001 0.000000 0.000000 0.000000 1.000000
0.996516 0.076310 -0.033654 -0.000001 -0.077216 0.996663 -0.026487 3.725677 0.031520 0.028993 0.999083 0.000001 0.000000 0.000000 0.000000 1.000000
0.994487 0.095321 -0.043696 -0.000001 -0.100544 0.985138 -0.139265 3.725677 0.029772 0.142891 0.989291 0.000001 0.000000 0.000000 0.000000 1.000000
0.993381 0.103853 -0.049089 -0.000001 -0.111627 0.973576 -0.199221 3.725677 0.027102 0.203382 0.978724 0.000001 0.000000 0.000000 0.000000 1.000000
0.993627 0.102431 -0.047043 -0.000001 -0.109744 0.974362 -0.196406 3.725677 0.025719 0.200317 0.979394 0.000001 0.000000 0.000000 0.000000 1.000000
0.994487 0.095522 -0.043260 -0.000001 -0.102089 0.976201 -0.191336 3.725677 0.023954 0.194698 0.980571 0.000001 0.000000 0.000000 0.000000 1.000000
0.996009 0.079142 -0.041264 -0.000001 -0.085563 0.978224 -0.189095 3.725677 0.025400 0.191871 0.981091 0.000001 0.000000 0.000000 0.000000 1.000000
0.998251 0.040604 -0.042970 -0.000001 -0.048369 0.978866 -0.198698 3.725677 0.033994 0.200429 0.979118 0.000001 0.000000 0.000000 0.000000 1.000000
0.998914 -0.007495 -0.045994 -0.000001 -0.002607 0.976446 -0.215746 3.725677 0.046528 0.215631 0.975366 0.000001 0.000000 0.000000 0.000000 1.000000
0.998383 -0.031085 -0.047586 -0.000001 0.019612 0.974184 -0.224904 3.725677 0.053349 0.223607 0.973218 0.000001 0.000000 0.000000 0.000000 1.000000
0.998553 -0.025902 -0.047117 -0.000001 0.016021 0.979845 -0.199118 3.725677 0.051325 0.198075 0.978842 0.000001 0.000000 0.000000 0.000000 1.000000
0.998849 -0.014611 -0.045678 -0.000001 0.007917 0.989628 -0.143437 3.725677 0.047300 0.142910 0.988605 0.000001 0.000000 0.000000 0.000000 1.000000
0.999059 -0.003615 -0.043223 -0.000001 -0.000339 0.995840 -0.091117 3.725677 0.043373 0.091046 0.994902 0.000001 0.000000 0.000000 0.000000 1.000000
0.999224 0.004531 -0.039127 -0.000001 -0.006603 0.998574 -0.052979 3.725677 0.038831 0.053196 0.997829 0.000001 0.000000 0.000000 0.000000 1.000000
0.999343 0.012327 -0.034087 -0.000001 -0.012927 0.999765 -0.017429 3.725677 0.033864 0.017858 0.999267 0.000001 0.000000 0.000000 0.000000 1.000000
0.999343 0.012327 -0.034087 -0.000001 -0.012927 0.999765 -0.017429 3.725677 0.033864 0.017858 0.999267 0.000001 0.000000 0.000000 0.000000 1.000000</float_array><technique_common><accessor source="#BatRig_Spine-Matrix-animation-output-transform-array" count="18" stride="16"><param type="float4x4"/></accessor></technique_common></source><source id="BatRig_Spine-Interpolations"><Name_array id="BatRig_Spine-Interpolations-array" count="18">
 LINEAR LINEAR LINEAR LINEAR LINEAR LINEAR LINEAR LINEAR LINEAR LINEAR LINEAR
LINEAR LINEAR LINEAR LINEAR LINEAR LINEAR LINEAR</Name_array><technique_common><accessor source="#BatRig_Spine-Interpolations-array" count="18"><param type="name"/></accessor></technique_common></source><sampler id="BatRig_Spine-Matrix-animation-transform"><input semantic="INPUT" source="#BatRig_Spine-Matrix-animation-input"/><input semantic="OUTPUT" source="#BatRig_Spine-Matrix-animation-output-transform"/><input semantic="INTERPOLATION" source="#BatRig_Spine-Interpolations"/></sampler><channel source="#BatRig_Spine-Matrix-animation-transform" target="BatRig_Spine/matrix"/></animation><animation><source id="BatRig_Spine-visibility-animation-input"><float_array id="BatRig_Spine-visibility-animation-input-array" count="18">

0.000000 0.041667 0.083333 0.125000 0.166667 0.208333 0.250000 0.291667 0.333333 0.375000 0.416667 0.458333 0.500000 0.541667 0.583333 0.625000
0.666667 0.708333</float_array><technique_common><accessor source="#BatRig_Spine-visibility-animation-input-array" count="18"><param name="TIME" type="float"/></accessor></technique_common></source><source id="BatRig_Spine-visibility-animation-output"><float_array id="BatRig_Spine-visibility-animation-output-array" count="18">

1.000000 1.000000 1.000000 1.000000 1.000000 1.000000 1.000000 1.000000 1.000000 1.000000 1.000000 1.000000 1.000000 1.000000 1.000000 1.000000
1.000000 1.000000</float_array><technique_common><accessor source="#BatRig_Spine-visibility-animation-output-array" count="18"><param type="float"/></accessor></technique_common></source><source id="BatRig_Spine-visibility-animation-intan"><float_array id="BatRig_Spine-visibility-animation-intan-array" count="18">

0.000000 0.000000 0.000000 0.000000 0.000000 0.000000 0.000000 0.000000 0.000000 0.000000 0.000000 0.000000 0.000000 0.000000 0.000000 0.000000
0.000000 0.000000</float_array><technique_common><accessor source="#BatRig_Spine-visibility-animation-intan-array" count="18"><param type="float"/></accessor></technique_common></source><source id="BatRig_Spine-visibility-animation-outtan"><float_array id="BatRig_Spine-visibility-animation-outtan-array" count="18">

0.000000 0.000000 0.000000 0.000000 0.000000 0.000000 0.000000 0.000000 0.000000 0.000000 0.000000 0.000000 0.000000 0.000000 0.000000 0.000000
0.000000 0.000000</float_array><technique_common><accessor source="#BatRig_Spine-visibility-animation-outtan-array" count="18"><param type="float"/></accessor></technique_common></source><source id="BatRig_Spine-visibility-animation-interpolation"><Name_array id="BatRig_Spine-visibility-animation-interpolation-array" count="18">
 STEP STEP STEP STEP STEP STEP STEP STEP STEP STEP STEP STEP STEP STEP STEP STEP STEP
BEZIER</Name_array><technique_common><accessor source="#BatRig_Spine-visibility-animation-interpolation-array" count="18"><param type="name"/></accessor></technique_common></source><sampler id="BatRig_Spine-visibility-animation"><input semantic="INPUT" source="#BatRig_Spine-visibility-animation-input"/><input semantic="OUTPUT" source="#BatRig_Spine-visibility-animation-output"/><input semantic="IN_TANGENT" source="#BatRig_Spine-visibility-animation-intan"/><input semantic="OUT_TANGENT" source="#BatRig_Spine-visibility-animation-outtan"/><input semantic="INTERPOLATION" source="#BatRig_Spine-visibility-animation-interpolation"/></sampler><channel source="#BatRig_Spine-visibility-animation" target="BatRig_Spine/visibility"/></animation></animation>
    <animation id="BatRig_Spine1-anim" name="BatRig_Spine1"><animation><source id="BatRig_Spine1-Matrix-animation-input"><float_array id="BatRig_Spine1-Matrix-animation-input-array" count="18">

0.000000 0.041667 0.083333 0.125000 0.166667 0.208333 0.250000 0.291667 0.333333 0.375000 0.416667 0.458333 0.500000 0.541667 0.583333 0.625000
0.666667 0.708333</float_array><technique_common><accessor source="#BatRig_Spine1-Matrix-animation-input-array" count="18"><param name="TIME" type="float"/></accessor></technique_common></source><source id="BatRig_Spine1-Matrix-animation-output-transform"><float_array id="BatRig_Spine1-Matrix-animation-output-transform-array" count="288">

0.999893 0.014608 0.000124 0.000002 -0.014604 0.999753 -0.016782 10.999832 -0.000369 0.016778 0.999859 -0.000003 0.000000 0.000000 0.000000 1.000000
0.999893 0.014608 0.000124 0.000002 -0.014604 0.999753 -0.016782 10.999832 -0.000369 0.016778 0.999859 -0.000003 0.000000 0.000000 0.000000 1.000000
0.999993 0.003600 0.001313 0.000002 -0.003567 0.999694 -0.024486 10.999832 -0.001401 0.024481 0.999699 -0.000003 0.000000 0.000000 0.000000 1.000000
0.999836 0.017998 0.002202 0.000002 -0.017962 0.999722 -0.015276 10.999832 -0.002476 0.015234 0.999881 -0.000003 0.000000 0.000000 0.000000 1.000000
0.998995 0.044726 0.002950 0.000002 -0.044731 0.998997 0.001803 10.999832 -0.002866 -0.001933 0.999994 -0.000003 0.000000 0.000000 0.000000 1.000000
0.998246 0.059104 0.003263 0.000002 -0.059137 0.998189 0.010988 10.999832 -0.002608 -0.011162 0.999934 -0.000003 0.000000 0.000000 0.000000 1.000000
0.998420 0.056112 0.002859 0.000002 -0.056133 0.998391 0.008044 10.999832 -0.002403 -0.008192 0.999964 -0.000003 0.000000 0.000000 0.000000 1.000000
0.998827 0.048368 0.002106 0.000002 -0.048372 0.998827 0.001967 10.999832 -0.002008 -0.002067 0.999996 -0.000003 0.000000 0.000000 0.000000 1.000000
0.999287 0.037730 0.001701 0.000002 -0.037725 0.999283 -0.003092 10.999832 -0.001816 0.003026 0.999994 -0.000003 0.000000 0.000000 0.000000 1.000000
0.999790 0.020336 0.002421 0.000002 -0.020325 0.999782 -0.004681 10.999832 -0.002516 0.004631 0.999986 -0.000003 0.000000 0.000000 0.000000 1.000000
0.999993 0.000041 0.003759 0.000002 -0.000021 0.999986 -0.005198 10.999832 -0.003759 0.005198 0.999979 -0.000003 0.000000 0.000000 0.000000 1.000000
0.999943 -0.009710 0.004479 0.000002 0.009745 0.999922 -0.007861 10.999832 -0.004402 0.007904 0.999959 -0.000003 0.000000 0.000000 0.000000 1.000000
0.999987 -0.003733 0.003419 0.000002 0.003788 0.999860 -0.016298 10.999832 -0.003358 0.016311 0.999861 -0.000003 0.000000 0.000000 0.000000 1.000000
0.999962 0.008661 0.001308 0.000002 -0.008623 0.999602 -0.026867 10.999832 -0.001540 0.026855 0.999638 -0.000003 0.000000 0.000000 0.000000 1.000000
0.999816 0.019162 -0.000257 0.000002 -0.019160 0.999303 -0.032032 10.999832 -0.000357 0.032031 0.999487 -0.000003 0.000000 0.000000 0.000000 1.000000
0.999681 0.025247 -0.000794 0.000002 -0.025259 0.999309 -0.027263 10.999832 0.000105 0.027274 0.999628 -0.000003 0.000000 0.000000 0.000000 1.000000
0.999549 0.030006 -0.001063 0.000002 -0.030020 0.999387 -0.018023 10.999832 0.000522 0.018047 0.999837 -0.000003 0.000000 0.000000 0.000000 1.000000
0.999549 0.030006 -0.001063 0.000002 -0.030020 0.999387 -0.018023 10.999832 0.000522 0.018047 0.999837 -0.000003 0.000000 0.000000 0.000000 1.000000</float_array><technique_common><accessor source="#BatRig_Spine1-Matrix-animation-output-transform-array" count="18" stride="16"><param type="float4x4"/></accessor></technique_common></source><source id="BatRig_Spine1-Interpolations"><Name_array id="BatRig_Spine1-Interpolations-array" count="18">
 LINEAR LINEAR LINEAR LINEAR LINEAR LINEAR LINEAR LINEAR LINEAR LINEAR LINEAR
LINEAR LINEAR LINEAR LINEAR LINEAR LINEAR LINEAR</Name_array><technique_common><accessor source="#BatRig_Spine1-Interpolations-array" count="18"><param type="name"/></accessor></technique_common></source><sampler id="BatRig_Spine1-Matrix-animation-transform"><input semantic="INPUT" source="#BatRig_Spine1-Matrix-animation-input"/><input semantic="OUTPUT" source="#BatRig_Spine1-Matrix-animation-output-transform"/><input semantic="INTERPOLATION" source="#BatRig_Spine1-Interpolations"/></sampler><channel source="#BatRig_Spine1-Matrix-animation-transform" target="BatRig_Spine1/matrix"/></animation><animation><source id="BatRig_Spine1-visibility-animation-input"><float_array id="BatRig_Spine1-visibility-animation-input-array" count="18">

0.000000 0.041667 0.083333 0.125000 0.166667 0.208333 0.250000 0.291667 0.333333 0.375000 0.416667 0.458333 0.500000 0.541667 0.583333 0.625000
0.666667 0.708333</float_array><technique_common><accessor source="#BatRig_Spine1-visibility-animation-input-array" count="18"><param name="TIME" type="float"/></accessor></technique_common></source><source id="BatRig_Spine1-visibility-animation-output"><float_array id="BatRig_Spine1-visibility-animation-output-array" count="18">

1.000000 1.000000 1.000000 1.000000 1.000000 1.000000 1.000000 1.000000 1.000000 1.000000 1.000000 1.000000 1.000000 1.000000 1.000000 1.000000
1.000000 1.000000</float_array><technique_common><accessor source="#BatRig_Spine1-visibility-animation-output-array" count="18"><param type="float"/></accessor></technique_common></source><source id="BatRig_Spine1-visibility-animation-intan"><float_array id="BatRig_Spine1-visibility-animation-intan-array" count="18">

0.000000 0.000000 0.000000 0.000000 0.000000 0.000000 0.000000 0.000000 0.000000 0.000000 0.000000 0.000000 0.000000 0.000000 0.000000 0.000000
0.000000 0.000000</float_array><technique_common><accessor source="#BatRig_Spine1-visibility-animation-intan-array" count="18"><param type="float"/></accessor></technique_common></source><source id="BatRig_Spine1-visibility-animation-outtan"><float_array id="BatRig_Spine1-visibility-animation-outtan-array" count="18">

0.000000 0.000000 0.000000 0.000000 0.000000 0.000000 0.000000 0.000000 0.000000 0.000000 0.000000 0.000000 0.000000 0.000000 0.000000 0.000000
0.000000 0.000000</float_array><technique_common><accessor source="#BatRig_Spine1-visibility-animation-outtan-array" count="18"><param type="float"/></accessor></technique_common></source><source id="BatRig_Spine1-visibility-animation-interpolation"><Name_array id="BatRig_Spine1-visibility-animation-interpolation-array" count="18">
 STEP STEP STEP STEP STEP STEP STEP STEP STEP STEP STEP STEP STEP STEP STEP STEP STEP
BEZIER</Name_array><technique_common><accessor source="#BatRig_Spine1-visibility-animation-interpolation-array" count="18"><param type="name"/></accessor></technique_common></source><sampler id="BatRig_Spine1-visibility-animation"><input semantic="INPUT" source="#BatRig_Spine1-visibility-animation-input"/><input semantic="OUTPUT" source="#BatRig_Spine1-visibility-animation-output"/><input semantic="IN_TANGENT" source="#BatRig_Spine1-visibility-animation-intan"/><input semantic="OUT_TANGENT" source="#BatRig_Spine1-visibility-animation-outtan"/><input semantic="INTERPOLATION" source="#BatRig_Spine1-visibility-animation-interpolation"/></sampler><channel source="#BatRig_Spine1-visibility-animation" target="BatRig_Spine1/visibility"/></animation></animation>
    <animation id="BatRig_Spine2-anim" name="BatRig_Spine2"><animation><source id="BatRig_Spine2-Matrix-animation-input"><float_array id="BatRig_Spine2-Matrix-animation-input-array" count="18">

0.000000 0.041667 0.083333 0.125000 0.166667 0.208333 0.250000 0.291667 0.333333 0.375000 0.416667 0.458333 0.500000 0.541667 0.583333 0.625000
0.666667 0.708333</float_array><technique_common><accessor source="#BatRig_Spine2-Matrix-animation-input-array" count="18"><param name="TIME" type="float"/></accessor></technique_common></source><source id="BatRig_Spine2-Matrix-animation-output-transform"><float_array id="BatRig_Spine2-Matrix-animation-output-transform-array" count="288">

0.999893 0.014577 0.000869 0.000000 -0.014560 0.999753 -0.016769 11.776703 -0.001113 0.016755 0.999859 0.000004 0.000000 0.000000 0.000000 1.000000
0.999893 0.014577 0.000869 0.000000 -0.014560 0.999753 -0.016769 11.776703 -0.001113 0.016755 0.999859 0.000004 0.000000 0.000000 0.000000 1.000000
0.999993 0.003536 0.001504 -0.000000 -0.003498 0.999694 -0.024482 11.776703 -0.001590 0.024477 0.999699 0.000004 0.000000 0.000000 0.000000 1.000000
0.999837 0.018023 0.000787 -0.000000 -0.018009 0.999718 -0.015450 11.776703 -0.001065 0.015433 0.999880 0.000004 0.000000 0.000000 0.000000 1.000000
0.998991 0.044918 -0.000547 0.000000 -0.044917 0.998990 0.001340 11.776703 0.000607 -0.001314 0.999999 0.000004 0.000000 0.000000 0.000000 1.000000
0.998234 0.059386 -0.001266 0.000000 -0.059370 0.998182 0.010385 11.776703 0.001880 -0.010292 0.999945 0.000004 0.000000 0.000000 0.000000 1.000000
0.998411 0.056337 -0.001096 0.000000 -0.056327 0.998384 0.007487 11.776703 0.001516 -0.007413 0.999971 0.000004 0.000000 0.000000 0.000000 1.000000
0.998824 0.048481 -0.000602 0.000000 -0.048480 0.998823 0.001517 11.776703 0.000675 -0.001486 0.999999 0.000004 0.000000 0.000000 0.000000 1.000000
0.999287 0.037760 0.000194 0.000000 -0.037759 0.999281 -0.003429 11.776703 -0.000323 0.003419 0.999994 0.000004 0.000000 0.000000 0.000000 1.000000
0.999792 0.020350 0.001672 -0.000000 -0.020342 0.999781 -0.004949 11.776703 -0.001772 0.004914 0.999986 0.000004 0.000000 0.000000 0.000000 1.000000
0.999994 0.000069 0.003434 0.000000 -0.000050 0.999985 -0.005409 11.776703 -0.003434 0.005409 0.999979 0.000004 0.000000 0.000000 0.000000 1.000000
0.999944 -0.009671 0.004285 0.000000 0.009705 0.999921 -0.007927 11.776703 -0.004208 0.007968 0.999959 0.000004 0.000000 0.000000 0.000000 1.000000
0.999988 -0.003709 0.003173 0.000000 0.003760 0.999861 -0.016237 11.776703 -0.003112 0.016249 0.999863 0.000004 0.000000 0.000000 0.000000 1.000000
0.999962 0.008660 0.001003 0.000000 -0.008630 0.999603 -0.026823 11.776703 -0.001235 0.026813 0.999640 0.000004 0.000000 0.000000 0.000000 1.000000
0.999816 0.019152 -0.000478 0.000000 -0.019157 0.999303 -0.032031 11.776703 -0.000136 0.032034 0.999487 0.000004 0.000000 0.000000 0.000000 1.000000
0.999681 0.025248 -0.000663 -0.000000 -0.025257 0.999309 -0.027270 11.776703 -0.000026 0.027278 0.999628 0.000004 0.000000 0.000000 0.000000 1.000000
0.999549 0.030018 -0.000460 -0.000000 -0.030021 0.999387 -0.018037 11.776703 -0.000082 0.018043 0.999837 0.000004 0.000000 0.000000 0.000000 1.000000
0.999549 0.030018 -0.000460 -0.000000 -0.030021 0.999387 -0.018037 11.776703 -0.000082 0.018043 0.999837 0.000004 0.000000 0.000000 0.000000 1.000000</float_array><technique_common><accessor source="#BatRig_Spine2-Matrix-animation-output-transform-array" count="18" stride="16"><param type="float4x4"/></accessor></technique_common></source><source id="BatRig_Spine2-Interpolations"><Name_array id="BatRig_Spine2-Interpolations-array" count="18">
 LINEAR LINEAR LINEAR LINEAR LINEAR LINEAR LINEAR LINEAR LINEAR LINEAR LINEAR
LINEAR LINEAR LINEAR LINEAR LINEAR LINEAR LINEAR</Name_array><technique_common><accessor source="#BatRig_Spine2-Interpolations-array" count="18"><param type="name"/></accessor></technique_common></source><sampler id="BatRig_Spine2-Matrix-animation-transform"><input semantic="INPUT" source="#BatRig_Spine2-Matrix-animation-input"/><input semantic="OUTPUT" source="#BatRig_Spine2-Matrix-animation-output-transform"/><input semantic="INTERPOLATION" source="#BatRig_Spine2-Interpolations"/></sampler><channel source="#BatRig_Spine2-Matrix-animation-transform" target="BatRig_Spine2/matrix"/></animation><animation><source id="BatRig_Spine2-visibility-animation-input"><float_array id="BatRig_Spine2-visibility-animation-input-array" count="18">

0.000000 0.041667 0.083333 0.125000 0.166667 0.208333 0.250000 0.291667 0.333333 0.375000 0.416667 0.458333 0.500000 0.541667 0.583333 0.625000
0.666667 0.708333</float_array><technique_common><accessor source="#BatRig_Spine2-visibility-animation-input-array" count="18"><param name="TIME" type="float"/></accessor></technique_common></source><source id="BatRig_Spine2-visibility-animation-output"><float_array id="BatRig_Spine2-visibility-animation-output-array" count="18">

1.000000 1.000000 1.000000 1.000000 1.000000 1.000000 1.000000 1.000000 1.000000 1.000000 1.000000 1.000000 1.000000 1.000000 1.000000 1.000000
1.000000 1.000000</float_array><technique_common><accessor source="#BatRig_Spine2-visibility-animation-output-array" count="18"><param type="float"/></accessor></technique_common></source><source id="BatRig_Spine2-visibility-animation-intan"><float_array id="BatRig_Spine2-visibility-animation-intan-array" count="18">

0.000000 0.000000 0.000000 0.000000 0.000000 0.000000 0.000000 0.000000 0.000000 0.000000 0.000000 0.000000 0.000000 0.000000 0.000000 0.000000
0.000000 0.000000</float_array><technique_common><accessor source="#BatRig_Spine2-visibility-animation-intan-array" count="18"><param type="float"/></accessor></technique_common></source><source id="BatRig_Spine2-visibility-animation-outtan"><float_array id="BatRig_Spine2-visibility-animation-outtan-array" count="18">

0.000000 0.000000 0.000000 0.000000 0.000000 0.000000 0.000000 0.000000 0.000000 0.000000 0.000000 0.000000 0.000000 0.000000 0.000000 0.000000
0.000000 0.000000</float_array><technique_common><accessor source="#BatRig_Spine2-visibility-animation-outtan-array" count="18"><param type="float"/></accessor></technique_common></source><source id="BatRig_Spine2-visibility-animation-interpolation"><Name_array id="BatRig_Spine2-visibility-animation-interpolation-array" count="18">
 STEP STEP STEP STEP STEP STEP STEP STEP STEP STEP STEP STEP STEP STEP STEP STEP STEP
BEZIER</Name_array><technique_common><accessor source="#BatRig_Spine2-visibility-animation-interpolation-array" count="18"><param type="name"/></accessor></technique_common></source><sampler id="BatRig_Spine2-visibility-animation"><input semantic="INPUT" source="#BatRig_Spine2-visibility-animation-input"/><input semantic="OUTPUT" source="#BatRig_Spine2-visibility-animation-output"/><input semantic="IN_TANGENT" source="#BatRig_Spine2-visibility-animation-intan"/><input semantic="OUT_TANGENT" source="#BatRig_Spine2-visibility-animation-outtan"/><input semantic="INTERPOLATION" source="#BatRig_Spine2-visibility-animation-interpolation"/></sampler><channel source="#BatRig_Spine2-visibility-animation" target="BatRig_Spine2/visibility"/></animation></animation>
    <animation id="BatRig_Spine3-anim" name="BatRig_Spine3"><animation><source id="BatRig_Spine3-Matrix-animation-input"><float_array id="BatRig_Spine3-Matrix-animation-input-array" count="18">

0.000000 0.041667 0.083333 0.125000 0.166667 0.208333 0.250000 0.291667 0.333333 0.375000 0.416667 0.458333 0.500000 0.541667 0.583333 0.625000
0.666667 0.708333</float_array><technique_common><accessor source="#BatRig_Spine3-Matrix-animation-input-array" count="18"><param name="TIME" type="float"/></accessor></technique_common></source><source id="BatRig_Spine3-Matrix-animation-output-transform"><float_array id="BatRig_Spine3-Matrix-animation-output-transform-array" count="288">

0.999894 0.014528 0.001315 0.000001 -0.014504 0.999754 -0.016775 13.030716 -0.001558 0.016754 0.999858 -1.061704 0.000000 0.000000 0.000000 1.000000
0.999894 0.014528 0.001315 0.000001 -0.014504 0.999754 -0.016775 13.030716 -0.001558 0.016754 0.999858 -1.061704 0.000000 0.000000 0.000000 1.000000
0.999993 0.003465 0.001691 0.000001 -0.003423 0.999694 -0.024480 13.030716 -0.001775 0.024474 0.999699 -1.061704 0.000000 0.000000 0.000000 1.000000
0.999838 0.017989 -0.000244 0.000001 -0.017991 0.999714 -0.015747 13.030716 -0.000039 0.015749 0.999876 -1.061704 0.000000 0.000000 0.000000 1.000000
0.998982 0.044952 -0.003836 0.000001 -0.044950 0.998989 0.000622 13.030716 0.003860 -0.000449 0.999992 -1.061704 0.000000 0.000000 0.000000 1.000000
0.998214 0.059457 -0.005765 0.000001 -0.059401 0.998189 0.009515 13.030716 0.006320 -0.009156 0.999938 -1.061704 0.000000 0.000000 0.000000 1.000000
0.998396 0.056389 -0.004984 0.000001 -0.056355 0.998388 0.006737 13.030716 0.005356 -0.006445 0.999965 -1.061704 0.000000 0.000000 0.000000 1.000000
0.998818 0.048497 -0.003221 0.000001 -0.048494 0.998823 0.001018 13.030716 0.003267 -0.000861 0.999994 -1.061704 0.000000 0.000000 0.000000 1.000000
0.999286 0.037753 -0.001346 0.000001 -0.037758 0.999280 -0.003716 13.030716 0.001205 0.003764 0.999992 -1.061704 0.000000 0.000000 0.000000 1.000000
0.999793 0.020351 0.000789 0.000001 -0.020347 0.999779 -0.005214 13.030716 -0.000895 0.005197 0.999986 -1.061704 0.000000 0.000000 0.000000 1.000000
0.999995 0.000089 0.003038 0.000001 -0.000072 0.999984 -0.005666 13.030716 -0.003038 0.005666 0.999979 -1.061704 0.000000 0.000000 0.000000 1.000000
0.999945 -0.009639 0.004079 0.000001 0.009671 0.999921 -0.007990 13.030716 -0.004002 0.008029 0.999960 -1.061704 0.000000 0.000000 0.000000 1.000000
0.999989 -0.003682 0.002844 0.000001 0.003727 0.999863 -0.016139 13.030716 -0.002784 0.016149 0.999866 -1.061704 0.000000 0.000000 0.000000 1.000000
0.999962 0.008674 0.000549 0.000001 -0.008656 0.999604 -0.026768 13.030716 -0.000781 0.026762 0.999642 -1.061704 0.000000 0.000000 0.000000 1.000000
0.999816 0.019146 -0.000689 0.000001 -0.019158 0.999303 -0.032027 13.030716 0.000075 0.032034 0.999487 -1.061704 0.000000 0.000000 0.000000 1.000000
0.999682 0.025232 -0.000355 0.000001 -0.025232 0.999310 -0.027268 13.030716 -0.000333 0.027268 0.999628 -1.061704 0.000000 0.000000 0.000000 1.000000
0.999550 0.030001 0.000298 0.000001 -0.029991 0.999387 -0.018040 13.030716 -0.000839 0.018023 0.999837 -1.061704 0.000000 0.000000 0.000000 1.000000
