<?xml version="1.0" encoding="utf-8"?>
<COLLADA xmlns="http://www.collada.org/2005/11/COLLADASchema" version="1.4.1">
  <asset><contributor><author></author><authoring_tool>FBX COLLADA exporter</authoring_tool><comments></comments></contributor><created>2017-08-30T19:39:33Z</created><keywords></keywords><modified>2017-08-30T19:39:33Z</modified><revision></revision><subject></subject><title></title><unit meter="0.010000" name="centimeter"></unit><up_axis>Y_UP</up_axis></asset>
  <library_animations>
    <animation id="BatRig_Reference-anim" name="BatRig_Reference"><animation><source id="BatRig_Reference-Matrix-animation-input"><float_array id="BatRig_Reference-Matrix-animation-input-array" count="18">

0.000000 0.041667 0.083333 0.125000 0.166667 0.208333 0.250000 0.291667 0.333333 0.375000 0.416667 0.458333 0.500000 0.541667 0.583333 0.625000
0.666667 0.708333</float_array><technique_common><accessor source="#BatRig_Reference-Matrix-animation-input-array" count="18"><param name="TIME" type="float"/></accessor></technique_common></source><source id="BatRig_Reference-Matrix-animation-output-transform"><float_array id="BatRig_Reference-Matrix-animation-output-transform-array" count="288">

0.878923 0.000000 0.476964 -35.496990 0.000000 1.000000 0.000000 0.000000 -0.476964 0.000000 0.878923 70.561012 0.000000 0.000000 0.000000 1.000000
0.878923 0.000000 0.476964 -35.496990 0.000000 1.000000 0.000000 0.000000 -0.476964 0.000000 0.878923 70.561012 0.000000 0.000000 0.000000 1.000000
0.885611 0.000000 0.464428 -31.116110 0.000000 1.000000 0.000000 0.000000 -0.464428 0.000000 0.885611 68.373108 0.000000 0.000000 0.000000 1.000000
0.895694 0.000000 0.444672 -25.242413 0.000000 1.000000 0.000000 0.000000 -0.444672 0.000000 0.895694 64.477112 0.000000 0.000000 0.000000 1.000000
0.908181 0.000000 0.418578 -18.551832 0.000000 1.000000 0.000000 0.000000 -0.418578 0.000000 0.908181 59.843887 0.000000 0.000000 0.000000 1.000000
0.922059 0.000000 0.387049 -12.713857 0.000000 1.000000 0.000000 0.000000 -0.387049 0.000000 0.922059 55.868042 0.000000 0.000000 0.000000 1.000000
0.936357 0.000000 0.351048 -8.304537 0.000000 1.000000 0.000000 0.000000 -0.351048 0.000000 0.936357 53.239880 0.000000 0.000000 0.000000 1.000000
0.950212 0.000000 0.311605 -4.749184 0.000000 1.000000 0.000000 0.000000 -0.311605 0.000000 0.950212 51.270069 0.000000 0.000000 0.000000 1.000000
0.962904 0.000000 0.269845 -1.993342 0.000000 1.000000 0.000000 0.000000 -0.269845 0.000000 0.962904 49.304405 0.000000 0.000000 0.000000 1.000000
0.973900 0.000000 0.226978 -0.326253 0.000000 1.000000 0.000000 0.000000 -0.226978 0.000000 0.973900 47.253155 0.000000 0.000000 0.000000 1.000000
0.982876 0.000000 0.184266 0.542550 0.000000 1.000000 0.000000 0.000000 -0.184266 0.000000 0.982876 45.209385 0.000000 0.000000 0.000000 1.000000
0.989719 0.000000 0.143024 1.535930 0.000000 1.000000 0.000000 0.000000 -0.143024 0.000000 0.989719 42.806324 0.000000 0.000000 0.000000 1.000000
0.994516 0.000000 0.104585 3.340105 0.000000 1.000000 0.000000 0.000000 -0.104585 0.000000 0.994516 39.078823 0.000000 0.000000 0.000000 1.000000
0.997528 0.000000 0.070270 5.267780 0.000000 1.000000 0.000000 0.000000 -0.070270 0.000000 0.997528 34.992260 0.000000 0.000000 0.000000 1.000000
0.999143 0.000000 0.041387 6.179828 0.000000 1.000000 0.000000 0.000000 -0.041387 0.000000 0.999143 33.082222 0.000000 0.000000 0.000000 1.000000
0.999815 0.000000 0.019217 5.671787 0.000000 1.000000 0.000000 0.000000 -0.019217 0.000000 0.999815 33.223309 0.000000 0.000000 0.000000 1.000000
0.999987 0.000000 0.005009 4.647509 0.000000 1.000000 0.000000 0.000000 -0.005009 0.000000 0.999987 33.473473 0.000000 0.000000 0.000000 1.000000
0.999987 0.000000 0.005009 4.647509 0.000000 1.000000 0.000000 0.000000 -0.005009 0.000000 0.999987 33.473473 0.000000 0.000000 0.000000 1.000000</float_array><technique_common><accessor source="#BatRig_Reference-Matrix-animation-output-transform-array" count="18" stride="16"><param type="float4x4"/></accessor></technique_common></source><source id="BatRig_Reference-Interpolations"><Name_array id="BatRig_Reference-Interpolations-array" count="18">
 LINEAR LINEAR LINEAR LINEAR LINEAR LINEAR LINEAR LINEAR LINEAR LINEAR LINEAR
LINEAR LINEAR LINEAR LINEAR LINEAR LINEAR LINEAR</Name_array><technique_common><accessor source="#BatRig_Reference-Interpolations-array" count="18"><param type="name"/></accessor></technique_common></source><sampler id="BatRig_Reference-Matrix-animation-transform"><input semantic="INPUT" source="#BatRig_Reference-Matrix-animation-input"/><input semantic="OUTPUT" source="#BatRig_Reference-Matrix-animation-output-transform"/><input semantic="INTERPOLATION" source="#BatRig_Reference-Interpolations"/></sampler><channel source="#BatRig_Reference-Matrix-animation-transform" target="BatRig_Reference/matrix"/></animation><animation><source id="BatRig_Reference-visibility-animation-input"><float_array id="BatRig_Reference-visibility-animation-input-array" count="18">

0.000000 0.041667 0.083333 0.125000 0.166667 0.208333 0.250000 0.291667 0.333333 0.375000 0.416667 0.458333 0.500000 0.541667 0.583333 0.625000
0.666667 0.708333</float_array><technique_common><accessor source="#BatRig_Reference-visibility-animation-input-array" count="18"><param name="TIME" type="float"/></accessor></technique_common></source><source id="BatRig_Reference-visibility-animation-output"><float_array id="BatRig_Reference-visibility-animation-output-array" count="18">

1.000000 1.000000 1.000000 1.000000 1.000000 1.000000 1.000000 1.000000 1.000000 1.000000 1.000000 1.000000 1.000000 1.000000 1.000000 1.000000
1.000000 1.000000</float_array><technique_common><accessor source="#BatRig_Reference-visibility-animation-output-array" count="18"><param type="float"/></accessor></technique_common></source><source id="BatRig_Reference-visibility-animation-intan"><float_array id="BatRig_Reference-visibility-animation-intan-array" count="18">

0.000000 0.000000 0.000000 0.000000 0.000000 0.000000 0.000000 0.000000 0.000000 0.000000 0.000000 0.000000 0.000000 0.000000 0.000000 0.000000
0.000000 0.000000</float_array><technique_common><accessor source="#BatRig_Reference-visibility-animation-intan-array" count="18"><param type="float"/></accessor></technique_common></source><source id="BatRig_Reference-visibility-animation-outtan"><float_array id="BatRig_Reference-visibility-animation-outtan-array" count="18">

0.000000 0.000000 0.000000 0.000000 0.000000 0.000000 0.000000 0.000000 0.000000 0.000000 0.000000 0.000000 0.000000 0.000000 0.000000 0.000000
0.000000 0.000000</float_array><technique_common><accessor source="#BatRig_Reference-visibility-animation-outtan-array" count="18"><param type="float"/></accessor></technique_common></source><source id="BatRig_Reference-visibility-animation-interpolation"><Name_array id="BatRig_Reference-visibility-animation-interpolation-array" count="18">
 STEP STEP STEP STEP STEP STEP STEP STEP STEP STEP STEP STEP STEP STEP STEP STEP STEP
BEZIER</Name_array><technique_common><accessor source="#BatRig_Reference-visibility-animation-interpolation-array" count="18"><param type="name"/></accessor></technique_common></source><sampler id="BatRig_Reference-visibility-animation"><input semantic="INPUT" source="#BatRig_Reference-visibility-animation-input"/><input semantic="OUTPUT" source="#BatRig_Reference-visibility-animation-output"/><input semantic="IN_TANGENT" source="#BatRig_Reference-visibility-animation-intan"/><input semantic="OUT_TANGENT" source="#BatRig_Reference-visibility-animation-outtan"/><input semantic="INTERPOLATION" source="#BatRig_Reference-visibility-animation-interpolation"/></sampler><channel source="#BatRig_Reference-visibility-animation" target="BatRig_Reference/visibility"/></animation></animation>
    <animation id="BatRig_Hips-anim" name="BatRig_Hips"><animation><source id="BatRig_Hips-Matrix-animation-input"><float_array id="BatRig_Hips-Matrix-animation-input-array" count="18">

0.000000 0.041667 0.083333 0.125000 0.166667 0.208333 0.250000 0.291667 0.333333 0.375000 0.416667 0.458333 0.500000 0.541667 0.583333 0.625000
0.666667 0.708333</float_array><technique_common><accessor source="#BatRig_Hips-Matrix-animation-input-array" count="18"><param name="TIME" type="float"/></accessor></technique_common></source><source id="BatRig_Hips-Matrix-animation-output-transform"><float_array id="BatRig_Hips-Matrix-animation-output-transform-array" count="288">

0.672294 0.017403 0.740080 0.000000 0.068717 0.993940 -0.085796 78.057777 -0.737088 0.108536 0.667024 0.000000 0.000000 0.000000 0.000000 1.000000
0.672294 0.017403 0.740080 0.000000 0.068717 0.993940 -0.085796 78.057777 -0.737088 0.108536 0.667024 0.000000 0.000000 0.000000 0.000000 1.000000
0.739443 0.010661 0.673135 0.000000 0.034539 0.997957 -0.053747 75.418121 -0.672333 0.062992 0.737564 0.000000 0.000000 0.000000 0.000000 1.000000
0.704617 0.016620 0.709393 0.000000 0.033216 0.997857 -0.056371 72.835266 -0.708810 0.063283 0.702555 0.000000 0.000000 0.000000 0.000000 1.000000
0.633367 0.026624 0.773393 0.000000 0.041301 0.996821 -0.068139 70.252434 -0.772748 0.075099 0.630254 0.000000 0.000000 0.000000 0.000000 1.000000
0.588754 0.027188 0.807855 0.000000 0.048014 0.996493 -0.068529 69.081970 -0.806885 0.079135 0.585384 0.000000 0.000000 0.000000 0.000000 1.000000
0.617450 0.004168 0.786599 0.000000 0.048936 0.997845 -0.043701 70.584061 -0.785086 0.065476 0.615916 0.000000 0.000000 0.000000 0.000000 1.000000
0.676674 -0.029224 0.735703 0.000000 0.051975 0.998615 -0.008137 73.659348 -0.734446 0.043744 0.677256 0.000000 0.000000 0.000000 0.000000 1.000000
0.712386 -0.050967 0.699935 0.000000 0.057240 0.998256 0.014432 76.184082 -0.699450 0.029783 0.714061 0.000000 0.000000 0.000000 0.000000 1.000000
0.706741 -0.051771 0.705575 0.000000 0.060035 0.998110 0.013101 77.301056 -0.704920 0.033100 0.708514 0.000000 0.000000 0.000000 0.000000 1.000000
0.682901 -0.041086 0.729355 0.000000 0.060690 0.998156 -0.000597 77.870377 -0.727986 0.044672 0.684135 0.000000 0.000000 0.000000 0.000000 1.000000
0.657394 -0.027953 0.753028 0.000000 0.060982 0.998008 -0.016191 78.348282 -0.751075 0.056565 0.657789 0.000000 0.000000 0.000000 0.000000 1.000000
0.636584 -0.014282 0.771075 0.000000 0.059607 0.997749 -0.030730 78.958221 -0.768900 0.065524 0.636002 0.000000 0.000000 0.000000 0.000000 1.000000
0.616227 0.001468 0.787567 0.000000 0.057877 0.997210 -0.047145 79.476685 -0.785439 0.074634 0.614423 0.000000 0.000000 0.000000 0.000000 1.000000
0.598722 0.014516 0.800826 0.000000 0.061317 0.996071 -0.063898 79.690140 -0.798607 0.087361 0.595479 0.000000 0.000000 0.000000 0.000000 1.000000
0.585843 0.022896 0.810101 0.000000 0.075278 0.993742 -0.082526 79.674095 -0.806921 0.109330 0.580453 0.000000 0.000000 0.000000 0.000000 1.000000
0.578307 0.028471 0.815322 0.000000 0.094404 0.990342 -0.101543 79.652641 -0.810339 0.135693 0.570034 0.000000 0.000000 0.000000 0.000000 1.000000
0.578307 0.028471 0.815322 0.000000 0.094404 0.990342 -0.101543 79.652641 -0.810339 0.135693 0.570034 0.000000 0.000000 0.000000 0.000000 1.000000</float_array><technique_common><accessor source="#BatRig_Hips-Matrix-animation-output-transform-array" count="18" stride="16"><param type="float4x4"/></accessor></technique_common></source><source id="BatRig_Hips-Interpolations"><Name_array id="BatRig_Hips-Interpolations-array" count="18">
 LINEAR LINEAR LINEAR LINEAR LINEAR LINEAR LINEAR LINEAR LINEAR LINEAR LINEAR
LINEAR LINEAR LINEAR LINEAR LINEAR LINEAR LINEAR</Name_array><technique_common><accessor source="#BatRig_Hips-Interpolations-array" count="18"><param type="name"/></accessor></technique_common></source><sampler id="BatRig_Hips-Matrix-animation-transform"><input semantic="INPUT" source="#BatRig_Hips-Matrix-animation-input"/><input semantic="OUTPUT" source="#BatRig_Hips-Matrix-animation-output-transform"/><input semantic="INTERPOLATION" source="#BatRig_Hips-Interpolations"/></sampler><channel source="#BatRig_Hips-Matrix-animation-transform" target="BatRig_Hips/matrix"/></animation><animation><source id="BatRig_Hips-visibility-animation-input"><float_array id="BatRig_Hips-visibility-animation-input-array" count="18">

0.000000 0.041667 0.083333 0.125000 0.166667 0.208333 0.250000 0.291667 0.333333 0.375000 0.416667 0.458333 0.500000 0.541667 0.583333 0.625000
0.666667 0.708333</float_array><technique_common><accessor source="#BatRig_Hips-visibility-animation-input-array" count="18"><param name="TIME" type="float"/></accessor></technique_common></source><source id="BatRig_Hips-visibility-animation-output"><float_array id="BatRig_Hips-visibility-animation-output-array" count="18">

1.000000 1.000000 1.000000 1.000000 1.000000 1.000000 1.000000 1.000000 1.000000 1.000000 1.000000 1.000000 1.000000 1.000000 1.000000 1.000000
1.000000 1.000000</float_array><technique_common><accessor source="#BatRig_Hips-visibility-animation-output-array" count="18"><param type="float"/></accessor></technique_common></source><source id="BatRig_Hips-visibility-animation-intan"><float_array id="BatRig_Hips-visibility-animation-intan-array" count="18">

0.000000 0.000000 0.000000 0.000000 0.000000 0.000000 0.000000 0.000000 0.000000 0.000000 0.000000 0.000000 0.000000 0.000000 0.000000 0.000000
0.000000 0.000000</float_array><technique_common><accessor source="#BatRig_Hips-visibility-animation-intan-array" count="18"><param type="float"/></accessor></technique_common></source><source id="BatRig_Hips-visibility-animation-outtan"><float_array id="BatRig_Hips-visibility-animation-outtan-array" count="18">

0.000000 0.000000 0.000000 0.000000 0.000000 0.000000 0.000000 0.000000 0.000000 0.000000 0.000000 0.000000 0.000000 0.000000 0.000000 0.000000
0.000000 0.000000</float_array><technique_common><accessor source="#BatRig_Hips-visibility-animation-outtan-array" count="18"><param type="float"/></accessor></technique_common></source><source id="BatRig_Hips-visibility-animation-interpolation"><Name_array id="BatRig_Hips-visibility-animation-interpolation-array" count="18">
 STEP STEP STEP STEP STEP STEP STEP STEP STEP STEP STEP STEP STEP STEP STEP STEP STEP
BEZIER</Name_array><technique_common><accessor source="#BatRig_Hips-visibility-animation-interpolation-array" count="18"><param type="name"/></accessor></technique_common></source><sampler id="BatRig_Hips-visibility-animation"><input semantic="INPUT" source="#BatRig_Hips-visibility-animation-input"/><input semantic="OUTPUT" source="#BatRig_Hips-visibility-animation-output"/><input semantic="IN_TANGENT" source="#BatRig_Hips-visibility-animation-intan"/><input semantic="OUT_TANGENT" source="#BatRig_Hips-visibility-animation-outtan"/><input semantic="INTERPOLATION" source="#BatRig_Hips-visibility-animation-interpolation"/></sampler><channel source="#BatRig_Hips-visibility-animation" target="BatRig_Hips/visibility"/></animation></animation>
    <animation id="BatRig_Spine-anim" name="BatRig_Spine"><animation><source id="BatRig_Spine-Matrix-animation-input"><float_array id="BatRig_Spine-Matrix-animation-input-array" count="18">

0.000000 0.041667 0.083333 0.125000 0.166667 0.208333 0.250000 0.291667 0.333333 0.375000 0.416667 0.458333 0.500000 0.541667 0.583333 0.625000
0.666667 0.708333</float_array><technique_common><accessor source="#BatRig_Spine-Matrix-animation-input-array" count="18"><param name="TIME" type="float"/></accessor></technique_common></source><source id="BatRig_Spine-Matrix-animation-output-transform"><float_array id="BatRig_Spine-Matrix-animation-output-transform-array" count="288">

0.972348 0.117871 0.201610 -0.000001 -0.123304 0.992262 0.014559 3.725677 -0.198334 -0.039016 0.979358 0.000001 0.000000 0.000000 0.000000 1.000000
0.972348 0.117871 0.201610 -0.000001 -0.123304 0.992262 0.014559 3.725677 -0.198334 -0.039016 0.979358 0.000001 0.000000 0.000000 0.000000 1.000000
0.987625 0.155979 0.016378 -0.000001 -0.156819 0.980564 0.117911 3.725677 0.002332 -0.119020 0.992889 0.000001 0.000000 0.000000 0.000000 1.000000
0.988826 0.147602 0.020887 -0.000001 -0.149014 0.974770 0.166185 3.725677 0.004169 -0.167441 0.985873 0.000001 0.000000 0.000000 0.000000 1.000000
0.991192 0.129147 0.029300 -0.000001 -0.132415 0.969751 0.205059 3.725677 -0.001931 -0.207133 0.978311 0.000001 0.000000 0.000000 0.000000 1.000000
0.993278 0.110682 0.033875 -0.000001 -0.115452 0.968333 0.221364 3.725677 -0.008301 -0.223787 0.974603 0.000001 0.000000 0.000000 0.000000 1.000000
0.995107 0.093809 0.031016 -0.000001 -0.098117 0.975178 0.198499 3.725677 -0.011625 -0.200571 0.979610 0.000001 0.000000 0.000000 0.000000 1.000000
0.996738 0.076943 0.024361 -0.000001 -0.079740 0.985453 0.150077 3.725677 -0.012459 -0.151530 0.988374 0.000001 0.000000 0.000000 0.000000 1.000000
0.997710 0.065474 0.016997 -0.000001 -0.066940 0.991811 0.108766 3.725677 -0.009736 -0.109655 0.993922 0.000001 0.000000 0.000000 0.000000 1.000000
0.998098 0.060887 0.009678 -0.000001 -0.061504 0.994222 0.087976 3.725677 -0.004265 -0.088404 0.996076 0.000001 0.000000 0.000000 0.000000 1.000000
0.998233 0.059398 0.001678 -0.000001 -0.059357 0.995423 0.074904 3.725677 0.002779 -0.074871 0.997189 0.000001 0.000000 0.000000 0.000000 1.000000
0.998269 0.058502 -0.006107 -0.000001 -0.057995 0.996277 0.063781 3.725677 0.009816 -0.063316 0.997945 0.000001 0.000000 0.000000 0.000000 1.000000
0.998225 0.057801 -0.014324 -0.000001 -0.056963 0.996953 0.053292 3.725677 0.017361 -0.052381 0.998476 0.000001 0.000000 0.000000 0.000000 1.000000
0.998085 0.057694 -0.022324 -0.000001 -0.056652 0.997389 0.044786 3.725677 0.024850 -0.043436 0.998747 0.000001 0.000000 0.000000 0.000000 1.000000
0.998010 0.056855 -0.027257 -0.000001 -0.055848 0.997776 0.036397 3.725677 0.029266 -0.034802 0.998966 0.000001 0.000000 0.000000 0.000000 1.000000
0.998434 0.047930 -0.028854 -0.000001 -0.047157 0.998525 0.026916 3.725677 0.030102 -0.025513 0.999221 0.000001 0.000000 0.000000 0.000000 1.000000
0.999027 0.032731 -0.029549 -0.000001 -0.032230 0.999331 0.017288 3.725677 0.030095 -0.016319 0.999414 0.000001 0.000000 0.000000 0.000000 1.000000
0.999027 0.032731 -0.029549 -0.000001 -0.032230 0.999331 0.017288 3.725677 0.030095 -0.016319 0.999414 0.000001 0.000000 0.000000 0.000000 1.000000</float_array><technique_common><accessor source="#BatRig_Spine-Matrix-animation-output-transform-array" count="18" stride="16"><param type="float4x4"/></accessor></technique_common></source><source id="BatRig_Spine-Interpolations"><Name_array id="BatRig_Spine-Interpolations-array" count="18">
 LINEAR LINEAR LINEAR LINEAR LINEAR LINEAR LINEAR LINEAR LINEAR LINEAR LINEAR
LINEAR LINEAR LINEAR LINEAR LINEAR LINEAR LINEAR</Name_array><technique_common><accessor source="#BatRig_Spine-Interpolations-array" count="18"><param type="name"/></accessor></technique_common></source><sampler id="BatRig_Spine-Matrix-animation-transform"><input semantic="INPUT" source="#BatRig_Spine-Matrix-animation-input"/><input semantic="OUTPUT" source="#BatRig_Spine-Matrix-animation-output-transform"/><input semantic="INTERPOLATION" source="#BatRig_Spine-Interpolations"/></sampler><channel source="#BatRig_Spine-Matrix-animation-transform" target="BatRig_Spine/matrix"/></animation><animation><source id="BatRig_Spine-visibility-animation-input"><float_array id="BatRig_Spine-visibility-animation-input-array" count="18">

0.000000 0.041667 0.083333 0.125000 0.166667 0.208333 0.250000 0.291667 0.333333 0.375000 0.416667 0.458333 0.500000 0.541667 0.583333 0.625000
0.666667 0.708333</float_array><technique_common><accessor source="#BatRig_Spine-visibility-animation-input-array" count="18"><param name="TIME" type="float"/></accessor></technique_common></source><source id="BatRig_Spine-visibility-animation-output"><float_array id="BatRig_Spine-visibility-animation-output-array" count="18">

1.000000 1.000000 1.000000 1.000000 1.000000 1.000000 1.000000 1.000000 1.000000 1.000000 1.000000 1.000000 1.000000 1.000000 1.000000 1.000000
1.000000 1.000000</float_array><technique_common><accessor source="#BatRig_Spine-visibility-animation-output-array" count="18"><param type="float"/></accessor></technique_common></source><source id="BatRig_Spine-visibility-animation-intan"><float_array id="BatRig_Spine-visibility-animation-intan-array" count="18">

0.000000 0.000000 0.000000 0.000000 0.000000 0.000000 0.000000 0.000000 0.000000 0.000000 0.000000 0.000000 0.000000 0.000000 0.000000 0.000000
0.000000 0.000000</float_array><technique_common><accessor source="#BatRig_Spine-visibility-animation-intan-array" count="18"><param type="float"/></accessor></technique_common></source><source id="BatRig_Spine-visibility-animation-outtan"><float_array id="BatRig_Spine-visibility-animation-outtan-array" count="18">

0.000000 0.000000 0.000000 0.000000 0.000000 0.000000 0.000000 0.000000 0.000000 0.000000 0.000000 0.000000 0.000000 0.000000 0.000000 0.000000
0.000000 0.000000</float_array><technique_common><accessor source="#BatRig_Spine-visibility-animation-outtan-array" count="18"><param type="float"/></accessor></technique_common></source><source id="BatRig_Spine-visibility-animation-interpolation"><Name_array id="BatRig_Spine-visibility-animation-interpolation-array" count="18">
 STEP STEP STEP STEP STEP STEP STEP STEP STEP STEP STEP STEP STEP STEP STEP STEP STEP
BEZIER</Name_array><technique_common><accessor source="#BatRig_Spine-visibility-animation-interpolation-array" count="18"><param type="name"/></accessor></technique_common></source><sampler id="BatRig_Spine-visibility-animation"><input semantic="INPUT" source="#BatRig_Spine-visibility-animation-input"/><input semantic="OUTPUT" source="#BatRig_Spine-visibility-animation-output"/><input semantic="IN_TANGENT" source="#BatRig_Spine-visibility-animation-intan"/><input semantic="OUT_TANGENT" source="#BatRig_Spine-visibility-animation-outtan"/><input semantic="INTERPOLATION" source="#BatRig_Spine-visibility-animation-interpolation"/></sampler><channel source="#BatRig_Spine-visibility-animation" target="BatRig_Spine/visibility"/></animation></animation>
    <animation id="BatRig_Spine1-anim" name="BatRig_Spine1"><animation><source id="BatRig_Spine1-Matrix-animation-input"><float_array id="BatRig_Spine1-Matrix-animation-input-array" count="18">

0.000000 0.041667 0.083333 0.125000 0.166667 0.208333 0.250000 0.291667 0.333333 0.375000 0.416667 0.458333 0.500000 0.541667 0.583333 0.625000
0.666667 0.708333</float_array><technique_common><accessor source="#BatRig_Spine1-Matrix-animation-input-array" count="18"><param name="TIME" type="float"/></accessor></technique_common></source><source id="BatRig_Spine1-Matrix-animation-output-transform"><float_array id="BatRig_Spine1-Matrix-animation-output-transform-array" count="288">

0.999356 -0.020826 -0.029204 0.000002 0.020135 0.999515 -0.023762 10.999832 0.029685 0.023159 0.999291 -0.000003 0.000000 0.000000 0.000000 1.000000
0.999356 -0.020826 -0.029204 0.000002 0.020135 0.999515 -0.023762 10.999832 0.029685 0.023159 0.999291 -0.000003 0.000000 0.000000 0.000000 1.000000
0.995253 -0.051140 0.082796 0.000002 0.055473 0.997162 -0.050907 10.999832 -0.079958 0.055258 0.995265 -0.000003 0.000000 0.000000 0.000000 1.000000
0.997030 -0.049522 0.058988 0.000002 0.053651 0.996061 -0.070599 10.999832 -0.055259 0.073554 0.995759 -0.000003 0.000000 0.000000 0.000000 1.000000
0.998887 -0.044960 0.014274 0.000002 0.046039 0.995108 -0.087406 10.999832 -0.010274 0.087966 0.996070 -0.000003 0.000000 0.000000 0.000000 1.000000
0.999221 -0.037887 -0.011031 0.000002 0.036681 0.994867 -0.094304 10.999832 0.014547 0.093826 0.995482 -0.000003 0.000000 0.000000 0.000000 1.000000
0.999584 -0.025977 -0.012531 0.000002 0.024693 0.995307 -0.093566 10.999832 0.014903 0.093218 0.995534 -0.000003 0.000000 0.000000 0.000000 1.000000
0.999848 -0.011549 -0.013087 0.000002 0.010310 0.995789 -0.091096 10.999832 0.014084 0.090947 0.995756 -0.000003 0.000000 0.000000 0.000000 1.000000
0.999911 -0.002022 -0.013166 0.000002 0.000876 0.996254 -0.086474 10.999832 0.013292 0.086455 0.996167 -0.000003 0.000000 0.000000 0.000000 1.000000
0.999923 0.001007 -0.012335 0.000002 -0.001977 0.996885 -0.078847 10.999832 0.012217 0.078865 0.996810 -0.000003 0.000000 0.000000 0.000000 1.000000
0.999944 0.001991 -0.010397 0.000002 -0.002704 0.997610 -0.069040 10.999832 0.010235 0.069064 0.997560 -0.000003 0.000000 0.000000 0.000000 1.000000
0.999963 0.002583 -0.008191 0.000002 -0.003063 0.998245 -0.059145 10.999832 0.008024 0.059168 0.998216 -0.000003 0.000000 0.000000 0.000000 1.000000
0.999981 0.003044 -0.005354 0.000002 -0.003306 0.998763 -0.049607 10.999832 0.005196 0.049624 0.998754 -0.000003 0.000000 0.000000 0.000000 1.000000
0.999993 0.003116 -0.002247 0.000002 -0.003203 0.999195 -0.039978 10.999832 0.002121 0.039985 0.999198 -0.000003 0.000000 0.000000 0.000000 1.000000
0.999993 0.003670 -0.000786 0.000002 -0.003693 0.999512 -0.031029 10.999832 0.000672 0.031032 0.999518 -0.000003 0.000000 0.000000 0.000000 1.000000
0.999945 0.010462 -0.000880 0.000002 -0.010479 0.999685 -0.022808 10.999832 0.000641 0.022816 0.999739 -0.000003 0.000000 0.000000 0.000000 1.000000
0.999754 0.022165 -0.001032 0.000002 -0.022178 0.999641 -0.015023 10.999832 0.000699 0.015042 0.999887 -0.000003 0.000000 0.000000 0.000000 1.000000
0.999754 0.022165 -0.001032 0.000002 -0.022178 0.999641 -0.015023 10.999832 0.000699 0.015042 0.999887 -0.000003 0.000000 0.000000 0.000000 1.000000</float_array><technique_common><accessor source="#BatRig_Spine1-Matrix-animation-output-transform-array" count="18" stride="16"><param type="float4x4"/></accessor></technique_common></source><source id="BatRig_Spine1-Interpolations"><Name_array id="BatRig_Spine1-Interpolations-array" count="18">
 LINEAR LINEAR LINEAR LINEAR LINEAR LINEAR LINEAR LINEAR LINEAR LINEAR LINEAR
LINEAR LINEAR LINEAR LINEAR LINEAR LINEAR LINEAR</Name_array><technique_common><accessor source="#BatRig_Spine1-Interpolations-array" count="18"><param type="name"/></accessor></technique_common></source><sampler id="BatRig_Spine1-Matrix-animation-transform"><input semantic="INPUT" source="#BatRig_Spine1-Matrix-animation-input"/><input semantic="OUTPUT" source="#BatRig_Spine1-Matrix-animation-output-transform"/><input semantic="INTERPOLATION" source="#BatRig_Spine1-Interpolations"/></sampler><channel source="#BatRig_Spine1-Matrix-animation-transform" target="BatRig_Spine1/matrix"/></animation><animation><source id="BatRig_Spine1-visibility-animation-input"><float_array id="BatRig_Spine1-visibility-animation-input-array" count="18">

0.000000 0.041667 0.083333 0.125000 0.166667 0.208333 0.250000 0.291667 0.333333 0.375000 0.416667 0.458333 0.500000 0.541667 0.583333 0.625000
0.666667 0.708333</float_array><technique_common><accessor source="#BatRig_Spine1-visibility-animation-input-array" count="18"><param name="TIME" type="float"/></accessor></technique_common></source><source id="BatRig_Spine1-visibility-animation-output"><float_array id="BatRig_Spine1-visibility-animation-output-array" count="18">

1.000000 1.000000 1.000000 1.000000 1.000000 1.000000 1.000000 1.000000 1.000000 1.000000 1.000000 1.000000 1.000000 1.000000 1.000000 1.000000
1.000000 1.000000</float_array><technique_common><accessor source="#BatRig_Spine1-visibility-animation-output-array" count="18"><param type="float"/></accessor></technique_common></source><source id="BatRig_Spine1-visibility-animation-intan"><float_array id="BatRig_Spine1-visibility-animation-intan-array" count="18">

0.000000 0.000000 0.000000 0.000000 0.000000 0.000000 0.000000 0.000000 0.000000 0.000000 0.000000 0.000000 0.000000 0.000000 0.000000 0.000000
0.000000 0.000000</float_array><technique_common><accessor source="#BatRig_Spine1-visibility-animation-intan-array" count="18"><param type="float"/></accessor></technique_common></source><source id="BatRig_Spine1-visibility-animation-outtan"><float_array id="BatRig_Spine1-visibility-animation-outtan-array" count="18">

0.000000 0.000000 0.000000 0.000000 0.000000 0.000000 0.000000 0.000000 0.000000 0.000000 0.000000 0.000000 0.000000 0.000000 0.000000 0.000000
0.000000 0.000000</float_array><technique_common><accessor source="#BatRig_Spine1-visibility-animation-outtan-array" count="18"><param type="float"/></accessor></technique_common></source><source id="BatRig_Spine1-visibility-animation-interpolation"><Name_array id="BatRig_Spine1-visibility-animation-interpolation-array" count="18">
 STEP STEP STEP STEP STEP STEP STEP STEP STEP STEP STEP STEP STEP STEP STEP STEP STEP
BEZIER</Name_array><technique_common><accessor source="#BatRig_Spine1-visibility-animation-interpolation-array" count="18"><param type="name"/></accessor></technique_common></source><sampler id="BatRig_Spine1-visibility-animation"><input semantic="INPUT" source="#BatRig_Spine1-visibility-animation-input"/><input semantic="OUTPUT" source="#BatRig_Spine1-visibility-animation-output"/><input semantic="IN_TANGENT" source="#BatRig_Spine1-visibility-animation-intan"/><input semantic="OUT_TANGENT" source="#BatRig_Spine1-visibility-animation-outtan"/><input semantic="INTERPOLATION" source="#BatRig_Spine1-visibility-animation-interpolation"/></sampler><channel source="#BatRig_Spine1-visibility-animation" target="BatRig_Spine1/visibility"/></animation></animation>
    <animation id="BatRig_Spine2-anim" name="BatRig_Spine2"><animation><source id="BatRig_Spine2-Matrix-animation-input"><float_array id="BatRig_Spine2-Matrix-animation-input-array" count="18">

0.000000 0.041667 0.083333 0.125000 0.166667 0.208333 0.250000 0.291667 0.333333 0.375000 0.416667 0.458333 0.500000 0.541667 0.583333 0.625000
0.666667 0.708333</float_array><technique_common><accessor source="#BatRig_Spine2-Matrix-animation-input-array" count="18"><param name="TIME" type="float"/></accessor></technique_common></source><source id="BatRig_Spine2-Matrix-animation-output-transform"><float_array id="BatRig_Spine2-Matrix-animation-output-transform-array" count="288">

0.999456 -0.009424 -0.031603 0.000000 0.008405 0.999446 -0.032211 11.776703 0.031889 0.031928 0.998981 0.000004 0.000000 0.000000 0.000000 1.000000
0.999456 -0.009424 -0.031603 0.000000 0.008405 0.999446 -0.032211 11.776703 0.031889 0.031928 0.998981 0.000004 0.000000 0.000000 0.000000 1.000000
0.996645 -0.026733 0.077351 -0.000000 0.031823 0.997356 -0.065335 11.776703 -0.075400 0.067577 0.994861 0.000004 0.000000 0.000000 0.000000 1.000000
0.998247 -0.025585 0.053368 -0.000000 0.029934 0.996153 -0.082357 11.776703 -0.051056 0.083810 0.995173 0.000004 0.000000 0.000000 0.000000 1.000000
0.999712 -0.022382 0.008656 0.000000 0.023099 0.995281 -0.094242 11.776703 -0.006506 0.094415 0.995512 0.000004 0.000000 0.000000 0.000000 1.000000
0.999724 -0.017474 -0.015699 0.000000 0.015846 0.995017 -0.098436 11.776703 0.017341 0.098160 0.995020 0.000004 0.000000 0.000000 0.000000 1.000000
0.999818 -0.010942 -0.015653 -0.000000 0.009377 0.995259 -0.096803 11.776703 0.016638 0.096639 0.995180 0.000004 0.000000 0.000000 0.000000 1.000000
0.999881 -0.004297 -0.014785 0.000000 0.002910 0.995699 -0.092605 11.776703 0.015119 0.092551 0.995593 0.000004 0.000000 0.000000 0.000000 1.000000
0.999910 -0.000030 -0.013383 0.000000 -0.001129 0.996242 -0.086607 11.776703 0.013335 0.086614 0.996153 0.000004 0.000000 0.000000 0.000000 1.000000
0.999933 0.001522 -0.011458 -0.000000 -0.002416 0.996919 -0.078396 11.776703 0.011303 0.078418 0.996856 0.000004 0.000000 0.000000 0.000000 1.000000
0.999956 0.002165 -0.009118 0.000000 -0.002783 0.997658 -0.068344 11.776703 0.008949 0.068366 0.997620 0.000004 0.000000 0.000000 0.000000 1.000000
0.999973 0.002626 -0.006804 0.000000 -0.003019 0.998290 -0.058378 11.776703 0.006639 0.058397 0.998271 0.000004 0.000000 0.000000 0.000000 1.000000
0.999985 0.003025 -0.004524 0.000000 -0.003243 0.998795 -0.048972 11.776703 0.004370 0.048986 0.998790 0.000004 0.000000 0.000000 0.000000 1.000000
0.999992 0.003242 -0.002268 -0.000000 -0.003329 0.999208 -0.039652 11.776703 0.002138 0.039659 0.999211 0.000004 0.000000 0.000000 0.000000 1.000000
0.999993 0.003645 -0.000450 0.000000 -0.003657 0.999514 -0.030943 11.776703 0.000337 0.030944 0.999521 0.000004 0.000000 0.000000 0.000000 1.000000
0.999948 0.010240 0.000246 -0.000000 -0.010232 0.999688 -0.022794 11.776703 -0.000479 0.022790 0.999740 0.000004 0.000000 0.000000 0.000000 1.000000
0.999757 0.022021 0.000183 0.000000 -0.022016 0.999645 -0.015037 11.776703 -0.000514 0.015029 0.999887 0.000004 0.000000 0.000000 0.000000 1.000000
0.999757 0.022021 0.000183 0.000000 -0.022016 0.999645 -0.015037 11.776703 -0.000514 0.015029 0.999887 0.000004 0.000000 0.000000 0.000000 1.000000</float_array><technique_common><accessor source="#BatRig_Spine2-Matrix-animation-output-transform-array" count="18" stride="16"><param type="float4x4"/></accessor></technique_common></source><source id="BatRig_Spine2-Interpolations"><Name_array id="BatRig_Spine2-Interpolations-array" count="18">
 LINEAR LINEAR LINEAR LINEAR LINEAR LINEAR LINEAR LINEAR LINEAR LINEAR LINEAR
LINEAR LINEAR LINEAR LINEAR LINEAR LINEAR LINEAR</Name_array><technique_common><accessor source="#BatRig_Spine2-Interpolations-array" count="18"><param type="name"/></accessor></technique_common></source><sampler id="BatRig_Spine2-Matrix-animation-transform"><input semantic="INPUT" source="#BatRig_Spine2-Matrix-animation-input"/><input semantic="OUTPUT" source="#BatRig_Spine2-Matrix-animation-output-transform"/><input semantic="INTERPOLATION" source="#BatRig_Spine2-Interpolations"/></sampler><channel source="#BatRig_Spine2-Matrix-animation-transform" target="BatRig_Spine2/matrix"/></animation><animation><source id="BatRig_Spine2-visibility-animation-input"><float_array id="BatRig_Spine2-visibility-animation-input-array" count="18">

0.000000 0.041667 0.083333 0.125000 0.166667 0.208333 0.250000 0.291667 0.333333 0.375000 0.416667 0.458333 0.500000 0.541667 0.583333 0.625000
0.666667 0.708333</float_array><technique_common><accessor source="#BatRig_Spine2-visibility-animation-input-array" count="18"><param name="TIME" type="float"/></accessor></technique_common></source><source id="BatRig_Spine2-visibility-animation-output"><float_array id="BatRig_Spine2-visibility-animation-output-array" count="18">

1.000000 1.000000 1.000000 1.000000 1.000000 1.000000 1.000000 1.000000 1.000000 1.000000 1.000000 1.000000 1.000000 1.000000 1.000000 1.000000
1.000000 1.000000</float_array><technique_common><accessor source="#BatRig_Spine2-visibility-animation-output-array" count="18"><param type="float"/></accessor></technique_common></source><source id="BatRig_Spine2-visibility-animation-intan"><float_array id="BatRig_Spine2-visibility-animation-intan-array" count="18">

0.000000 0.000000 0.000000 0.000000 0.000000 0.000000 0.000000 0.000000 0.000000 0.000000 0.000000 0.000000 0.000000 0.000000 0.000000 0.000000
0.000000 0.000000</float_array><technique_common><accessor source="#BatRig_Spine2-visibility-animation-intan-array" count="18"><param type="float"/></accessor></technique_common></source><source id="BatRig_Spine2-visibility-animation-outtan"><float_array id="BatRig_Spine2-visibility-animation-outtan-array" count="18">

0.000000 0.000000 0.000000 0.000000 0.000000 0.000000 0.000000 0.000000 0.000000 0.000000 0.000000 0.000000 0.000000 0.000000 0.000000 0.000000
0.000000 0.000000</float_array><technique_common><accessor source="#BatRig_Spine2-visibility-animation-outtan-array" count="18"><param type="float"/></accessor></technique_common></source><source id="BatRig_Spine2-visibility-animation-interpolation"><Name_array id="BatRig_Spine2-visibility-animation-interpolation-array" count="18">
 STEP STEP STEP STEP STEP STEP STEP STEP STEP STEP STEP STEP STEP STEP STEP STEP STEP
BEZIER</Name_array><technique_common><accessor source="#BatRig_Spine2-visibility-animation-interpolation-array" count="18"><param type="name"/></accessor></technique_common></source><sampler id="BatRig_Spine2-visibility-animation"><input semantic="INPUT" source="#BatRig_Spine2-visibility-animation-input"/><input semantic="OUTPUT" source="#BatRig_Spine2-visibility-animation-output"/><input semantic="IN_TANGENT" source="#BatRig_Spine2-visibility-animation-intan"/><input semantic="OUT_TANGENT" source="#BatRig_Spine2-visibility-animation-outtan"/><input semantic="INTERPOLATION" source="#BatRig_Spine2-visibility-animation-interpolation"/></sampler><channel source="#BatRig_Spine2-visibility-animation" target="BatRig_Spine2/visibility"/></animation></animation>
    <animation id="BatRig_Spine3-anim" name="BatRig_Spine3"><animation><source id="BatRig_Spine3-Matrix-animation-input"><float_array id="BatRig_Spine3-Matrix-animation-input-array" count="18">

0.000000 0.041667 0.083333 0.125000 0.166667 0.208333 0.250000 0.291667 0.333333 0.375000 0.416667 0.458333 0.500000 0.541667 0.583333 0.625000
0.666667 0.708333</float_array><technique_common><accessor source="#BatRig_Spine3-Matrix-animation-input-array" count="18"><param name="TIME" type="float"/></accessor></technique_common></source><source id="BatRig_Spine3-Matrix-animation-output-transform"><float_array id="BatRig_Spine3-Matrix-animation-output-transform-array" count="288">

0.999424 0.003894 -0.033711 0.000001 -0.005114 0.999332 -0.036175 13.030716 0.033548 0.036327 0.998777 -1.061704 0.000000 0.000000 0.000000 1.000000
0.999424 0.003894 -0.033711 0.000001 -0.005114 0.999332 -0.036175 13.030716 0.033548 0.036327 0.998777 -1.061704 0.000000 0.000000 0.000000 1.000000
0.997373 0.001471 0.072423 0.000001 0.003809 0.997345 -0.072719 13.030716 -0.072338 0.072804 0.994719 -1.061704 0.000000 0.000000 0.000000 1.000000
0.998827 0.001954 0.048380 0.000001 0.002298 0.996147 -0.087671 13.030716 -0.048365 0.087679 0.994974 -1.061704 0.000000 0.000000 0.000000 1.000000
0.999989 0.002851 0.003656 0.000001 -0.002485 0.995340 -0.096398 13.030716 -0.003914 0.096388 0.995336 -1.061704 0.000000 0.000000 0.000000 1.000000
0.999786 0.003333 -0.020434 0.000001 -0.005344 0.995059 -0.099139 13.030716 0.020003 0.099227 0.994864 -1.061704 0.000000 0.000000 0.000000 1.000000
0.999812 0.002984 -0.019154 0.000001 -0.004836 0.995235 -0.097387 13.030716 0.018772 0.097461 0.995062 -1.061704 0.000000 0.000000 0.000000 1.000000
0.999864 0.002335 -0.016330 0.000001 -0.003841 0.995674 -0.092832 13.030716 0.016043 0.092882 0.995548 -1.061704 0.000000 0.000000 0.000000 1.000000
0.999907 0.001987 -0.013492 0.000001 -0.003147 0.996244 -0.086534 13.030716 0.013269 0.086568 0.996158 -1.061704 0.000000 0.000000 0.000000 1.000000
0.999936 0.002096 -0.011108 0.000001 -0.002959 0.996931 -0.078235 13.030716 0.010910 0.078263 0.996873 -1.061704 0.000000 0.000000 0.000000 1.000000
0.999959 0.002350 -0.008711 0.000001 -0.002939 0.997668 -0.068193 13.030716 0.008530 0.068216 0.997634 -1.061704 0.000000 0.000000 0.000000 1.000000
0.999976 0.002640 -0.006412 0.000001 -0.003009 0.998297 -0.058255 13.030716 0.006247 0.058273 0.998281 -1.061704 0.000000 0.000000 0.000000 1.000000
0.999988 0.002797 -0.004087 0.000001 -0.002993 0.998800 -0.048875 13.030716 0.003945 0.048887 0.998797 -1.061704 0.000000 0.000000 0.000000 1.000000
0.999994 0.002989 -0.001861 0.000001 -0.003060 0.999211 -0.039602 13.030716 0.001741 0.039607 0.999214 -1.061704 0.000000 0.000000 0.000000 1.000000
0.999993 0.003610 -0.000226 0.000001 -0.003615 0.999515 -0.030930 13.030716 0.000114 0.030931 0.999522 -1.061704 0.000000 0.000000 0.000000 1.000000
0.999946 0.010363 0.000532 0.000001 -0.010348 0.999687 -0.022796 13.030716 -0.000768 0.022789 0.999740 -1.061704 0.000000 0.000000 0.000000 1.000000
0.999755 0.022109 0.000849 0.000001 -0.022094 0.999643 -0.015044 13.030716 -0.001181 0.015022 0.999886 -1.061704 0.000000 0.000000 0.000000 1.000000
