<?xml version="1.0" encoding="utf-8"?>
<COLLADA xmlns="http://www.collada.org/2005/11/COLLADASchema" version="1.4.1">
  <asset><contributor><author></author><authoring_tool>FBX COLLADA exporter</authoring_tool><comments></comments></contributor><created>2017-08-30T19:41:09Z</created><keywords></keywords><modified>2017-08-30T19:41:09Z</modified><revision></revision><subject></subject><title></title><unit meter="0.010000" name="centimeter"></unit><up_axis>Y_UP</up_axis></asset>
  <library_animations>
    <animation id="BatRig_Reference-anim" name="BatRig_Reference"><animation><source id="BatRig_Reference-Matrix-animation-input"><float_array id="BatRig_Reference-Matrix-animation-input-array" count="18">

0.000000 0.041667 0.083333 0.125000 0.166667 0.208333 0.250000 0.291667 0.333333 0.375000 0.416667 0.458333 0.500000 0.541667 0.583333 0.625000
0.666667 0.708333</float_array><technique_common><accessor source="#BatRig_Reference-Matrix-animation-input-array" count="18"><param name="TIME" type="float"/></accessor></technique_common></source><source id="BatRig_Reference-Matrix-animation-output-transform"><float_array id="BatRig_Reference-Matrix-animation-output-transform-array" count="288">

0.902840 0.000000 -0.429976 38.721191 0.000000 1.000000 0.000000 0.000000 0.429976 0.000000 0.902840 74.152122 0.000000 0.000000 0.000000 1.000000
0.902840 0.000000 -0.429976 38.721191 0.000000 1.000000 0.000000 0.000000 0.429976 0.000000 0.902840 74.152122 0.000000 0.000000 0.000000 1.000000
0.908861 0.000000 -0.417099 34.886143 0.000000 1.000000 0.000000 0.000000 0.417099 0.000000 0.908861 72.006180 0.000000 0.000000 0.000000 1.000000
0.917399 0.000000 -0.397968 30.763165 0.000000 1.000000 0.000000 0.000000 0.397968 0.000000 0.917399 67.253632 0.000000 0.000000 0.000000 1.000000
0.927672 0.000000 -0.373396 26.438192 0.000000 1.000000 0.000000 0.000000 0.373396 0.000000 0.927672 61.661423 0.000000 0.000000 0.000000 1.000000
0.938889 0.000000 -0.344219 23.494915 0.000000 1.000000 0.000000 0.000000 0.344219 0.000000 0.938889 58.564972 0.000000 0.000000 0.000000 1.000000
0.950305 0.000000 -0.311320 22.174728 0.000000 1.000000 0.000000 0.000000 0.311320 0.000000 0.950305 58.053822 0.000000 0.000000 0.000000 1.000000
0.961265 0.000000 -0.275626 21.488581 0.000000 1.000000 0.000000 0.000000 0.275626 0.000000 0.961265 57.866329 0.000000 0.000000 0.000000 1.000000
0.971233 0.000000 -0.238133 21.147820 0.000000 1.000000 0.000000 0.000000 0.238133 0.000000 0.971233 57.840828 0.000000 0.000000 0.000000 1.000000
0.979818 0.000000 -0.199892 20.863613 0.000000 1.000000 0.000000 0.000000 0.199892 0.000000 0.979818 57.815578 0.000000 0.000000 0.000000 1.000000
0.986793 0.000000 -0.161989 20.347069 0.000000 1.000000 0.000000 0.000000 0.161989 0.000000 0.986793 57.628876 0.000000 0.000000 0.000000 1.000000
0.992088 0.000000 -0.125543 19.309305 0.000000 1.000000 0.000000 0.000000 0.125543 0.000000 0.992088 57.118980 0.000000 0.000000 0.000000 1.000000
0.995788 0.000000 -0.091687 17.115110 0.000000 1.000000 0.000000 0.000000 0.091687 0.000000 0.995788 54.196590 0.000000 0.000000 0.000000 1.000000
0.998105 0.000000 -0.061540 13.991979 0.000000 1.000000 0.000000 0.000000 0.061540 0.000000 0.998105 48.795250 0.000000 0.000000 0.000000 1.000000
0.999344 0.000000 -0.036214 10.973156 0.000000 1.000000 0.000000 0.000000 0.036214 0.000000 0.999344 43.761345 0.000000 0.000000 0.000000 1.000000
0.999859 0.000000 -0.016803 8.307741 0.000000 1.000000 0.000000 0.000000 0.016803 0.000000 0.999859 39.967613 0.000000 0.000000 0.000000 1.000000
0.999990 0.000000 -0.004377 5.690043 0.000000 1.000000 0.000000 0.000000 0.004377 0.000000 0.999990 36.421856 0.000000 0.000000 0.000000 1.000000
0.999990 0.000000 -0.004377 5.690043 0.000000 1.000000 0.000000 0.000000 0.004377 0.000000 0.999990 36.421856 0.000000 0.000000 0.000000 1.000000</float_array><technique_common><accessor source="#BatRig_Reference-Matrix-animation-output-transform-array" count="18" stride="16"><param type="float4x4"/></accessor></technique_common></source><source id="BatRig_Reference-Interpolations"><Name_array id="BatRig_Reference-Interpolations-array" count="18">
 LINEAR LINEAR LINEAR LINEAR LINEAR LINEAR LINEAR LINEAR LINEAR LINEAR LINEAR
LINEAR LINEAR LINEAR LINEAR LINEAR LINEAR LINEAR</Name_array><technique_common><accessor source="#BatRig_Reference-Interpolations-array" count="18"><param type="name"/></accessor></technique_common></source><sampler id="BatRig_Reference-Matrix-animation-transform"><input semantic="INPUT" source="#BatRig_Reference-Matrix-animation-input"/><input semantic="OUTPUT" source="#BatRig_Reference-Matrix-animation-output-transform"/><input semantic="INTERPOLATION" source="#BatRig_Reference-Interpolations"/></sampler><channel source="#BatRig_Reference-Matrix-animation-transform" target="BatRig_Reference/matrix"/></animation><animation><source id="BatRig_Reference-visibility-animation-input"><float_array id="BatRig_Reference-visibility-animation-input-array" count="18">

0.000000 0.041667 0.083333 0.125000 0.166667 0.208333 0.250000 0.291667 0.333333 0.375000 0.416667 0.458333 0.500000 0.541667 0.583333 0.625000
0.666667 0.708333</float_array><technique_common><accessor source="#BatRig_Reference-visibility-animation-input-array" count="18"><param name="TIME" type="float"/></accessor></technique_common></source><source id="BatRig_Reference-visibility-animation-output"><float_array id="BatRig_Reference-visibility-animation-output-array" count="18">

1.000000 1.000000 1.000000 1.000000 1.000000 1.000000 1.000000 1.000000 1.000000 1.000000 1.000000 1.000000 1.000000 1.000000 1.000000 1.000000
1.000000 1.000000</float_array><technique_common><accessor source="#BatRig_Reference-visibility-animation-output-array" count="18"><param type="float"/></accessor></technique_common></source><source id="BatRig_Reference-visibility-animation-intan"><float_array id="BatRig_Reference-visibility-animation-intan-array" count="18">

0.000000 0.000000 0.000000 0.000000 0.000000 0.000000 0.000000 0.000000 0.000000 0.000000 0.000000 0.000000 0.000000 0.000000 0.000000 0.000000
0.000000 0.000000</float_array><technique_common><accessor source="#BatRig_Reference-visibility-animation-intan-array" count="18"><param type="float"/></accessor></technique_common></source><source id="BatRig_Reference-visibility-animation-outtan"><float_array id="BatRig_Reference-visibility-animation-outtan-array" count="18">

0.000000 0.000000 0.000000 0.000000 0.000000 0.000000 0.000000 0.000000 0.000000 0.000000 0.000000 0.000000 0.000000 0.000000 0.000000 0.000000
0.000000 0.000000</float_array><technique_common><accessor source="#BatRig_Reference-visibility-animation-outtan-array" count="18"><param type="float"/></accessor></technique_common></source><source id="BatRig_Reference-visibility-animation-interpolation"><Name_array id="BatRig_Reference-visibility-animation-interpolation-array" count="18">
 STEP STEP STEP STEP STEP STEP STEP STEP STEP STEP STEP STEP STEP STEP STEP STEP STEP
BEZIER</Name_array><technique_common><accessor source="#BatRig_Reference-visibility-animation-interpolation-array" count="18"><param type="name"/></accessor></technique_common></source><sampler id="BatRig_Reference-visibility-animation"><input semantic="INPUT" source="#BatRig_Reference-visibility-animation-input"/><input semantic="OUTPUT" source="#BatRig_Reference-visibility-animation-output"/><input semantic="IN_TANGENT" source="#BatRig_Reference-visibility-animation-intan"/><input semantic="OUT_TANGENT" source="#BatRig_Reference-visibility-animation-outtan"/><input semantic="INTERPOLATION" source="#BatRig_Reference-visibility-animation-interpolation"/></sampler><channel source="#BatRig_Reference-visibility-animation" target="BatRig_Reference/visibility"/></animation></animation>
    <animation id="BatRig_Hips-anim" name="BatRig_Hips"><animation><source id="BatRig_Hips-Matrix-animation-input"><float_array id="BatRig_Hips-Matrix-animation-input-array" count="18">

0.000000 0.041667 0.083333 0.125000 0.166667 0.208333 0.250000 0.291667 0.333333 0.375000 0.416667 0.458333 0.500000 0.541667 0.583333 0.625000
0.666667 0.708333</float_array><technique_common><accessor source="#BatRig_Hips-Matrix-animation-input-array" count="18"><param name="TIME" type="float"/></accessor></technique_common></source><source id="BatRig_Hips-Matrix-animation-output-transform"><float_array id="BatRig_Hips-Matrix-animation-output-transform-array" count="288">

0.547168 0.036781 0.836214 0.000000 0.084842 0.991451 -0.099125 79.539307 -0.832712 0.125184 0.539370 0.000000 0.000000 0.000000 0.000000 1.000000
0.547168 0.036781 0.836214 0.000000 0.084842 0.991451 -0.099125 79.539307 -0.832712 0.125184 0.539370 0.000000 0.000000 0.000000 0.000000 1.000000
0.528941 0.039049 0.847760 0.000000 0.060989 0.994609 -0.083866 79.441933 -0.846464 0.096064 0.523708 0.000000 0.000000 0.000000 0.000000 1.000000
0.527171 0.039292 0.848850 0.000000 0.057387 0.995004 -0.081696 79.612015 -0.847819 0.091781 0.522282 0.000000 0.000000 0.000000 0.000000 1.000000
0.527887 0.039198 0.848410 0.000000 0.059181 0.994809 -0.082785 79.923874 -0.847250 0.093911 0.522827 0.000000 0.000000 0.000000 0.000000 1.000000
0.523056 0.039663 0.851375 0.000000 0.061005 0.994612 -0.083815 80.091431 -0.850112 0.095778 0.517818 0.000000 0.000000 0.000000 0.000000 1.000000
0.530052 0.038847 0.847075 0.000000 0.061011 0.994614 -0.083790 79.972351 -0.845767 0.096094 0.524827 0.000000 0.000000 0.000000 0.000000 1.000000
0.534240 0.038344 0.844463 0.000000 0.061016 0.994616 -0.083762 79.674599 -0.843128 0.096275 0.529024 0.000000 0.000000 0.000000 0.000000 1.000000
0.537293 0.037962 0.842541 0.000000 0.061022 0.994618 -0.083728 79.287514 -0.841185 0.096400 0.532085 0.000000 0.000000 0.000000 0.000000 1.000000
0.540864 0.037520 0.840273 0.000000 0.061026 0.994621 -0.083693 78.900452 -0.838893 0.096545 0.535665 0.000000 0.000000 0.000000 0.000000 1.000000
0.546587 0.036828 0.836592 0.000000 0.061029 0.994624 -0.083658 78.602692 -0.835175 0.096783 0.541401 0.000000 0.000000 0.000000 0.000000 1.000000
0.556058 0.035697 0.830376 0.000000 0.061031 0.994626 -0.083627 78.483597 -0.828899 0.097180 0.550892 0.000000 0.000000 0.000000 0.000000 1.000000
0.556722 0.035491 0.829940 0.000000 0.059321 0.994838 -0.082336 78.594009 -0.828578 0.095071 0.551743 0.000000 0.000000 0.000000 0.000000 1.000000
0.564938 0.034484 0.824413 0.000000 0.057584 0.995043 -0.081082 78.835632 -0.823122 0.093279 0.560152 0.000000 0.000000 0.000000 0.000000 1.000000
0.572632 0.033594 0.819124 0.000000 0.061035 0.994640 -0.083460 79.074249 -0.817538 0.097787 0.567512 0.000000 0.000000 0.000000 0.000000 1.000000
0.576822 0.032827 0.816210 0.000000 0.074968 0.992848 -0.092912 79.274773 -0.813423 0.114783 0.570235 0.000000 0.000000 0.000000 0.000000 1.000000
0.578780 0.031947 0.814858 0.000000 0.094203 0.989924 -0.105721 79.475151 -0.810025 0.137951 0.569938 0.000000 0.000000 0.000000 0.000000 1.000000
0.578780 0.031947 0.814858 0.000000 0.094203 0.989924 -0.105721 79.475151 -0.810025 0.137951 0.569938 0.000000 0.000000 0.000000 0.000000 1.000000</float_array><technique_common><accessor source="#BatRig_Hips-Matrix-animation-output-transform-array" count="18" stride="16"><param type="float4x4"/></accessor></technique_common></source><source id="BatRig_Hips-Interpolations"><Name_array id="BatRig_Hips-Interpolations-array" count="18">
 LINEAR LINEAR LINEAR LINEAR LINEAR LINEAR LINEAR LINEAR LINEAR LINEAR LINEAR
LINEAR LINEAR LINEAR LINEAR LINEAR LINEAR LINEAR</Name_array><technique_common><accessor source="#BatRig_Hips-Interpolations-array" count="18"><param type="name"/></accessor></technique_common></source><sampler id="BatRig_Hips-Matrix-animation-transform"><input semantic="INPUT" source="#BatRig_Hips-Matrix-animation-input"/><input semantic="OUTPUT" source="#BatRig_Hips-Matrix-animation-output-transform"/><input semantic="INTERPOLATION" source="#BatRig_Hips-Interpolations"/></sampler><channel source="#BatRig_Hips-Matrix-animation-transform" target="BatRig_Hips/matrix"/></animation><animation><source id="BatRig_Hips-visibility-animation-input"><float_array id="BatRig_Hips-visibility-animation-input-array" count="18">

0.000000 0.041667 0.083333 0.125000 0.166667 0.208333 0.250000 0.291667 0.333333 0.375000 0.416667 0.458333 0.500000 0.541667 0.583333 0.625000
0.666667 0.708333</float_array><technique_common><accessor source="#BatRig_Hips-visibility-animation-input-array" count="18"><param name="TIME" type="float"/></accessor></technique_common></source><source id="BatRig_Hips-visibility-animation-output"><float_array id="BatRig_Hips-visibility-animation-output-array" count="18">

1.000000 1.000000 1.000000 1.000000 1.000000 1.000000 1.000000 1.000000 1.000000 1.000000 1.000000 1.000000 1.000000 1.000000 1.000000 1.000000
1.000000 1.000000</float_array><technique_common><accessor source="#BatRig_Hips-visibility-animation-output-array" count="18"><param type="float"/></accessor></technique_common></source><source id="BatRig_Hips-visibility-animation-intan"><float_array id="BatRig_Hips-visibility-animation-intan-array" count="18">

0.000000 0.000000 0.000000 0.000000 0.000000 0.000000 0.000000 0.000000 0.000000 0.000000 0.000000 0.000000 0.000000 0.000000 0.000000 0.000000
0.000000 0.000000</float_array><technique_common><accessor source="#BatRig_Hips-visibility-animation-intan-array" count="18"><param type="float"/></accessor></technique_common></source><source id="BatRig_Hips-visibility-animation-outtan"><float_array id="BatRig_Hips-visibility-animation-outtan-array" count="18">

0.000000 0.000000 0.000000 0.000000 0.000000 0.000000 0.000000 0.000000 0.000000 0.000000 0.000000 0.000000 0.000000 0.000000 0.000000 0.000000
0.000000 0.000000</float_array><technique_common><accessor source="#BatRig_Hips-visibility-animation-outtan-array" count="18"><param type="float"/></accessor></technique_common></source><source id="BatRig_Hips-visibility-animation-interpolation"><Name_array id="BatRig_Hips-visibility-animation-interpolation-array" count="18">
 STEP STEP STEP STEP STEP STEP STEP STEP STEP STEP STEP STEP STEP STEP STEP STEP STEP
BEZIER</Name_array><technique_common><accessor source="#BatRig_Hips-visibility-animation-interpolation-array" count="18"><param type="name"/></accessor></technique_common></source><sampler id="BatRig_Hips-visibility-animation"><input semantic="INPUT" source="#BatRig_Hips-visibility-animation-input"/><input semantic="OUTPUT" source="#BatRig_Hips-visibility-animation-output"/><input semantic="IN_TANGENT" source="#BatRig_Hips-visibility-animation-intan"/><input semantic="OUT_TANGENT" source="#BatRig_Hips-visibility-animation-outtan"/><input semantic="INTERPOLATION" source="#BatRig_Hips-visibility-animation-interpolation"/></sampler><channel source="#BatRig_Hips-visibility-animation" target="BatRig_Hips/visibility"/></animation></animation>
    <animation id="BatRig_Spine-anim" name="BatRig_Spine"><animation><source id="BatRig_Spine-Matrix-animation-input"><float_array id="BatRig_Spine-Matrix-animation-input-array" count="18">

0.000000 0.041667 0.083333 0.125000 0.166667 0.208333 0.250000 0.291667 0.333333 0.375000 0.416667 0.458333 0.500000 0.541667 0.583333 0.625000
0.666667 0.708333</float_array><technique_common><accessor source="#BatRig_Spine-Matrix-animation-input-array" count="18"><param name="TIME" type="float"/></accessor></technique_common></source><source id="BatRig_Spine-Matrix-animation-output-transform"><float_array id="BatRig_Spine-Matrix-animation-output-transform-array" count="288">

0.965123 0.015108 -0.261359 -0.000001 -0.004459 0.999137 0.041288 3.725677 0.261757 -0.038683 0.964358 0.000001 0.000000 0.000000 0.000000 1.000000
0.965123 0.015108 -0.261359 -0.000001 -0.004459 0.999137 0.041288 3.725677 0.261757 -0.038683 0.964358 0.000001 0.000000 0.000000 0.000000 1.000000
0.995115 0.038985 -0.090701 -0.000001 -0.036507 0.998918 0.028821 3.725677 0.091726 -0.025369 0.995461 0.000001 0.000000 0.000000 0.000000 1.000000
0.995980 0.042537 -0.078833 -0.000001 -0.040351 0.998761 0.029120 3.725677 0.079974 -0.025822 0.996462 0.000001 0.000000 0.000000 0.000000 1.000000
0.996498 0.045303 -0.070275 -0.000001 -0.043270 0.998607 0.030188 3.725677 0.071545 -0.027041 0.997071 0.000001 0.000000 0.000000 0.000000 1.000000
0.996799 0.047381 -0.064392 -0.000001 -0.045404 0.998461 0.031834 3.725677 0.065801 -0.028808 0.997417 0.000001 0.000000 0.000000 0.000000 1.000000
0.996968 0.048870 -0.060545 -0.000001 -0.046881 0.998327 0.033844 3.725677 0.062098 -0.030903 0.997592 0.000001 0.000000 0.000000 0.000000 1.000000
0.997065 0.049868 -0.058095 -0.000001 -0.047828 0.998207 0.035992 3.725677 0.059786 -0.033108 0.997662 0.000001 0.000000 0.000000 0.000000 1.000000
0.997132 0.050473 -0.056402 -0.000001 -0.048371 0.998105 0.038041 3.725677 0.058215 -0.035204 0.997683 0.000001 0.000000 0.000000 0.000000 1.000000
0.997204 0.050784 -0.054824 -0.000001 -0.048641 0.998025 0.039750 3.725677 0.056734 -0.036972 0.997705 0.000001 0.000000 0.000000 0.000000 1.000000
0.997311 0.050899 -0.052721 -0.000001 -0.048772 0.997973 0.040874 3.725677 0.054695 -0.038193 0.997772 0.000001 0.000000 0.000000 0.000000 1.000000
0.997478 0.050915 -0.049453 -0.000001 -0.048898 0.997955 0.041171 3.725677 0.051448 -0.038649 0.997928 0.000001 0.000000 0.000000 0.000000 1.000000
0.997765 0.048836 -0.045600 -0.000001 -0.047068 0.998127 0.039078 3.725677 0.047423 -0.036844 0.998195 0.000001 0.000000 0.000000 0.000000 1.000000
0.998136 0.044268 -0.042018 -0.000001 -0.042823 0.998480 0.034691 3.725677 0.043490 -0.032827 0.998514 0.000001 0.000000 0.000000 0.000000 1.000000
0.998516 0.038409 -0.038614 -0.000001 -0.037299 0.998881 0.029063 3.725677 0.039687 -0.027580 0.998831 0.000001 0.000000 0.000000 0.000000 1.000000
0.998866 0.031866 -0.035360 -0.000001 -0.031076 0.999260 0.022675 3.725677 0.036056 -0.021550 0.999117 0.000001 0.000000 0.000000 0.000000 1.000000
0.999161 0.025212 -0.032282 -0.000001 -0.024710 0.999569 0.015863 3.725677 0.032668 -0.015052 0.999353 0.000001 0.000000 0.000000 0.000000 1.000000
0.999161 0.025212 -0.032282 -0.000001 -0.024710 0.999569 0.015863 3.725677 0.032668 -0.015052 0.999353 0.000001 0.000000 0.000000 0.000000 1.000000</float_array><technique_common><accessor source="#BatRig_Spine-Matrix-animation-output-transform-array" count="18" stride="16"><param type="float4x4"/></accessor></technique_common></source><source id="BatRig_Spine-Interpolations"><Name_array id="BatRig_Spine-Interpolations-array" count="18">
 LINEAR LINEAR LINEAR LINEAR LINEAR LINEAR LINEAR LINEAR LINEAR LINEAR LINEAR
LINEAR LINEAR LINEAR LINEAR LINEAR LINEAR LINEAR</Name_array><technique_common><accessor source="#BatRig_Spine-Interpolations-array" count="18"><param type="name"/></accessor></technique_common></source><sampler id="BatRig_Spine-Matrix-animation-transform"><input semantic="INPUT" source="#BatRig_Spine-Matrix-animation-input"/><input semantic="OUTPUT" source="#BatRig_Spine-Matrix-animation-output-transform"/><input semantic="INTERPOLATION" source="#BatRig_Spine-Interpolations"/></sampler><channel source="#BatRig_Spine-Matrix-animation-transform" target="BatRig_Spine/matrix"/></animation><animation><source id="BatRig_Spine-visibility-animation-input"><float_array id="BatRig_Spine-visibility-animation-input-array" count="18">

0.000000 0.041667 0.083333 0.125000 0.166667 0.208333 0.250000 0.291667 0.333333 0.375000 0.416667 0.458333 0.500000 0.541667 0.583333 0.625000
0.666667 0.708333</float_array><technique_common><accessor source="#BatRig_Spine-visibility-animation-input-array" count="18"><param name="TIME" type="float"/></accessor></technique_common></source><source id="BatRig_Spine-visibility-animation-output"><float_array id="BatRig_Spine-visibility-animation-output-array" count="18">

1.000000 1.000000 1.000000 1.000000 1.000000 1.000000 1.000000 1.000000 1.000000 1.000000 1.000000 1.000000 1.000000 1.000000 1.000000 1.000000
1.000000 1.000000</float_array><technique_common><accessor source="#BatRig_Spine-visibility-animation-output-array" count="18"><param type="float"/></accessor></technique_common></source><source id="BatRig_Spine-visibility-animation-intan"><float_array id="BatRig_Spine-visibility-animation-intan-array" count="18">

0.000000 0.000000 0.000000 0.000000 0.000000 0.000000 0.000000 0.000000 0.000000 0.000000 0.000000 0.000000 0.000000 0.000000 0.000000 0.000000
0.000000 0.000000</float_array><technique_common><accessor source="#BatRig_Spine-visibility-animation-intan-array" count="18"><param type="float"/></accessor></technique_common></source><source id="BatRig_Spine-visibility-animation-outtan"><float_array id="BatRig_Spine-visibility-animation-outtan-array" count="18">

0.000000 0.000000 0.000000 0.000000 0.000000 0.000000 0.000000 0.000000 0.000000 0.000000 0.000000 0.000000 0.000000 0.000000 0.000000 0.000000
0.000000 0.000000</float_array><technique_common><accessor source="#BatRig_Spine-visibility-animation-outtan-array" count="18"><param type="float"/></accessor></technique_common></source><source id="BatRig_Spine-visibility-animation-interpolation"><Name_array id="BatRig_Spine-visibility-animation-interpolation-array" count="18">
 STEP STEP STEP STEP STEP STEP STEP STEP STEP STEP STEP STEP STEP STEP STEP STEP STEP
BEZIER</Name_array><technique_common><accessor source="#BatRig_Spine-visibility-animation-interpolation-array" count="18"><param type="name"/></accessor></technique_common></source><sampler id="BatRig_Spine-visibility-animation"><input semantic="INPUT" source="#BatRig_Spine-visibility-animation-input"/><input semantic="OUTPUT" source="#BatRig_Spine-visibility-animation-output"/><input semantic="IN_TANGENT" source="#BatRig_Spine-visibility-animation-intan"/><input semantic="OUT_TANGENT" source="#BatRig_Spine-visibility-animation-outtan"/><input semantic="INTERPOLATION" source="#BatRig_Spine-visibility-animation-interpolation"/></sampler><channel source="#BatRig_Spine-visibility-animation" target="BatRig_Spine/visibility"/></animation></animation>
    <animation id="BatRig_Spine1-anim" name="BatRig_Spine1"><animation><source id="BatRig_Spine1-Matrix-animation-input"><float_array id="BatRig_Spine1-Matrix-animation-input-array" count="18">

0.000000 0.041667 0.083333 0.125000 0.166667 0.208333 0.250000 0.291667 0.333333 0.375000 0.416667 0.458333 0.500000 0.541667 0.583333 0.625000
0.666667 0.708333</float_array><technique_common><accessor source="#BatRig_Spine1-Matrix-animation-input-array" count="18"><param name="TIME" type="float"/></accessor></technique_common></source><source id="BatRig_Spine1-Matrix-animation-output-transform"><float_array id="BatRig_Spine1-Matrix-animation-output-transform-array" count="288">

0.996665 0.027389 0.076873 0.000002 -0.024615 0.999019 -0.036805 10.999832 -0.077806 0.034790 0.996361 -0.000003 0.000000 0.000000 0.000000 1.000000
0.996665 0.027389 0.076873 0.000002 -0.024615 0.999019 -0.036805 10.999832 -0.077806 0.034790 0.996361 -0.000003 0.000000 0.000000 0.000000 1.000000
0.999743 0.011912 0.019299 0.000002 -0.010842 0.998448 -0.054625 10.999832 -0.019920 0.054402 0.998320 -0.000003 0.000000 0.000000 0.000000 1.000000
0.999825 0.010099 0.015742 0.000002 -0.009240 0.998514 -0.053702 10.999832 -0.016261 0.053547 0.998433 -0.000003 0.000000 0.000000 0.000000 1.000000
0.999875 0.008686 0.013202 0.000002 -0.007998 0.998651 -0.051310 10.999832 -0.013630 0.051198 0.998596 -0.000003 0.000000 0.000000 0.000000 1.000000
0.999905 0.007624 0.011476 0.000002 -0.007068 0.998833 -0.047772 10.999832 -0.011827 0.047686 0.998792 -0.000003 0.000000 0.000000 0.000000 1.000000
0.999923 0.006863 0.010363 0.000002 -0.006407 0.999037 -0.043412 10.999832 -0.010651 0.043342 0.999004 -0.000003 0.000000 0.000000 0.000000 1.000000
0.999933 0.006354 0.009660 0.000002 -0.005977 0.999239 -0.038555 10.999832 -0.009898 0.038495 0.999210 -0.000003 0.000000 0.000000 0.000000 1.000000
0.999940 0.006044 0.009165 0.000002 -0.005734 0.999421 -0.033532 10.999832 -0.009362 0.033477 0.999396 -0.000003 0.000000 0.000000 0.000000 1.000000
0.999945 0.005886 0.008674 0.000002 -0.005635 0.999573 -0.028669 10.999832 -0.008839 0.028619 0.999551 -0.000003 0.000000 0.000000 0.000000 1.000000
0.999951 0.005827 0.007986 0.000002 -0.005631 0.999689 -0.024298 10.999832 -0.008125 0.024252 0.999673 -0.000003 0.000000 0.000000 0.000000 1.000000
0.999959 0.005818 0.006899 0.000002 -0.005674 0.999769 -0.020747 10.999832 -0.007018 0.020707 0.999761 -0.000003 0.000000 0.000000 0.000000 1.000000
0.999956 0.007568 0.005517 0.000002 -0.007467 0.999809 -0.018066 10.999832 -0.005653 0.018024 0.999822 -0.000003 0.000000 0.000000 0.000000 1.000000
0.999926 0.011413 0.004109 0.000002 -0.011347 0.999811 -0.015817 10.999832 -0.004289 0.015769 0.999866 -0.000003 0.000000 0.000000 0.000000 1.000000
0.999863 0.016349 0.002701 0.000002 -0.016310 0.999772 -0.013817 10.999832 -0.002926 0.013771 0.999901 -0.000003 0.000000 0.000000 0.000000 1.000000
0.999760 0.021868 0.001314 0.000002 -0.021851 0.999689 -0.011998 10.999832 -0.001576 0.011966 0.999927 -0.000003 0.000000 0.000000 0.000000 1.000000
0.999622 0.027498 -0.000014 0.000002 -0.027497 0.999568 -0.010347 10.999832 -0.000271 0.010343 0.999946 -0.000003 0.000000 0.000000 0.000000 1.000000
0.999622 0.027498 -0.000014 0.000002 -0.027497 0.999568 -0.010347 10.999832 -0.000271 0.010343 0.999946 -0.000003 0.000000 0.000000 0.000000 1.000000</float_array><technique_common><accessor source="#BatRig_Spine1-Matrix-animation-output-transform-array" count="18" stride="16"><param type="float4x4"/></accessor></technique_common></source><source id="BatRig_Spine1-Interpolations"><Name_array id="BatRig_Spine1-Interpolations-array" count="18">
 LINEAR LINEAR LINEAR LINEAR LINEAR LINEAR LINEAR LINEAR LINEAR LINEAR LINEAR
LINEAR LINEAR LINEAR LINEAR LINEAR LINEAR LINEAR</Name_array><technique_common><accessor source="#BatRig_Spine1-Interpolations-array" count="18"><param type="name"/></accessor></technique_common></source><sampler id="BatRig_Spine1-Matrix-animation-transform"><input semantic="INPUT" source="#BatRig_Spine1-Matrix-animation-input"/><input semantic="OUTPUT" source="#BatRig_Spine1-Matrix-animation-output-transform"/><input semantic="INTERPOLATION" source="#BatRig_Spine1-Interpolations"/></sampler><channel source="#BatRig_Spine1-Matrix-animation-transform" target="BatRig_Spine1/matrix"/></animation><animation><source id="BatRig_Spine1-visibility-animation-input"><float_array id="BatRig_Spine1-visibility-animation-input-array" count="18">

0.000000 0.041667 0.083333 0.125000 0.166667 0.208333 0.250000 0.291667 0.333333 0.375000 0.416667 0.458333 0.500000 0.541667 0.583333 0.625000
0.666667 0.708333</float_array><technique_common><accessor source="#BatRig_Spine1-visibility-animation-input-array" count="18"><param name="TIME" type="float"/></accessor></technique_common></source><source id="BatRig_Spine1-visibility-animation-output"><float_array id="BatRig_Spine1-visibility-animation-output-array" count="18">

1.000000 1.000000 1.000000 1.000000 1.000000 1.000000 1.000000 1.000000 1.000000 1.000000 1.000000 1.000000 1.000000 1.000000 1.000000 1.000000
1.000000 1.000000</float_array><technique_common><accessor source="#BatRig_Spine1-visibility-animation-output-array" count="18"><param type="float"/></accessor></technique_common></source><source id="BatRig_Spine1-visibility-animation-intan"><float_array id="BatRig_Spine1-visibility-animation-intan-array" count="18">

0.000000 0.000000 0.000000 0.000000 0.000000 0.000000 0.000000 0.000000 0.000000 0.000000 0.000000 0.000000 0.000000 0.000000 0.000000 0.000000
0.000000 0.000000</float_array><technique_common><accessor source="#BatRig_Spine1-visibility-animation-intan-array" count="18"><param type="float"/></accessor></technique_common></source><source id="BatRig_Spine1-visibility-animation-outtan"><float_array id="BatRig_Spine1-visibility-animation-outtan-array" count="18">

0.000000 0.000000 0.000000 0.000000 0.000000 0.000000 0.000000 0.000000 0.000000 0.000000 0.000000 0.000000 0.000000 0.000000 0.000000 0.000000
0.000000 0.000000</float_array><technique_common><accessor source="#BatRig_Spine1-visibility-animation-outtan-array" count="18"><param type="float"/></accessor></technique_common></source><source id="BatRig_Spine1-visibility-animation-interpolation"><Name_array id="BatRig_Spine1-visibility-animation-interpolation-array" count="18">
 STEP STEP STEP STEP STEP STEP STEP STEP STEP STEP STEP STEP STEP STEP STEP STEP STEP
BEZIER</Name_array><technique_common><accessor source="#BatRig_Spine1-visibility-animation-interpolation-array" count="18"><param type="name"/></accessor></technique_common></source><sampler id="BatRig_Spine1-visibility-animation"><input semantic="INPUT" source="#BatRig_Spine1-visibility-animation-input"/><input semantic="OUTPUT" source="#BatRig_Spine1-visibility-animation-output"/><input semantic="IN_TANGENT" source="#BatRig_Spine1-visibility-animation-intan"/><input semantic="OUT_TANGENT" source="#BatRig_Spine1-visibility-animation-outtan"/><input semantic="INTERPOLATION" source="#BatRig_Spine1-visibility-animation-interpolation"/></sampler><channel source="#BatRig_Spine1-visibility-animation" target="BatRig_Spine1/visibility"/></animation></animation>
    <animation id="BatRig_Spine2-anim" name="BatRig_Spine2"><animation><source id="BatRig_Spine2-Matrix-animation-input"><float_array id="BatRig_Spine2-Matrix-animation-input-array" count="18">

0.000000 0.041667 0.083333 0.125000 0.166667 0.208333 0.250000 0.291667 0.333333 0.375000 0.416667 0.458333 0.500000 0.541667 0.583333 0.625000
0.666667 0.708333</float_array><technique_common><accessor source="#BatRig_Spine2-Matrix-animation-input-array" count="18"><param name="TIME" type="float"/></accessor></technique_common></source><source id="BatRig_Spine2-Matrix-animation-output-transform"><float_array id="BatRig_Spine2-Matrix-animation-output-transform-array" count="288">

0.996602 0.027826 0.077523 0.000000 -0.025160 0.999065 -0.035152 11.776703 -0.078429 0.033082 0.996371 0.000004 0.000000 0.000000 0.000000 1.000000
0.996602 0.027826 0.077523 0.000000 -0.025160 0.999065 -0.035152 11.776703 -0.078429 0.033082 0.996371 0.000004 0.000000 0.000000 0.000000 1.000000
0.999738 0.011876 0.019551 -0.000000 -0.010780 0.998415 -0.055230 11.776703 -0.020176 0.055005 0.998282 0.000004 0.000000 0.000000 0.000000 1.000000
0.999822 0.010151 0.015931 0.000000 -0.009272 0.998482 -0.054300 11.776703 -0.016458 0.054143 0.998398 0.000004 0.000000 0.000000 0.000000 1.000000
0.999872 0.008824 0.013314 0.000000 -0.008122 0.998620 -0.051885 11.776703 -0.013753 0.051770 0.998564 0.000004 0.000000 0.000000 0.000000 1.000000
0.999903 0.007840 0.011508 -0.000000 -0.007275 0.998806 -0.048306 11.776703 -0.011873 0.048218 0.998766 0.000004 0.000000 0.000000 0.000000 1.000000
0.999921 0.007143 0.010324 0.000000 -0.006683 0.999014 -0.043895 11.776703 -0.010627 0.043823 0.998983 0.000004 0.000000 0.000000 0.000000 1.000000
0.999932 0.006679 0.009567 0.000000 -0.006301 0.999220 -0.038981 11.776703 -0.009820 0.038918 0.999194 0.000004 0.000000 0.000000 0.000000 1.000000
0.999939 0.006393 0.009048 0.000000 -0.006083 0.999407 -0.033896 11.776703 -0.009259 0.033839 0.999384 0.000004 0.000000 0.000000 0.000000 1.000000
0.999944 0.006229 0.008572 -0.000000 -0.005978 0.999562 -0.028973 11.776703 -0.008749 0.028920 0.999543 0.000004 0.000000 0.000000 0.000000 1.000000
0.999950 0.006132 0.007950 -0.000000 -0.005935 0.999681 -0.024544 11.776703 -0.008098 0.024496 0.999667 0.000004 0.000000 0.000000 0.000000 1.000000
0.999957 0.006047 0.006990 0.000000 -0.005899 0.999763 -0.020944 11.776703 -0.007115 0.020902 0.999756 0.000004 0.000000 0.000000 0.000000 1.000000
0.999954 0.007720 0.005770 -0.000000 -0.007614 0.999805 -0.018221 11.776703 -0.005910 0.018176 0.999817 0.000004 0.000000 0.000000 0.000000 1.000000
0.999923 0.011515 0.004527 -0.000000 -0.011442 0.999808 -0.015932 11.776703 -0.004710 0.015879 0.999863 0.000004 0.000000 0.000000 0.000000 1.000000
0.999860 0.016417 0.003284 0.000000 -0.016370 0.999769 -0.013899 11.776703 -0.003511 0.013843 0.999898 0.000004 0.000000 0.000000 0.000000 1.000000
0.999758 0.021911 0.002056 -0.000000 -0.021885 0.999688 -0.012052 11.776703 -0.002319 0.012004 0.999925 0.000004 0.000000 0.000000 0.000000 1.000000
0.999621 0.027526 0.000875 0.000000 -0.027515 0.999568 -0.010378 11.776703 -0.001160 0.010350 0.999946 0.000004 0.000000 0.000000 0.000000 1.000000
0.999621 0.027526 0.000875 0.000000 -0.027515 0.999568 -0.010378 11.776703 -0.001160 0.010350 0.999946 0.000004 0.000000 0.000000 0.000000 1.000000</float_array><technique_common><accessor source="#BatRig_Spine2-Matrix-animation-output-transform-array" count="18" stride="16"><param type="float4x4"/></accessor></technique_common></source><source id="BatRig_Spine2-Interpolations"><Name_array id="BatRig_Spine2-Interpolations-array" count="18">
 LINEAR LINEAR LINEAR LINEAR LINEAR LINEAR LINEAR LINEAR LINEAR LINEAR LINEAR
LINEAR LINEAR LINEAR LINEAR LINEAR LINEAR LINEAR</Name_array><technique_common><accessor source="#BatRig_Spine2-Interpolations-array" count="18"><param type="name"/></accessor></technique_common></source><sampler id="BatRig_Spine2-Matrix-animation-transform"><input semantic="INPUT" source="#BatRig_Spine2-Matrix-animation-input"/><input semantic="OUTPUT" source="#BatRig_Spine2-Matrix-animation-output-transform"/><input semantic="INTERPOLATION" source="#BatRig_Spine2-Interpolations"/></sampler><channel source="#BatRig_Spine2-Matrix-animation-transform" target="BatRig_Spine2/matrix"/></animation><animation><source id="BatRig_Spine2-visibility-animation-input"><float_array id="BatRig_Spine2-visibility-animation-input-array" count="18">

0.000000 0.041667 0.083333 0.125000 0.166667 0.208333 0.250000 0.291667 0.333333 0.375000 0.416667 0.458333 0.500000 0.541667 0.583333 0.625000
0.666667 0.708333</float_array><technique_common><accessor source="#BatRig_Spine2-visibility-animation-input-array" count="18"><param name="TIME" type="float"/></accessor></technique_common></source><source id="BatRig_Spine2-visibility-animation-output"><float_array id="BatRig_Spine2-visibility-animation-output-array" count="18">

1.000000 1.000000 1.000000 1.000000 1.000000 1.000000 1.000000 1.000000 1.000000 1.000000 1.000000 1.000000 1.000000 1.000000 1.000000 1.000000
1.000000 1.000000</float_array><technique_common><accessor source="#BatRig_Spine2-visibility-animation-output-array" count="18"><param type="float"/></accessor></technique_common></source><source id="BatRig_Spine2-visibility-animation-intan"><float_array id="BatRig_Spine2-visibility-animation-intan-array" count="18">

0.000000 0.000000 0.000000 0.000000 0.000000 0.000000 0.000000 0.000000 0.000000 0.000000 0.000000 0.000000 0.000000 0.000000 0.000000 0.000000
0.000000 0.000000</float_array><technique_common><accessor source="#BatRig_Spine2-visibility-animation-intan-array" count="18"><param type="float"/></accessor></technique_common></source><source id="BatRig_Spine2-visibility-animation-outtan"><float_array id="BatRig_Spine2-visibility-animation-outtan-array" count="18">

0.000000 0.000000 0.000000 0.000000 0.000000 0.000000 0.000000 0.000000 0.000000 0.000000 0.000000 0.000000 0.000000 0.000000 0.000000 0.000000
0.000000 0.000000</float_array><technique_common><accessor source="#BatRig_Spine2-visibility-animation-outtan-array" count="18"><param type="float"/></accessor></technique_common></source><source id="BatRig_Spine2-visibility-animation-interpolation"><Name_array id="BatRig_Spine2-visibility-animation-interpolation-array" count="18">
 STEP STEP STEP STEP STEP STEP STEP STEP STEP STEP STEP STEP STEP STEP STEP STEP STEP
BEZIER</Name_array><technique_common><accessor source="#BatRig_Spine2-visibility-animation-interpolation-array" count="18"><param type="name"/></accessor></technique_common></source><sampler id="BatRig_Spine2-visibility-animation"><input semantic="INPUT" source="#BatRig_Spine2-visibility-animation-input"/><input semantic="OUTPUT" source="#BatRig_Spine2-visibility-animation-output"/><input semantic="IN_TANGENT" source="#BatRig_Spine2-visibility-animation-intan"/><input semantic="OUT_TANGENT" source="#BatRig_Spine2-visibility-animation-outtan"/><input semantic="INTERPOLATION" source="#BatRig_Spine2-visibility-animation-interpolation"/></sampler><channel source="#BatRig_Spine2-visibility-animation" target="BatRig_Spine2/visibility"/></animation></animation>
    <animation id="BatRig_Spine3-anim" name="BatRig_Spine3"><animation><source id="BatRig_Spine3-Matrix-animation-input"><float_array id="BatRig_Spine3-Matrix-animation-input-array" count="18">

0.000000 0.041667 0.083333 0.125000 0.166667 0.208333 0.250000 0.291667 0.333333 0.375000 0.416667 0.458333 0.500000 0.541667 0.583333 0.625000
0.666667 0.708333</float_array><technique_common><accessor source="#BatRig_Spine3-Matrix-animation-input-array" count="18"><param name="TIME" type="float"/></accessor></technique_common></source><source id="BatRig_Spine3-Matrix-animation-output-transform"><float_array id="BatRig_Spine3-Matrix-animation-output-transform-array" count="288">

0.996550 0.028183 0.078059 0.000001 -0.025657 0.999120 -0.033177 13.030716 -0.078925 0.031060 0.996397 -1.061704 0.000000 0.000000 0.000000 1.000000
0.996550 0.028183 0.078059 0.000001 -0.025657 0.999120 -0.033177 13.030716 -0.078925 0.031060 0.996397 -1.061704 0.000000 0.000000 0.000000 1.000000
0.999734 0.011761 0.019834 0.000001 -0.010642 0.998395 -0.055633 13.030716 -0.020456 0.055407 0.998254 -1.061704 0.000000 0.000000 0.000000 1.000000
0.999818 0.010119 0.016161 0.000001 -0.009221 0.998461 -0.054693 13.030716 -0.016690 0.054534 0.998372 -1.061704 0.000000 0.000000 0.000000 1.000000
0.999870 0.008840 0.013515 0.000001 -0.008122 0.998601 -0.052255 13.030716 -0.013958 0.052138 0.998542 -1.061704 0.000000 0.000000 0.000000 1.000000
0.999901 0.007879 0.011697 0.000001 -0.007301 0.998789 -0.048645 13.030716 -0.012066 0.048555 0.998748 -1.061704 0.000000 0.000000 0.000000 1.000000
0.999919 0.007190 0.010509 0.000001 -0.006719 0.999000 -0.044197 13.030716 -0.010816 0.044123 0.998968 -1.061704 0.000000 0.000000 0.000000 1.000000
0.999930 0.006729 0.009753 0.000001 -0.006341 0.999210 -0.039242 13.030716 -0.010009 0.039177 0.999182 -1.061704 0.000000 0.000000 0.000000 1.000000
0.999937 0.006448 0.009229 0.000001 -0.006130 0.999399 -0.034114 13.030716 -0.009443 0.034055 0.999375 -1.061704 0.000000 0.000000 0.000000 1.000000
0.999942 0.006304 0.008741 0.000001 -0.006047 0.999557 -0.029150 13.030716 -0.008921 0.029095 0.999537 -1.061704 0.000000 0.000000 0.000000 1.000000
0.999948 0.006251 0.008090 0.000001 -0.006050 0.999677 -0.024683 13.030716 -0.008242 0.024633 0.999663 -1.061704 0.000000 0.000000 0.000000 1.000000
0.999955 0.006243 0.007077 0.000001 -0.006093 0.999760 -0.021053 13.030716 -0.007207 0.021009 0.999753 -1.061704 0.000000 0.000000 0.000000 1.000000
0.999951 0.007967 0.005880 0.000001 -0.007858 0.999802 -0.018307 13.030716 -0.006025 0.018260 0.999815 -1.061704 0.000000 0.000000 0.000000 1.000000
0.999920 0.011756 0.004764 0.000001 -0.011678 0.999804 -0.015999 13.030716 -0.004951 0.015942 0.999861 -1.061704 0.000000 0.000000 0.000000 1.000000
0.999855 0.016617 0.003701 0.000001 -0.016564 0.999766 -0.013948 13.030716 -0.003932 0.013885 0.999896 -1.061704 0.000000 0.000000 0.000000 1.000000
0.999753 0.022051 0.002685 0.000001 -0.022017 0.999685 -0.012085 13.030716 -0.002951 0.012023 0.999923 -1.061704 0.000000 0.000000 0.000000 1.000000
0.999618 0.027589 0.001724 0.000001 -0.027570 0.999566 -0.010397 13.030716 -0.002010 0.010346 0.999944 -1.061704 0.000000 0.000000 0.000000 1.000000
