<?xml version="1.0" encoding="utf-8"?>
<COLLADA xmlns="http://www.collada.org/2005/11/COLLADASchema" version="1.4.1">
  <asset><contributor><author></author><authoring_tool>FBX COLLADA exporter</authoring_tool><comments></comments></contributor><created>2017-08-30T19:40:05Z</created><keywords></keywords><modified>2017-08-30T19:40:05Z</modified><revision></revision><subject></subject><title></title><unit meter="0.010000" name="centimeter"></unit><up_axis>Y_UP</up_axis></asset>
  <library_animations>
    <animation id="BatRig_Reference-anim" name="BatRig_Reference"><animation><source id="BatRig_Reference-Matrix-animation-input"><float_array id="BatRig_Reference-Matrix-animation-input-array" count="18">

0.000000 0.041667 0.083333 0.125000 0.166667 0.208333 0.250000 0.291667 0.333333 0.375000 0.416667 0.458333 0.500000 0.541667 0.583333 0.625000
0.666667 0.708333</float_array><technique_common><accessor source="#BatRig_Reference-Matrix-animation-input-array" count="18"><param name="TIME" type="float"/></accessor></technique_common></source><source id="BatRig_Reference-Matrix-animation-output-transform"><float_array id="BatRig_Reference-Matrix-animation-output-transform-array" count="288">

0.999989 0.000000 -0.004627 5.999911 0.000000 1.000000 0.000000 0.000000 0.004627 0.000000 0.999989 37.425938 0.000000 0.000000 0.000000 1.000000
0.999989 0.000000 -0.004627 5.999911 0.000000 1.000000 0.000000 0.000000 0.004627 0.000000 0.999989 37.425938 0.000000 0.000000 0.000000 1.000000
0.999842 0.000000 -0.017751 10.964972 0.000000 1.000000 0.000000 0.000000 0.017751 0.000000 0.999842 43.769096 0.000000 0.000000 0.000000 1.000000
0.999269 0.000000 -0.038233 16.922886 0.000000 1.000000 0.000000 0.000000 0.038233 0.000000 0.999269 49.736607 0.000000 0.000000 0.000000 1.000000
0.997890 0.000000 -0.064920 23.361382 0.000000 1.000000 0.000000 0.000000 0.064920 0.000000 0.997890 55.789352 0.000000 0.000000 0.000000 1.000000
0.995320 0.000000 -0.096634 27.455486 0.000000 1.000000 0.000000 0.000000 0.096634 0.000000 0.995320 59.845932 0.000000 0.000000 0.000000 1.000000
0.991225 0.000000 -0.132186 29.177338 0.000000 1.000000 0.000000 0.000000 0.132186 0.000000 0.991225 61.997540 0.000000 0.000000 0.000000 1.000000
0.985382 0.000000 -0.170360 30.420416 0.000000 1.000000 0.000000 0.000000 0.170360 0.000000 0.985382 63.797050 0.000000 0.000000 0.000000 1.000000
0.977715 0.000000 -0.209939 31.293760 0.000000 1.000000 0.000000 0.000000 0.209939 0.000000 0.977715 65.309502 0.000000 0.000000 0.000000 1.000000
0.968316 0.000000 -0.249729 31.906679 0.000000 1.000000 0.000000 0.000000 0.249729 0.000000 0.968316 66.600327 0.000000 0.000000 0.000000 1.000000
0.957462 0.000000 -0.288559 32.368191 0.000000 1.000000 0.000000 0.000000 0.288559 0.000000 0.957462 67.734558 0.000000 0.000000 0.000000 1.000000
0.945608 0.000000 -0.325309 32.787445 0.000000 1.000000 0.000000 0.000000 0.325309 0.000000 0.945608 68.777245 0.000000 0.000000 0.000000 1.000000
0.933362 0.000000 -0.358935 33.273762 0.000000 1.000000 0.000000 0.000000 0.358935 0.000000 0.933362 69.793709 0.000000 0.000000 0.000000 1.000000
0.921470 0.000000 -0.388450 33.936314 0.000000 1.000000 0.000000 0.000000 0.388450 0.000000 0.921470 70.849022 0.000000 0.000000 0.000000 1.000000
0.910762 0.000000 -0.412931 34.884228 0.000000 1.000000 0.000000 0.000000 0.412931 0.000000 0.910762 72.008217 0.000000 0.000000 0.000000 1.000000
0.902110 0.000000 -0.431505 36.652050 0.000000 1.000000 0.000000 0.000000 0.431505 0.000000 0.902110 73.119301 0.000000 0.000000 0.000000 1.000000
0.896369 0.000000 -0.443308 38.983990 0.000000 1.000000 0.000000 0.000000 0.443308 0.000000 0.896369 74.039474 0.000000 0.000000 0.000000 1.000000
0.896369 0.000000 -0.443308 38.983990 0.000000 1.000000 0.000000 0.000000 0.443308 0.000000 0.896369 74.039474 0.000000 0.000000 0.000000 1.000000</float_array><technique_common><accessor source="#BatRig_Reference-Matrix-animation-output-transform-array" count="18" stride="16"><param type="float4x4"/></accessor></technique_common></source><source id="BatRig_Reference-Interpolations"><Name_array id="BatRig_Reference-Interpolations-array" count="18">
 LINEAR LINEAR LINEAR LINEAR LINEAR LINEAR LINEAR LINEAR LINEAR LINEAR LINEAR
LINEAR LINEAR LINEAR LINEAR LINEAR LINEAR LINEAR</Name_array><technique_common><accessor source="#BatRig_Reference-Interpolations-array" count="18"><param type="name"/></accessor></technique_common></source><sampler id="BatRig_Reference-Matrix-animation-transform"><input semantic="INPUT" source="#BatRig_Reference-Matrix-animation-input"/><input semantic="OUTPUT" source="#BatRig_Reference-Matrix-animation-output-transform"/><input semantic="INTERPOLATION" source="#BatRig_Reference-Interpolations"/></sampler><channel source="#BatRig_Reference-Matrix-animation-transform" target="BatRig_Reference/matrix"/></animation><animation><source id="BatRig_Reference-visibility-animation-input"><float_array id="BatRig_Reference-visibility-animation-input-array" count="18">

0.000000 0.041667 0.083333 0.125000 0.166667 0.208333 0.250000 0.291667 0.333333 0.375000 0.416667 0.458333 0.500000 0.541667 0.583333 0.625000
0.666667 0.708333</float_array><technique_common><accessor source="#BatRig_Reference-visibility-animation-input-array" count="18"><param name="TIME" type="float"/></accessor></technique_common></source><source id="BatRig_Reference-visibility-animation-output"><float_array id="BatRig_Reference-visibility-animation-output-array" count="18">

1.000000 1.000000 1.000000 1.000000 1.000000 1.000000 1.000000 1.000000 1.000000 1.000000 1.000000 1.000000 1.000000 1.000000 1.000000 1.000000
1.000000 1.000000</float_array><technique_common><accessor source="#BatRig_Reference-visibility-animation-output-array" count="18"><param type="float"/></accessor></technique_common></source><source id="BatRig_Reference-visibility-animation-intan"><float_array id="BatRig_Reference-visibility-animation-intan-array" count="18">

0.000000 0.000000 0.000000 0.000000 0.000000 0.000000 0.000000 0.000000 0.000000 0.000000 0.000000 0.000000 0.000000 0.000000 0.000000 0.000000
0.000000 0.000000</float_array><technique_common><accessor source="#BatRig_Reference-visibility-animation-intan-array" count="18"><param type="float"/></accessor></technique_common></source><source id="BatRig_Reference-visibility-animation-outtan"><float_array id="BatRig_Reference-visibility-animation-outtan-array" count="18">

0.000000 0.000000 0.000000 0.000000 0.000000 0.000000 0.000000 0.000000 0.000000 0.000000 0.000000 0.000000 0.000000 0.000000 0.000000 0.000000
0.000000 0.000000</float_array><technique_common><accessor source="#BatRig_Reference-visibility-animation-outtan-array" count="18"><param type="float"/></accessor></technique_common></source><source id="BatRig_Reference-visibility-animation-interpolation"><Name_array id="BatRig_Reference-visibility-animation-interpolation-array" count="18">
 STEP STEP STEP STEP STEP STEP STEP STEP STEP STEP STEP STEP STEP STEP STEP STEP STEP
BEZIER</Name_array><technique_common><accessor source="#BatRig_Reference-visibility-animation-interpolation-array" count="18"><param type="name"/></accessor></technique_common></source><sampler id="BatRig_Reference-visibility-animation"><input semantic="INPUT" source="#BatRig_Reference-visibility-animation-input"/><input semantic="OUTPUT" source="#BatRig_Reference-visibility-animation-output"/><input semantic="IN_TANGENT" source="#BatRig_Reference-visibility-animation-intan"/><input semantic="OUT_TANGENT" source="#BatRig_Reference-visibility-animation-outtan"/><input semantic="INTERPOLATION" source="#BatRig_Reference-visibility-animation-interpolation"/></sampler><channel source="#BatRig_Reference-visibility-animation" target="BatRig_Reference/visibility"/></animation></animation>
    <animation id="BatRig_Hips-anim" name="BatRig_Hips"><animation><source id="BatRig_Hips-Matrix-animation-input"><float_array id="BatRig_Hips-Matrix-animation-input-array" count="18">

0.000000 0.041667 0.083333 0.125000 0.166667 0.208333 0.250000 0.291667 0.333333 0.375000 0.416667 0.458333 0.500000 0.541667 0.583333 0.625000
0.666667 0.708333</float_array><technique_common><accessor source="#BatRig_Hips-Matrix-animation-input-array" count="18"><param name="TIME" type="float"/></accessor></technique_common></source><source id="BatRig_Hips-Matrix-animation-output-transform"><float_array id="BatRig_Hips-Matrix-animation-output-transform-array" count="288">

0.582246 0.031727 0.812393 0.000000 0.084579 0.991453 -0.099339 79.437485 -0.808601 0.126551 0.574586 0.000000 0.000000 0.000000 0.000000 1.000000
0.582246 0.031727 0.812393 0.000000 0.084579 0.991453 -0.099339 79.437485 -0.808601 0.126551 0.574586 0.000000 0.000000 0.000000 0.000000 1.000000
0.587633 0.031782 0.808503 0.000000 0.061035 0.994640 -0.083460 79.074249 -0.806822 0.098391 0.582544 0.000000 0.000000 0.000000 0.000000 1.000000
0.581415 0.032601 0.812954 0.000000 0.057580 0.995043 -0.081083 78.655998 -0.811567 0.093953 0.576656 0.000000 0.000000 0.000000 0.000000 1.000000
0.573587 0.033538 0.818458 0.000000 0.059317 0.994838 -0.082335 78.219536 -0.816994 0.095775 0.568637 0.000000 0.000000 0.000000 0.000000 1.000000
0.579932 0.032855 0.814002 0.000000 0.061031 0.994626 -0.083626 78.017815 -0.812375 0.098177 0.574811 0.000000 0.000000 0.000000 0.000000 1.000000
0.569083 0.034233 0.821567 0.000000 0.060745 0.994653 -0.083522 78.053215 -0.820033 0.097437 0.563961 0.000000 0.000000 0.000000 0.000000 1.000000
0.560675 0.035366 0.827281 0.000000 0.060038 0.994722 -0.083214 78.150543 -0.825857 0.096324 0.555592 0.000000 0.000000 0.000000 0.000000 1.000000
0.554285 0.036249 0.831537 0.000000 0.059130 0.994812 -0.082781 78.296425 -0.830224 0.095053 0.549266 0.000000 0.000000 0.000000 0.000000 1.000000
0.549471 0.036895 0.834698 0.000000 0.058239 0.994903 -0.082314 78.477486 -0.833480 0.093841 0.544522 0.000000 0.000000 0.000000 0.000000 1.000000
0.545777 0.037345 0.837098 0.000000 0.057572 0.994974 -0.081925 78.680367 -0.835951 0.092906 0.540884 0.000000 0.000000 0.000000 0.000000 1.000000
0.542736 0.037661 0.839058 0.000000 0.057327 0.995003 -0.081742 78.891632 -0.837944 0.092465 0.537866 0.000000 0.000000 0.000000 0.000000 1.000000
0.539880 0.037916 0.840888 0.000000 0.057693 0.994969 -0.081905 79.097939 -0.839763 0.092732 0.534976 0.000000 0.000000 0.000000 0.000000 1.000000
0.536731 0.038201 0.842888 0.000000 0.058853 0.994846 -0.082564 79.285835 -0.841698 0.093921 0.531717 0.000000 0.000000 0.000000 0.000000 1.000000
0.532813 0.038607 0.845352 0.000000 0.060989 0.994609 -0.083864 79.441933 -0.844032 0.096241 0.527586 0.000000 0.000000 0.000000 0.000000 1.000000
0.547716 0.036815 0.835854 0.000000 0.075124 0.992832 -0.092956 79.540359 -0.833285 0.113706 0.541024 0.000000 0.000000 0.000000 0.000000 1.000000
0.549136 0.036738 0.834925 0.000000 0.094355 0.989920 -0.105616 79.600449 -0.830390 0.136777 0.540134 0.000000 0.000000 0.000000 0.000000 1.000000
0.549136 0.036738 0.834925 0.000000 0.094355 0.989920 -0.105616 79.600449 -0.830390 0.136777 0.540134 0.000000 0.000000 0.000000 0.000000 1.000000</float_array><technique_common><accessor source="#BatRig_Hips-Matrix-animation-output-transform-array" count="18" stride="16"><param type="float4x4"/></accessor></technique_common></source><source id="BatRig_Hips-Interpolations"><Name_array id="BatRig_Hips-Interpolations-array" count="18">
 LINEAR LINEAR LINEAR LINEAR LINEAR LINEAR LINEAR LINEAR LINEAR LINEAR LINEAR
LINEAR LINEAR LINEAR LINEAR LINEAR LINEAR LINEAR</Name_array><technique_common><accessor source="#BatRig_Hips-Interpolations-array" count="18"><param type="name"/></accessor></technique_common></source><sampler id="BatRig_Hips-Matrix-animation-transform"><input semantic="INPUT" source="#BatRig_Hips-Matrix-animation-input"/><input semantic="OUTPUT" source="#BatRig_Hips-Matrix-animation-output-transform"/><input semantic="INTERPOLATION" source="#BatRig_Hips-Interpolations"/></sampler><channel source="#BatRig_Hips-Matrix-animation-transform" target="BatRig_Hips/matrix"/></animation><animation><source id="BatRig_Hips-visibility-animation-input"><float_array id="BatRig_Hips-visibility-animation-input-array" count="18">

0.000000 0.041667 0.083333 0.125000 0.166667 0.208333 0.250000 0.291667 0.333333 0.375000 0.416667 0.458333 0.500000 0.541667 0.583333 0.625000
0.666667 0.708333</float_array><technique_common><accessor source="#BatRig_Hips-visibility-animation-input-array" count="18"><param name="TIME" type="float"/></accessor></technique_common></source><source id="BatRig_Hips-visibility-animation-output"><float_array id="BatRig_Hips-visibility-animation-output-array" count="18">

1.000000 1.000000 1.000000 1.000000 1.000000 1.000000 1.000000 1.000000 1.000000 1.000000 1.000000 1.000000 1.000000 1.000000 1.000000 1.000000
1.000000 1.000000</float_array><technique_common><accessor source="#BatRig_Hips-visibility-animation-output-array" count="18"><param type="float"/></accessor></technique_common></source><source id="BatRig_Hips-visibility-animation-intan"><float_array id="BatRig_Hips-visibility-animation-intan-array" count="18">

0.000000 0.000000 0.000000 0.000000 0.000000 0.000000 0.000000 0.000000 0.000000 0.000000 0.000000 0.000000 0.000000 0.000000 0.000000 0.000000
0.000000 0.000000</float_array><technique_common><accessor source="#BatRig_Hips-visibility-animation-intan-array" count="18"><param type="float"/></accessor></technique_common></source><source id="BatRig_Hips-visibility-animation-outtan"><float_array id="BatRig_Hips-visibility-animation-outtan-array" count="18">

0.000000 0.000000 0.000000 0.000000 0.000000 0.000000 0.000000 0.000000 0.000000 0.000000 0.000000 0.000000 0.000000 0.000000 0.000000 0.000000
0.000000 0.000000</float_array><technique_common><accessor source="#BatRig_Hips-visibility-animation-outtan-array" count="18"><param type="float"/></accessor></technique_common></source><source id="BatRig_Hips-visibility-animation-interpolation"><Name_array id="BatRig_Hips-visibility-animation-interpolation-array" count="18">
 STEP STEP STEP STEP STEP STEP STEP STEP STEP STEP STEP STEP STEP STEP STEP STEP STEP
BEZIER</Name_array><technique_common><accessor source="#BatRig_Hips-visibility-animation-interpolation-array" count="18"><param type="name"/></accessor></technique_common></source><sampler id="BatRig_Hips-visibility-animation"><input semantic="INPUT" source="#BatRig_Hips-visibility-animation-input"/><input semantic="OUTPUT" source="#BatRig_Hips-visibility-animation-output"/><input semantic="IN_TANGENT" source="#BatRig_Hips-visibility-animation-intan"/><input semantic="OUT_TANGENT" source="#BatRig_Hips-visibility-animation-outtan"/><input semantic="INTERPOLATION" source="#BatRig_Hips-visibility-animation-interpolation"/></sampler><channel source="#BatRig_Hips-visibility-animation" target="BatRig_Hips/visibility"/></animation></animation>
    <animation id="BatRig_Spine-anim" name="BatRig_Spine"><animation><source id="BatRig_Spine-Matrix-animation-input"><float_array id="BatRig_Spine-Matrix-animation-input-array" count="18">

0.000000 0.041667 0.083333 0.125000 0.166667 0.208333 0.250000 0.291667 0.333333 0.375000 0.416667 0.458333 0.500000 0.541667 0.583333 0.625000
0.666667 0.708333</float_array><technique_common><accessor source="#BatRig_Spine-Matrix-animation-input-array" count="18"><param name="TIME" type="float"/></accessor></technique_common></source><source id="BatRig_Spine-Matrix-animation-output-transform"><float_array id="BatRig_Spine-Matrix-animation-output-transform-array" count="288">

0.998989 0.031129 -0.032418 -0.000001 -0.030622 0.999402 0.016030 3.725677 0.032898 -0.015021 0.999346 0.000001 0.000000 0.000000 0.000000 1.000000
0.998989 0.031129 -0.032418 -0.000001 -0.030622 0.999402 0.016030 3.725677 0.032898 -0.015021 0.999346 0.000001 0.000000 0.000000 0.000000 1.000000
0.998592 0.038625 -0.036360 -0.000001 -0.037755 0.998991 0.024315 3.725677 0.037262 -0.022908 0.999043 0.000001 0.000000 0.000000 0.000000 1.000000
0.998176 0.044650 -0.040636 -0.000001 -0.043361 0.998544 0.032075 3.725677 0.042009 -0.030254 0.998659 0.000001 0.000000 0.000000 0.000000 1.000000
0.997781 0.049029 -0.045043 -0.000001 -0.047320 0.998147 0.038248 3.725677 0.046835 -0.036032 0.998253 0.000001 0.000000 0.000000 0.000000 1.000000
0.997478 0.050915 -0.049453 -0.000001 -0.048898 0.997955 0.041171 3.725677 0.051448 -0.038649 0.997928 0.000001 0.000000 0.000000 0.000000 1.000000
0.997299 0.050898 -0.052952 -0.000001 -0.048762 0.997973 0.040887 3.725677 0.054926 -0.038194 0.997760 0.000001 0.000000 0.000000 0.000000 1.000000
0.997184 0.050784 -0.055173 -0.000001 -0.048627 0.998025 0.039767 3.725677 0.057084 -0.036972 0.997685 0.000001 0.000000 0.000000 0.000000 1.000000
0.997110 0.050473 -0.056789 -0.000001 -0.048356 0.998105 0.038060 3.725677 0.058602 -0.035204 0.997661 0.000001 0.000000 0.000000 0.000000 1.000000
0.997044 0.049868 -0.058453 -0.000001 -0.047815 0.998207 0.036009 3.725677 0.060144 -0.033108 0.997640 0.000001 0.000000 0.000000 0.000000 1.000000
0.996951 0.048869 -0.060832 -0.000001 -0.046871 0.998327 0.033858 3.725677 0.062385 -0.030903 0.997574 0.000001 0.000000 0.000000 0.000000 1.000000
0.996787 0.047381 -0.064586 -0.000001 -0.045397 0.998461 0.031842 3.725677 0.065995 -0.028808 0.997404 0.000001 0.000000 0.000000 0.000000 1.000000
0.996491 0.045303 -0.070374 -0.000001 -0.043267 0.998607 0.030192 3.725677 0.071644 -0.027041 0.997064 0.000001 0.000000 0.000000 0.000000 1.000000
0.995978 0.042537 -0.078863 -0.000001 -0.040350 0.998761 0.029121 3.725677 0.080004 -0.025822 0.996460 0.000001 0.000000 0.000000 0.000000 1.000000
0.995115 0.038985 -0.090701 -0.000001 -0.036507 0.998918 0.028821 3.725677 0.091726 -0.025369 0.995461 0.000001 0.000000 0.000000 0.000000 1.000000
0.985697 0.025531 -0.166584 -0.000001 -0.020013 0.999197 0.034718 3.725677 0.167337 -0.030888 0.985416 0.000001 0.000000 0.000000 0.000000 1.000000
0.954609 0.003825 -0.297836 -0.000001 0.008738 0.999128 0.040837 3.725677 0.297732 -0.041586 0.953743 0.000001 0.000000 0.000000 0.000000 1.000000
0.954609 0.003825 -0.297836 -0.000001 0.008738 0.999128 0.040837 3.725677 0.297732 -0.041586 0.953743 0.000001 0.000000 0.000000 0.000000 1.000000</float_array><technique_common><accessor source="#BatRig_Spine-Matrix-animation-output-transform-array" count="18" stride="16"><param type="float4x4"/></accessor></technique_common></source><source id="BatRig_Spine-Interpolations"><Name_array id="BatRig_Spine-Interpolations-array" count="18">
 LINEAR LINEAR LINEAR LINEAR LINEAR LINEAR LINEAR LINEAR LINEAR LINEAR LINEAR
LINEAR LINEAR LINEAR LINEAR LINEAR LINEAR LINEAR</Name_array><technique_common><accessor source="#BatRig_Spine-Interpolations-array" count="18"><param type="name"/></accessor></technique_common></source><sampler id="BatRig_Spine-Matrix-animation-transform"><input semantic="INPUT" source="#BatRig_Spine-Matrix-animation-input"/><input semantic="OUTPUT" source="#BatRig_Spine-Matrix-animation-output-transform"/><input semantic="INTERPOLATION" source="#BatRig_Spine-Interpolations"/></sampler><channel source="#BatRig_Spine-Matrix-animation-transform" target="BatRig_Spine/matrix"/></animation><animation><source id="BatRig_Spine-visibility-animation-input"><float_array id="BatRig_Spine-visibility-animation-input-array" count="18">

0.000000 0.041667 0.083333 0.125000 0.166667 0.208333 0.250000 0.291667 0.333333 0.375000 0.416667 0.458333 0.500000 0.541667 0.583333 0.625000
0.666667 0.708333</float_array><technique_common><accessor source="#BatRig_Spine-visibility-animation-input-array" count="18"><param name="TIME" type="float"/></accessor></technique_common></source><source id="BatRig_Spine-visibility-animation-output"><float_array id="BatRig_Spine-visibility-animation-output-array" count="18">

1.000000 1.000000 1.000000 1.000000 1.000000 1.000000 1.000000 1.000000 1.000000 1.000000 1.000000 1.000000 1.000000 1.000000 1.000000 1.000000
1.000000 1.000000</float_array><technique_common><accessor source="#BatRig_Spine-visibility-animation-output-array" count="18"><param type="float"/></accessor></technique_common></source><source id="BatRig_Spine-visibility-animation-intan"><float_array id="BatRig_Spine-visibility-animation-intan-array" count="18">

0.000000 0.000000 0.000000 0.000000 0.000000 0.000000 0.000000 0.000000 0.000000 0.000000 0.000000 0.000000 0.000000 0.000000 0.000000 0.000000
0.000000 0.000000</float_array><technique_common><accessor source="#BatRig_Spine-visibility-animation-intan-array" count="18"><param type="float"/></accessor></technique_common></source><source id="BatRig_Spine-visibility-animation-outtan"><float_array id="BatRig_Spine-visibility-animation-outtan-array" count="18">

0.000000 0.000000 0.000000 0.000000 0.000000 0.000000 0.000000 0.000000 0.000000 0.000000 0.000000 0.000000 0.000000 0.000000 0.000000 0.000000
0.000000 0.000000</float_array><technique_common><accessor source="#BatRig_Spine-visibility-animation-outtan-array" count="18"><param type="float"/></accessor></technique_common></source><source id="BatRig_Spine-visibility-animation-interpolation"><Name_array id="BatRig_Spine-visibility-animation-interpolation-array" count="18">
 STEP STEP STEP STEP STEP STEP STEP STEP STEP STEP STEP STEP STEP STEP STEP STEP STEP
BEZIER</Name_array><technique_common><accessor source="#BatRig_Spine-visibility-animation-interpolation-array" count="18"><param type="name"/></accessor></technique_common></source><sampler id="BatRig_Spine-visibility-animation"><input semantic="INPUT" source="#BatRig_Spine-visibility-animation-input"/><input semantic="OUTPUT" source="#BatRig_Spine-visibility-animation-output"/><input semantic="IN_TANGENT" source="#BatRig_Spine-visibility-animation-intan"/><input semantic="OUT_TANGENT" source="#BatRig_Spine-visibility-animation-outtan"/><input semantic="INTERPOLATION" source="#BatRig_Spine-visibility-animation-interpolation"/></sampler><channel source="#BatRig_Spine-visibility-animation" target="BatRig_Spine/visibility"/></animation></animation>
    <animation id="BatRig_Spine1-anim" name="BatRig_Spine1"><animation><source id="BatRig_Spine1-Matrix-animation-input"><float_array id="BatRig_Spine1-Matrix-animation-input-array" count="18">

0.000000 0.041667 0.083333 0.125000 0.166667 0.208333 0.250000 0.291667 0.333333 0.375000 0.416667 0.458333 0.500000 0.541667 0.583333 0.625000
0.666667 0.708333</float_array><technique_common><accessor source="#BatRig_Spine1-Matrix-animation-input-array" count="18"><param name="TIME" type="float"/></accessor></technique_common></source><source id="BatRig_Spine1-Matrix-animation-output-transform"><float_array id="BatRig_Spine1-Matrix-animation-output-transform-array" count="288">

0.999740 0.022807 0.000364 0.000002 -0.022802 0.999685 -0.010463 10.999832 -0.000603 0.010452 0.999945 -0.000003 0.000000 0.000000 0.000000 1.000000
0.999740 0.022807 0.000364 0.000002 -0.022802 0.999685 -0.010463 10.999832 -0.000603 0.010452 0.999945 -0.000003 0.000000 0.000000 0.000000 1.000000
0.999863 0.016431 0.002013 0.000002 -0.016404 0.999786 -0.012612 10.999832 -0.002220 0.012577 0.999918 -0.000003 0.000000 0.000000 0.000000 1.000000
0.999930 0.011250 0.003697 0.000002 -0.011193 0.999824 -0.015048 10.999832 -0.003866 0.015006 0.999880 -0.000003 0.000000 0.000000 0.000000 1.000000
0.999958 0.007459 0.005351 0.000002 -0.007363 0.999816 -0.017734 10.999832 -0.005482 0.017694 0.999828 -0.000003 0.000000 0.000000 0.000000 1.000000
0.999959 0.005818 0.006899 0.000002 -0.005674 0.999769 -0.020747 10.999832 -0.007018 0.020707 0.999761 -0.000003 0.000000 0.000000 0.000000 1.000000
0.999951 0.005827 0.008063 0.000002 -0.005628 0.999685 -0.024469 10.999832 -0.008203 0.024422 0.999668 -0.000003 0.000000 0.000000 0.000000 1.000000
0.999944 0.005886 0.008791 0.000002 -0.005629 0.999566 -0.028931 10.999832 -0.008957 0.028880 0.999543 -0.000003 0.000000 0.000000 0.000000 1.000000
0.999939 0.006044 0.009293 0.000002 -0.005727 0.999412 -0.033820 10.999832 -0.009492 0.033765 0.999385 -0.000003 0.000000 0.000000 0.000000 1.000000
0.999932 0.006353 0.009780 0.000002 -0.005969 0.999228 -0.038822 10.999832 -0.010019 0.038761 0.999198 -0.000003 0.000000 0.000000 0.000000 1.000000
0.999922 0.006863 0.010459 0.000002 -0.006401 0.999027 -0.043625 10.999832 -0.010748 0.043555 0.998993 -0.000003 0.000000 0.000000 0.000000 1.000000
0.999904 0.007624 0.011541 0.000002 -0.007063 0.998826 -0.047916 10.999832 -0.011893 0.047830 0.998785 -0.000003 0.000000 0.000000 0.000000 1.000000
0.999875 0.008686 0.013236 0.000002 -0.007995 0.998647 -0.051384 10.999832 -0.013664 0.051272 0.998591 -0.000003 0.000000 0.000000 0.000000 1.000000
0.999825 0.010099 0.015752 0.000002 -0.009239 0.998513 -0.053723 10.999832 -0.016271 0.053568 0.998432 -0.000003 0.000000 0.000000 0.000000 1.000000
0.999743 0.011912 0.019299 0.000002 -0.010842 0.998448 -0.054625 10.999832 -0.019920 0.054402 0.998320 -0.000003 0.000000 0.000000 0.000000 1.000000
0.998796 0.020774 0.044432 0.000002 -0.018674 0.998713 -0.047164 10.999832 -0.045355 0.046278 0.997898 -0.000003 0.000000 0.000000 0.000000 1.000000
0.995389 0.035568 0.089078 0.000002 -0.032689 0.998901 -0.033575 10.999832 -0.090174 0.030508 0.995459 -0.000003 0.000000 0.000000 0.000000 1.000000
0.995389 0.035568 0.089078 0.000002 -0.032689 0.998901 -0.033575 10.999832 -0.090174 0.030508 0.995459 -0.000003 0.000000 0.000000 0.000000 1.000000</float_array><technique_common><accessor source="#BatRig_Spine1-Matrix-animation-output-transform-array" count="18" stride="16"><param type="float4x4"/></accessor></technique_common></source><source id="BatRig_Spine1-Interpolations"><Name_array id="BatRig_Spine1-Interpolations-array" count="18">
 LINEAR LINEAR LINEAR LINEAR LINEAR LINEAR LINEAR LINEAR LINEAR LINEAR LINEAR
LINEAR LINEAR LINEAR LINEAR LINEAR LINEAR LINEAR</Name_array><technique_common><accessor source="#BatRig_Spine1-Interpolations-array" count="18"><param type="name"/></accessor></technique_common></source><sampler id="BatRig_Spine1-Matrix-animation-transform"><input semantic="INPUT" source="#BatRig_Spine1-Matrix-animation-input"/><input semantic="OUTPUT" source="#BatRig_Spine1-Matrix-animation-output-transform"/><input semantic="INTERPOLATION" source="#BatRig_Spine1-Interpolations"/></sampler><channel source="#BatRig_Spine1-Matrix-animation-transform" target="BatRig_Spine1/matrix"/></animation><animation><source id="BatRig_Spine1-visibility-animation-input"><float_array id="BatRig_Spine1-visibility-animation-input-array" count="18">

0.000000 0.041667 0.083333 0.125000 0.166667 0.208333 0.250000 0.291667 0.333333 0.375000 0.416667 0.458333 0.500000 0.541667 0.583333 0.625000
0.666667 0.708333</float_array><technique_common><accessor source="#BatRig_Spine1-visibility-animation-input-array" count="18"><param name="TIME" type="float"/></accessor></technique_common></source><source id="BatRig_Spine1-visibility-animation-output"><float_array id="BatRig_Spine1-visibility-animation-output-array" count="18">

1.000000 1.000000 1.000000 1.000000 1.000000 1.000000 1.000000 1.000000 1.000000 1.000000 1.000000 1.000000 1.000000 1.000000 1.000000 1.000000
1.000000 1.000000</float_array><technique_common><accessor source="#BatRig_Spine1-visibility-animation-output-array" count="18"><param type="float"/></accessor></technique_common></source><source id="BatRig_Spine1-visibility-animation-intan"><float_array id="BatRig_Spine1-visibility-animation-intan-array" count="18">

0.000000 0.000000 0.000000 0.000000 0.000000 0.000000 0.000000 0.000000 0.000000 0.000000 0.000000 0.000000 0.000000 0.000000 0.000000 0.000000
0.000000 0.000000</float_array><technique_common><accessor source="#BatRig_Spine1-visibility-animation-intan-array" count="18"><param type="float"/></accessor></technique_common></source><source id="BatRig_Spine1-visibility-animation-outtan"><float_array id="BatRig_Spine1-visibility-animation-outtan-array" count="18">

0.000000 0.000000 0.000000 0.000000 0.000000 0.000000 0.000000 0.000000 0.000000 0.000000 0.000000 0.000000 0.000000 0.000000 0.000000 0.000000
0.000000 0.000000</float_array><technique_common><accessor source="#BatRig_Spine1-visibility-animation-outtan-array" count="18"><param type="float"/></accessor></technique_common></source><source id="BatRig_Spine1-visibility-animation-interpolation"><Name_array id="BatRig_Spine1-visibility-animation-interpolation-array" count="18">
 STEP STEP STEP STEP STEP STEP STEP STEP STEP STEP STEP STEP STEP STEP STEP STEP STEP
BEZIER</Name_array><technique_common><accessor source="#BatRig_Spine1-visibility-animation-interpolation-array" count="18"><param type="name"/></accessor></technique_common></source><sampler id="BatRig_Spine1-visibility-animation"><input semantic="INPUT" source="#BatRig_Spine1-visibility-animation-input"/><input semantic="OUTPUT" source="#BatRig_Spine1-visibility-animation-output"/><input semantic="IN_TANGENT" source="#BatRig_Spine1-visibility-animation-intan"/><input semantic="OUT_TANGENT" source="#BatRig_Spine1-visibility-animation-outtan"/><input semantic="INTERPOLATION" source="#BatRig_Spine1-visibility-animation-interpolation"/></sampler><channel source="#BatRig_Spine1-visibility-animation" target="BatRig_Spine1/visibility"/></animation></animation>
    <animation id="BatRig_Spine2-anim" name="BatRig_Spine2"><animation><source id="BatRig_Spine2-Matrix-animation-input"><float_array id="BatRig_Spine2-Matrix-animation-input-array" count="18">

0.000000 0.041667 0.083333 0.125000 0.166667 0.208333 0.250000 0.291667 0.333333 0.375000 0.416667 0.458333 0.500000 0.541667 0.583333 0.625000
0.666667 0.708333</float_array><technique_common><accessor source="#BatRig_Spine2-Matrix-animation-input-array" count="18"><param name="TIME" type="float"/></accessor></technique_common></source><source id="BatRig_Spine2-Matrix-animation-output-transform"><float_array id="BatRig_Spine2-Matrix-animation-output-transform-array" count="288">

0.999739 0.022825 0.001155 0.000000 -0.022812 0.999685 -0.010480 11.776703 -0.001394 0.010451 0.999944 0.000004 0.000000 0.000000 0.000000 1.000000
0.999739 0.022825 0.001155 0.000000 -0.022812 0.999685 -0.010480 11.776703 -0.001394 0.010451 0.999944 0.000004 0.000000 0.000000 0.000000 1.000000
0.999861 0.016476 0.002625 0.000000 -0.016441 0.999785 -0.012664 11.776703 -0.002833 0.012619 0.999916 0.000004 0.000000 0.000000 0.000000 1.000000
0.999927 0.011336 0.004134 0.000000 -0.011272 0.999822 -0.015146 11.776703 -0.004305 0.015098 0.999877 0.000004 0.000000 0.000000 0.000000 1.000000
0.999955 0.007603 0.005614 0.000000 -0.007502 0.999812 -0.017882 11.776703 -0.005749 0.017839 0.999824 0.000004 0.000000 0.000000 0.000000 1.000000
0.999957 0.006047 0.006990 0.000000 -0.005899 0.999763 -0.020944 11.776703 -0.007115 0.020902 0.999756 0.000004 0.000000 0.000000 0.000000 1.000000
0.999949 0.006138 0.008018 0.000000 -0.005938 0.999677 -0.024718 11.776703 -0.008167 0.024669 0.999662 0.000004 0.000000 0.000000 0.000000 1.000000
0.999943 0.006237 0.008676 -0.000000 -0.005981 0.999555 -0.029239 11.776703 -0.008854 0.029185 0.999535 0.000004 0.000000 0.000000 0.000000 1.000000
0.999938 0.006402 0.009161 -0.000000 -0.006085 0.999397 -0.034189 11.776703 -0.009374 0.034131 0.999373 0.000004 0.000000 0.000000 0.000000 1.000000
0.999931 0.006688 0.009672 0.000000 -0.006303 0.999209 -0.039253 11.776703 -0.009927 0.039189 0.999183 0.000004 0.000000 0.000000 0.000000 1.000000
0.999920 0.007150 0.010407 -0.000000 -0.006684 0.999004 -0.044112 11.776703 -0.010712 0.044039 0.998972 0.000004 0.000000 0.000000 0.000000 1.000000
0.999902 0.007844 0.011565 0.000000 -0.007275 0.998799 -0.048453 11.776703 -0.011931 0.048364 0.998759 0.000004 0.000000 0.000000 0.000000 1.000000
0.999872 0.008825 0.013343 0.000000 -0.008121 0.998616 -0.051960 11.776703 -0.013783 0.051845 0.998560 0.000004 0.000000 0.000000 0.000000 1.000000
0.999821 0.010152 0.015939 0.000000 -0.009272 0.998480 -0.054322 11.776703 -0.016466 0.054165 0.998396 0.000004 0.000000 0.000000 0.000000 1.000000
0.999738 0.011876 0.019551 -0.000000 -0.010780 0.998415 -0.055230 11.776703 -0.020176 0.055005 0.998282 0.000004 0.000000 0.000000 0.000000 1.000000
0.998773 0.020911 0.044902 0.000000 -0.018803 0.998725 -0.046856 11.776703 -0.045825 0.045954 0.997892 0.000004 0.000000 0.000000 0.000000 1.000000
0.995295 0.036118 0.089912 0.000000 -0.033412 0.998948 -0.031425 11.776703 -0.090952 0.028273 0.995454 0.000004 0.000000 0.000000 0.000000 1.000000
0.995295 0.036118 0.089912 0.000000 -0.033412 0.998948 -0.031425 11.776703 -0.090952 0.028273 0.995454 0.000004 0.000000 0.000000 0.000000 1.000000</float_array><technique_common><accessor source="#BatRig_Spine2-Matrix-animation-output-transform-array" count="18" stride="16"><param type="float4x4"/></accessor></technique_common></source><source id="BatRig_Spine2-Interpolations"><Name_array id="BatRig_Spine2-Interpolations-array" count="18">
 LINEAR LINEAR LINEAR LINEAR LINEAR LINEAR LINEAR LINEAR LINEAR LINEAR LINEAR
LINEAR LINEAR LINEAR LINEAR LINEAR LINEAR LINEAR</Name_array><technique_common><accessor source="#BatRig_Spine2-Interpolations-array" count="18"><param type="name"/></accessor></technique_common></source><sampler id="BatRig_Spine2-Matrix-animation-transform"><input semantic="INPUT" source="#BatRig_Spine2-Matrix-animation-input"/><input semantic="OUTPUT" source="#BatRig_Spine2-Matrix-animation-output-transform"/><input semantic="INTERPOLATION" source="#BatRig_Spine2-Interpolations"/></sampler><channel source="#BatRig_Spine2-Matrix-animation-transform" target="BatRig_Spine2/matrix"/></animation><animation><source id="BatRig_Spine2-visibility-animation-input"><float_array id="BatRig_Spine2-visibility-animation-input-array" count="18">

0.000000 0.041667 0.083333 0.125000 0.166667 0.208333 0.250000 0.291667 0.333333 0.375000 0.416667 0.458333 0.500000 0.541667 0.583333 0.625000
0.666667 0.708333</float_array><technique_common><accessor source="#BatRig_Spine2-visibility-animation-input-array" count="18"><param name="TIME" type="float"/></accessor></technique_common></source><source id="BatRig_Spine2-visibility-animation-output"><float_array id="BatRig_Spine2-visibility-animation-output-array" count="18">

1.000000 1.000000 1.000000 1.000000 1.000000 1.000000 1.000000 1.000000 1.000000 1.000000 1.000000 1.000000 1.000000 1.000000 1.000000 1.000000
1.000000 1.000000</float_array><technique_common><accessor source="#BatRig_Spine2-visibility-animation-output-array" count="18"><param type="float"/></accessor></technique_common></source><source id="BatRig_Spine2-visibility-animation-intan"><float_array id="BatRig_Spine2-visibility-animation-intan-array" count="18">

0.000000 0.000000 0.000000 0.000000 0.000000 0.000000 0.000000 0.000000 0.000000 0.000000 0.000000 0.000000 0.000000 0.000000 0.000000 0.000000
0.000000 0.000000</float_array><technique_common><accessor source="#BatRig_Spine2-visibility-animation-intan-array" count="18"><param type="float"/></accessor></technique_common></source><source id="BatRig_Spine2-visibility-animation-outtan"><float_array id="BatRig_Spine2-visibility-animation-outtan-array" count="18">

0.000000 0.000000 0.000000 0.000000 0.000000 0.000000 0.000000 0.000000 0.000000 0.000000 0.000000 0.000000 0.000000 0.000000 0.000000 0.000000
0.000000 0.000000</float_array><technique_common><accessor source="#BatRig_Spine2-visibility-animation-outtan-array" count="18"><param type="float"/></accessor></technique_common></source><source id="BatRig_Spine2-visibility-animation-interpolation"><Name_array id="BatRig_Spine2-visibility-animation-interpolation-array" count="18">
 STEP STEP STEP STEP STEP STEP STEP STEP STEP STEP STEP STEP STEP STEP STEP STEP STEP
BEZIER</Name_array><technique_common><accessor source="#BatRig_Spine2-visibility-animation-interpolation-array" count="18"><param type="name"/></accessor></technique_common></source><sampler id="BatRig_Spine2-visibility-animation"><input semantic="INPUT" source="#BatRig_Spine2-visibility-animation-input"/><input semantic="OUTPUT" source="#BatRig_Spine2-visibility-animation-output"/><input semantic="IN_TANGENT" source="#BatRig_Spine2-visibility-animation-intan"/><input semantic="OUT_TANGENT" source="#BatRig_Spine2-visibility-animation-outtan"/><input semantic="INTERPOLATION" source="#BatRig_Spine2-visibility-animation-interpolation"/></sampler><channel source="#BatRig_Spine2-visibility-animation" target="BatRig_Spine2/visibility"/></animation></animation>
    <animation id="BatRig_Spine3-anim" name="BatRig_Spine3"><animation><source id="BatRig_Spine3-Matrix-animation-input"><float_array id="BatRig_Spine3-Matrix-animation-input-array" count="18">

0.000000 0.041667 0.083333 0.125000 0.166667 0.208333 0.250000 0.291667 0.333333 0.375000 0.416667 0.458333 0.500000 0.541667 0.583333 0.625000
0.666667 0.708333</float_array><technique_common><accessor source="#BatRig_Spine3-Matrix-animation-input-array" count="18"><param name="TIME" type="float"/></accessor></technique_common></source><source id="BatRig_Spine3-Matrix-animation-output-transform"><float_array id="BatRig_Spine3-Matrix-animation-output-transform-array" count="288">

0.999737 0.022876 0.001771 0.000001 -0.022856 0.999684 -0.010501 13.030716 -0.002011 0.010458 0.999943 -1.061704 0.000000 0.000000 0.000000 1.000000
0.999737 0.022876 0.001771 0.000001 -0.022856 0.999684 -0.010501 13.030716 -0.002011 0.010458 0.999943 -1.061704 0.000000 0.000000 0.000000 1.000000
0.999857 0.016615 0.003002 0.000001 -0.016576 0.999782 -0.012703 13.030716 -0.003212 0.012651 0.999915 -1.061704 0.000000 0.000000 0.000000 1.000000
0.999924 0.011544 0.004335 0.000001 -0.011477 0.999818 -0.015207 13.030716 -0.004510 0.015156 0.999875 -1.061704 0.000000 0.000000 0.000000 1.000000
0.999953 0.007843 0.005708 0.000001 -0.007739 0.999809 -0.017966 13.030716 -0.005848 0.017921 0.999822 -1.061704 0.000000 0.000000 0.000000 1.000000
0.999955 0.006243 0.007077 0.000001 -0.006093 0.999760 -0.021053 13.030716 -0.007207 0.021009 0.999753 -1.061704 0.000000 0.000000 0.000000 1.000000
0.999947 0.006252 0.008161 0.000001 -0.006047 0.999673 -0.024859 13.030716 -0.008314 0.024808 0.999658 -1.061704 0.000000 0.000000 0.000000 1.000000
0.999941 0.006305 0.008850 0.000001 -0.006042 0.999549 -0.029417 13.030716 -0.009031 0.029362 0.999528 -1.061704 0.000000 0.000000 0.000000 1.000000
0.999936 0.006448 0.009349 0.000001 -0.006123 0.999389 -0.034408 13.030716 -0.009565 0.034349 0.999364 -1.061704 0.000000 0.000000 0.000000 1.000000
0.999929 0.006729 0.009863 0.000001 -0.006334 0.999199 -0.039514 13.030716 -0.010121 0.039449 0.999170 -1.061704 0.000000 0.000000 0.000000 1.000000
0.999918 0.007190 0.010597 0.000001 -0.006713 0.998991 -0.044416 13.030716 -0.010906 0.044341 0.998957 -1.061704 0.000000 0.000000 0.000000 1.000000
0.999900 0.007879 0.011757 0.000001 -0.007296 0.998782 -0.048793 13.030716 -0.012127 0.048702 0.998740 -1.061704 0.000000 0.000000 0.000000 1.000000
0.999869 0.008840 0.013546 0.000001 -0.008120 0.998597 -0.052331 13.030716 -0.013990 0.052214 0.998538 -1.061704 0.000000 0.000000 0.000000 1.000000
0.999818 0.010119 0.016170 0.000001 -0.009220 0.998459 -0.054715 13.030716 -0.016699 0.054556 0.998371 -1.061704 0.000000 0.000000 0.000000 1.000000
0.999734 0.011761 0.019834 0.000001 -0.010642 0.998395 -0.055633 13.030716 -0.020456 0.055407 0.998254 -1.061704 0.000000 0.000000 0.000000 1.000000
0.998749 0.020959 0.045402 0.000001 -0.018857 0.998753 -0.046236 13.030716 -0.046314 0.045322 0.997898 -1.061704 0.000000 0.000000 0.000000 1.000000
0.995203 0.036588 0.090737 0.000001 -0.034086 0.998999 -0.028977 13.030716 -0.091706 0.025745 0.995453 -1.061704 0.000000 0.000000 0.000000 1.000000
