<?xml version="1.0" encoding="utf-8"?>
<COLLADA xmlns="http://www.collada.org/2005/11/COLLADASchema" version="1.4.1">
  <asset><contributor><author></author><authoring_tool>FBX COLLADA exporter</authoring_tool><comments></comments></contributor><created>2017-08-30T19:41:42Z</created><keywords></keywords><modified>2017-08-30T19:41:42Z</modified><revision></revision><subject></subject><title></title><unit meter="0.010000" name="centimeter"></unit><up_axis>Y_UP</up_axis></asset>
  <library_animations>
    <animation id="BatRig_Reference-anim" name="BatRig_Reference"><animation><source id="BatRig_Reference-Matrix-animation-input"><float_array id="BatRig_Reference-Matrix-animation-input-array" count="18">

0.000000 0.041667 0.083333 0.125000 0.166667 0.208333 0.250000 0.291667 0.333333 0.375000 0.416667 0.458333 0.500000 0.541667 0.583333 0.625000
0.666667 0.708333</float_array><technique_common><accessor source="#BatRig_Reference-Matrix-animation-input-array" count="18"><param name="TIME" type="float"/></accessor></technique_common></source><source id="BatRig_Reference-Matrix-animation-output-transform"><float_array id="BatRig_Reference-Matrix-animation-output-transform-array" count="288">

0.999990 0.000000 0.004581 -4.879098 0.000000 1.000000 0.000000 0.000000 -0.004581 0.000000 0.999990 35.086250 0.000000 0.000000 0.000000 1.000000
0.999990 0.000000 0.004581 -4.879098 0.000000 1.000000 0.000000 0.000000 -0.004581 0.000000 0.999990 35.086250 0.000000 0.000000 0.000000 1.000000
0.999845 0.000000 0.017594 -13.208365 0.000000 1.000000 0.000000 0.000000 -0.017594 0.000000 0.999845 39.783047 0.000000 0.000000 0.000000 1.000000
0.999280 0.000000 0.037934 -12.947573 0.000000 1.000000 0.000000 0.000000 -0.037934 0.000000 0.999280 49.446476 0.000000 0.000000 0.000000 1.000000
0.997919 0.000000 0.064487 -12.335742 0.000000 1.000000 0.000000 0.000000 -0.064487 0.000000 0.997919 61.150726 0.000000 0.000000 0.000000 1.000000
0.995370 0.000000 0.096117 -11.740481 0.000000 1.000000 0.000000 0.000000 -0.096117 0.000000 0.995370 66.813118 0.000000 0.000000 0.000000 1.000000
0.991295 0.000000 0.131661 -11.195207 0.000000 1.000000 0.000000 0.000000 -0.131661 0.000000 0.991295 65.478676 0.000000 0.000000 0.000000 1.000000
0.985453 0.000000 0.169949 -10.668472 0.000000 1.000000 0.000000 0.000000 -0.169949 0.000000 0.985453 63.016991 0.000000 0.000000 0.000000 1.000000
0.977745 0.000000 0.209797 -10.431975 0.000000 1.000000 0.000000 0.000000 -0.209797 0.000000 0.977745 61.589901 0.000000 0.000000 0.000000 1.000000
0.968237 0.000000 0.250033 -10.438128 0.000000 1.000000 0.000000 0.000000 -0.250033 0.000000 0.968237 61.437485 0.000000 0.000000 0.000000 1.000000
0.957171 0.000000 0.289523 -10.616114 0.000000 1.000000 0.000000 0.000000 -0.289523 0.000000 0.957171 61.363472 0.000000 0.000000 0.000000 1.000000
0.944964 0.000000 0.327173 -11.208073 0.000000 1.000000 0.000000 0.000000 -0.327173 0.000000 0.944964 61.368687 0.000000 0.000000 0.000000 1.000000
0.932196 0.000000 0.361953 -13.207777 0.000000 1.000000 0.000000 0.000000 -0.361953 0.000000 0.932196 61.496761 0.000000 0.000000 0.000000 1.000000
0.919577 0.000000 0.392909 -16.823227 0.000000 1.000000 0.000000 0.000000 -0.392909 0.000000 0.919577 61.962212 0.000000 0.000000 0.000000 1.000000
0.907919 0.000000 0.419146 -21.124992 0.000000 1.000000 0.000000 0.000000 -0.419146 0.000000 0.907919 63.013157 0.000000 0.000000 0.000000 1.000000
0.898086 0.000000 0.439820 -26.345850 0.000000 1.000000 0.000000 0.000000 -0.439820 0.000000 0.898086 65.341866 0.000000 0.000000 0.000000 1.000000
0.890941 0.000000 0.454119 -32.244007 0.000000 1.000000 0.000000 0.000000 -0.454119 0.000000 0.890941 68.455444 0.000000 0.000000 0.000000 1.000000
0.890941 0.000000 0.454119 -32.244007 0.000000 1.000000 0.000000 0.000000 -0.454119 0.000000 0.890941 68.455444 0.000000 0.000000 0.000000 1.000000</float_array><technique_common><accessor source="#BatRig_Reference-Matrix-animation-output-transform-array" count="18" stride="16"><param type="float4x4"/></accessor></technique_common></source><source id="BatRig_Reference-Interpolations"><Name_array id="BatRig_Reference-Interpolations-array" count="18">
 LINEAR LINEAR LINEAR LINEAR LINEAR LINEAR LINEAR LINEAR LINEAR LINEAR LINEAR
LINEAR LINEAR LINEAR LINEAR LINEAR LINEAR LINEAR</Name_array><technique_common><accessor source="#BatRig_Reference-Interpolations-array" count="18"><param type="name"/></accessor></technique_common></source><sampler id="BatRig_Reference-Matrix-animation-transform"><input semantic="INPUT" source="#BatRig_Reference-Matrix-animation-input"/><input semantic="OUTPUT" source="#BatRig_Reference-Matrix-animation-output-transform"/><input semantic="INTERPOLATION" source="#BatRig_Reference-Interpolations"/></sampler><channel source="#BatRig_Reference-Matrix-animation-transform" target="BatRig_Reference/matrix"/></animation><animation><source id="BatRig_Reference-visibility-animation-input"><float_array id="BatRig_Reference-visibility-animation-input-array" count="18">

0.000000 0.041667 0.083333 0.125000 0.166667 0.208333 0.250000 0.291667 0.333333 0.375000 0.416667 0.458333 0.500000 0.541667 0.583333 0.625000
0.666667 0.708333</float_array><technique_common><accessor source="#BatRig_Reference-visibility-animation-input-array" count="18"><param name="TIME" type="float"/></accessor></technique_common></source><source id="BatRig_Reference-visibility-animation-output"><float_array id="BatRig_Reference-visibility-animation-output-array" count="18">

1.000000 1.000000 1.000000 1.000000 1.000000 1.000000 1.000000 1.000000 1.000000 1.000000 1.000000 1.000000 1.000000 1.000000 1.000000 1.000000
1.000000 1.000000</float_array><technique_common><accessor source="#BatRig_Reference-visibility-animation-output-array" count="18"><param type="float"/></accessor></technique_common></source><source id="BatRig_Reference-visibility-animation-intan"><float_array id="BatRig_Reference-visibility-animation-intan-array" count="18">

0.000000 0.000000 0.000000 0.000000 0.000000 0.000000 0.000000 0.000000 0.000000 0.000000 0.000000 0.000000 0.000000 0.000000 0.000000 0.000000
0.000000 0.000000</float_array><technique_common><accessor source="#BatRig_Reference-visibility-animation-intan-array" count="18"><param type="float"/></accessor></technique_common></source><source id="BatRig_Reference-visibility-animation-outtan"><float_array id="BatRig_Reference-visibility-animation-outtan-array" count="18">

0.000000 0.000000 0.000000 0.000000 0.000000 0.000000 0.000000 0.000000 0.000000 0.000000 0.000000 0.000000 0.000000 0.000000 0.000000 0.000000
0.000000 0.000000</float_array><technique_common><accessor source="#BatRig_Reference-visibility-animation-outtan-array" count="18"><param type="float"/></accessor></technique_common></source><source id="BatRig_Reference-visibility-animation-interpolation"><Name_array id="BatRig_Reference-visibility-animation-interpolation-array" count="18">
 STEP STEP STEP STEP STEP STEP STEP STEP STEP STEP STEP STEP STEP STEP STEP STEP STEP
BEZIER</Name_array><technique_common><accessor source="#BatRig_Reference-visibility-animation-interpolation-array" count="18"><param type="name"/></accessor></technique_common></source><sampler id="BatRig_Reference-visibility-animation"><input semantic="INPUT" source="#BatRig_Reference-visibility-animation-input"/><input semantic="OUTPUT" source="#BatRig_Reference-visibility-animation-output"/><input semantic="IN_TANGENT" source="#BatRig_Reference-visibility-animation-intan"/><input semantic="OUT_TANGENT" source="#BatRig_Reference-visibility-animation-outtan"/><input semantic="INTERPOLATION" source="#BatRig_Reference-visibility-animation-interpolation"/></sampler><channel source="#BatRig_Reference-visibility-animation" target="BatRig_Reference/visibility"/></animation></animation>
    <animation id="BatRig_Hips-anim" name="BatRig_Hips"><animation><source id="BatRig_Hips-Matrix-animation-input"><float_array id="BatRig_Hips-Matrix-animation-input-array" count="18">

0.000000 0.041667 0.083333 0.125000 0.166667 0.208333 0.250000 0.291667 0.333333 0.375000 0.416667 0.458333 0.500000 0.541667 0.583333 0.625000
0.666667 0.708333</float_array><technique_common><accessor source="#BatRig_Hips-Matrix-animation-input-array" count="18"><param name="TIME" type="float"/></accessor></technique_common></source><source id="BatRig_Hips-Matrix-animation-output-transform"><float_array id="BatRig_Hips-Matrix-animation-output-transform-array" count="288">

0.580437 0.042367 0.813202 0.000000 0.086697 0.989754 -0.113447 79.614853 -0.809677 0.136351 0.570817 0.000000 0.000000 0.000000 0.000000 1.000000
0.580437 0.042367 0.813202 0.000000 0.086697 0.989754 -0.113447 79.614853 -0.809677 0.136351 0.570817 0.000000 0.000000 0.000000 0.000000 1.000000
0.590818 0.039627 0.805831 0.000000 0.060302 0.993830 -0.093084 79.455956 -0.804548 0.103589 0.584783 0.000000 0.000000 0.000000 0.000000 1.000000
0.608488 0.011177 0.793484 0.000000 0.045534 0.997762 -0.048973 78.255424 -0.792256 0.065930 0.606617 0.000000 0.000000 0.000000 0.000000 1.000000
0.631647 -0.027750 0.774759 0.000000 0.031943 0.999442 0.009756 76.081673 -0.774597 0.018586 0.632181 0.000000 0.000000 0.000000 0.000000 1.000000
0.657027 -0.058969 0.751557 0.000000 0.022087 0.998014 0.058997 73.886192 -0.753543 -0.022163 0.657025 0.000000 0.000000 0.000000 0.000000 1.000000
0.681478 -0.080042 0.727448 0.000000 0.020516 0.995700 0.090338 71.854424 -0.731551 -0.046639 0.680190 0.000000 0.000000 0.000000 0.000000 1.000000
0.705724 -0.095156 0.702068 0.000000 0.022403 0.993441 0.112128 69.806946 -0.708133 -0.063403 0.703227 0.000000 0.000000 0.000000 0.000000 1.000000
0.732149 -0.097105 0.674187 0.000000 0.016151 0.991983 0.125339 68.155891 -0.680953 -0.080878 0.727847 0.000000 0.000000 0.000000 0.000000 1.000000
0.768252 -0.074736 0.635770 0.000000 -0.012147 0.991281 0.131205 67.011421 -0.640032 -0.108521 0.760646 0.000000 0.000000 0.000000 0.000000 1.000000
0.802318 -0.038251 0.595670 0.000000 -0.048496 0.990468 0.128923 66.261665 -0.594924 -0.132325 0.792815 0.000000 0.000000 0.000000 0.000000 1.000000
0.814098 -0.015802 0.580512 0.000000 -0.062497 0.991440 0.114632 65.990189 -0.577354 -0.129602 0.806142 0.000000 0.000000 0.000000 0.000000 1.000000
0.791373 -0.028592 0.610665 0.000000 -0.029682 0.995931 0.085095 68.074905 -0.610613 -0.085468 0.787304 0.000000 0.000000 0.000000 0.000000 1.000000
0.743144 -0.055029 0.666865 0.000000 0.029940 0.998349 0.049019 72.380257 -0.668461 -0.016462 0.743565 0.000000 0.000000 0.000000 0.000000 1.000000
0.691999 -0.063874 0.719067 0.000000 0.077819 0.996874 0.013662 75.979218 -0.717692 0.046503 0.694806 0.000000 0.000000 0.000000 0.000000 1.000000
0.645716 -0.038815 0.762590 0.000000 0.095951 0.994915 -0.030606 77.735527 -0.757525 0.092934 0.646157 0.000000 0.000000 0.000000 0.000000 1.000000
0.598112 0.002745 0.801408 0.000000 0.102734 0.991481 -0.080069 78.917366 -0.794800 0.130222 0.592735 0.000000 0.000000 0.000000 0.000000 1.000000
0.598112 0.002745 0.801408 0.000000 0.102734 0.991481 -0.080069 78.917366 -0.794800 0.130222 0.592735 0.000000 0.000000 0.000000 0.000000 1.000000</float_array><technique_common><accessor source="#BatRig_Hips-Matrix-animation-output-transform-array" count="18" stride="16"><param type="float4x4"/></accessor></technique_common></source><source id="BatRig_Hips-Interpolations"><Name_array id="BatRig_Hips-Interpolations-array" count="18">
 LINEAR LINEAR LINEAR LINEAR LINEAR LINEAR LINEAR LINEAR LINEAR LINEAR LINEAR
LINEAR LINEAR LINEAR LINEAR LINEAR LINEAR LINEAR</Name_array><technique_common><accessor source="#BatRig_Hips-Interpolations-array" count="18"><param type="name"/></accessor></technique_common></source><sampler id="BatRig_Hips-Matrix-animation-transform"><input semantic="INPUT" source="#BatRig_Hips-Matrix-animation-input"/><input semantic="OUTPUT" source="#BatRig_Hips-Matrix-animation-output-transform"/><input semantic="INTERPOLATION" source="#BatRig_Hips-Interpolations"/></sampler><channel source="#BatRig_Hips-Matrix-animation-transform" target="BatRig_Hips/matrix"/></animation><animation><source id="BatRig_Hips-visibility-animation-input"><float_array id="BatRig_Hips-visibility-animation-input-array" count="18">

0.000000 0.041667 0.083333 0.125000 0.166667 0.208333 0.250000 0.291667 0.333333 0.375000 0.416667 0.458333 0.500000 0.541667 0.583333 0.625000
0.666667 0.708333</float_array><technique_common><accessor source="#BatRig_Hips-visibility-animation-input-array" count="18"><param name="TIME" type="float"/></accessor></technique_common></source><source id="BatRig_Hips-visibility-animation-output"><float_array id="BatRig_Hips-visibility-animation-output-array" count="18">

1.000000 1.000000 1.000000 1.000000 1.000000 1.000000 1.000000 1.000000 1.000000 1.000000 1.000000 1.000000 1.000000 1.000000 1.000000 1.000000
1.000000 1.000000</float_array><technique_common><accessor source="#BatRig_Hips-visibility-animation-output-array" count="18"><param type="float"/></accessor></technique_common></source><source id="BatRig_Hips-visibility-animation-intan"><float_array id="BatRig_Hips-visibility-animation-intan-array" count="18">

0.000000 0.000000 0.000000 0.000000 0.000000 0.000000 0.000000 0.000000 0.000000 0.000000 0.000000 0.000000 0.000000 0.000000 0.000000 0.000000
0.000000 0.000000</float_array><technique_common><accessor source="#BatRig_Hips-visibility-animation-intan-array" count="18"><param type="float"/></accessor></technique_common></source><source id="BatRig_Hips-visibility-animation-outtan"><float_array id="BatRig_Hips-visibility-animation-outtan-array" count="18">

0.000000 0.000000 0.000000 0.000000 0.000000 0.000000 0.000000 0.000000 0.000000 0.000000 0.000000 0.000000 0.000000 0.000000 0.000000 0.000000
0.000000 0.000000</float_array><technique_common><accessor source="#BatRig_Hips-visibility-animation-outtan-array" count="18"><param type="float"/></accessor></technique_common></source><source id="BatRig_Hips-visibility-animation-interpolation"><Name_array id="BatRig_Hips-visibility-animation-interpolation-array" count="18">
 STEP STEP STEP STEP STEP STEP STEP STEP STEP STEP STEP STEP STEP STEP STEP STEP STEP
BEZIER</Name_array><technique_common><accessor source="#BatRig_Hips-visibility-animation-interpolation-array" count="18"><param type="name"/></accessor></technique_common></source><sampler id="BatRig_Hips-visibility-animation"><input semantic="INPUT" source="#BatRig_Hips-visibility-animation-input"/><input semantic="OUTPUT" source="#BatRig_Hips-visibility-animation-output"/><input semantic="IN_TANGENT" source="#BatRig_Hips-visibility-animation-intan"/><input semantic="OUT_TANGENT" source="#BatRig_Hips-visibility-animation-outtan"/><input semantic="INTERPOLATION" source="#BatRig_Hips-visibility-animation-interpolation"/></sampler><channel source="#BatRig_Hips-visibility-animation" target="BatRig_Hips/visibility"/></animation></animation>
    <animation id="BatRig_Spine-anim" name="BatRig_Spine"><animation><source id="BatRig_Spine-Matrix-animation-input"><float_array id="BatRig_Spine-Matrix-animation-input-array" count="18">

0.000000 0.041667 0.083333 0.125000 0.166667 0.208333 0.250000 0.291667 0.333333 0.375000 0.416667 0.458333 0.500000 0.541667 0.583333 0.625000
0.666667 0.708333</float_array><technique_common><accessor source="#BatRig_Spine-Matrix-animation-input-array" count="18"><param name="TIME" type="float"/></accessor></technique_common></source><source id="BatRig_Spine-Matrix-animation-output-transform"><float_array id="BatRig_Spine-Matrix-animation-output-transform-array" count="288">

0.998681 0.042369 -0.028997 -0.000001 -0.041734 0.998883 0.022171 3.725677 0.029904 -0.020932 0.999334 0.000001 0.000000 0.000000 0.000000 1.000000
0.998681 0.042369 -0.028997 -0.000001 -0.041734 0.998883 0.022171 3.725677 0.029904 -0.020932 0.999334 0.000001 0.000000 0.000000 0.000000 1.000000
0.997990 0.056735 -0.028245 -0.000001 -0.055754 0.997852 0.034402 3.725677 0.030136 -0.032758 0.999009 0.000001 0.000000 0.000000 0.000000 1.000000
0.998078 0.054013 -0.030392 -0.000001 -0.054492 0.998399 -0.015141 3.725677 0.029526 0.016768 0.999423 0.000001 0.000000 0.000000 0.000000 1.000000
0.998229 0.048226 -0.034825 -0.000001 -0.051702 0.992915 -0.106987 3.725677 0.029419 0.108598 0.993650 0.000001 0.000000 0.000000 0.000000 1.000000
0.998334 0.042945 -0.038530 -0.000001 -0.048464 0.986545 -0.156142 3.725677 0.031306 0.157749 0.986983 0.000001 0.000000 0.000000 0.000000 1.000000
0.998365 0.040897 -0.039945 -0.000001 -0.046282 0.988376 -0.144810 3.725677 0.033558 0.146422 0.988653 0.000001 0.000000 0.000000 0.000000 1.000000
0.998399 0.039356 -0.040630 -0.000001 -0.044113 0.991336 -0.123722 3.725677 0.035409 0.125316 0.991485 0.000001 0.000000 0.000000 0.000000 1.000000
0.998538 0.033709 -0.042248 -0.000001 -0.038279 0.992915 -0.112493 3.725677 0.038157 0.113946 0.992754 0.000001 0.000000 0.000000 0.000000 1.000000
0.998839 0.012406 -0.046550 -0.000001 -0.018276 0.991620 -0.127887 3.725677 0.044573 0.128589 0.990696 0.000001 0.000000 0.000000 0.000000 1.000000
0.998507 -0.017490 -0.051752 -0.000001 0.009199 0.987666 -0.156303 3.725677 0.053847 0.155594 0.986352 0.000001 0.000000 0.000000 0.000000 1.000000
0.997993 -0.032636 -0.054266 -0.000001 0.022876 0.984898 -0.171616 3.725677 0.059047 0.170030 0.983668 0.000001 0.000000 0.000000 0.000000 1.000000
0.999845 -0.017161 -0.003982 -0.000001 0.016356 0.988222 -0.152151 3.725677 0.006546 0.152062 0.988349 0.000001 0.000000 0.000000 0.000000 1.000000
0.994518 0.014938 0.103498 -0.000001 -0.003001 0.993413 -0.114549 3.725677 -0.104527 0.113610 0.988012 0.000001 0.000000 0.000000 0.000000 1.000000
0.978461 0.042133 0.202084 -0.000001 -0.025261 0.996030 -0.085356 3.725677 -0.204878 0.078413 0.975642 0.000001 0.000000 0.000000 0.000000 1.000000
0.960829 0.055386 0.271552 -0.000001 -0.038338 0.996969 -0.067691 3.725677 -0.274478 0.054629 0.960040 0.000001 0.000000 0.000000 0.000000 1.000000
0.940173 0.064424 0.334552 -0.000001 -0.049432 0.997363 -0.053144 3.725677 -0.337093 0.033427 0.940878 0.000001 0.000000 0.000000 0.000000 1.000000
0.940173 0.064424 0.334552 -0.000001 -0.049432 0.997363 -0.053144 3.725677 -0.337093 0.033427 0.940878 0.000001 0.000000 0.000000 0.000000 1.000000</float_array><technique_common><accessor source="#BatRig_Spine-Matrix-animation-output-transform-array" count="18" stride="16"><param type="float4x4"/></accessor></technique_common></source><source id="BatRig_Spine-Interpolations"><Name_array id="BatRig_Spine-Interpolations-array" count="18">
 LINEAR LINEAR LINEAR LINEAR LINEAR LINEAR LINEAR LINEAR LINEAR LINEAR LINEAR
LINEAR LINEAR LINEAR LINEAR LINEAR LINEAR LINEAR</Name_array><technique_common><accessor source="#BatRig_Spine-Interpolations-array" count="18"><param type="name"/></accessor></technique_common></source><sampler id="BatRig_Spine-Matrix-animation-transform"><input semantic="INPUT" source="#BatRig_Spine-Matrix-animation-input"/><input semantic="OUTPUT" source="#BatRig_Spine-Matrix-animation-output-transform"/><input semantic="INTERPOLATION" source="#BatRig_Spine-Interpolations"/></sampler><channel source="#BatRig_Spine-Matrix-animation-transform" target="BatRig_Spine/matrix"/></animation><animation><source id="BatRig_Spine-visibility-animation-input"><float_array id="BatRig_Spine-visibility-animation-input-array" count="18">

0.000000 0.041667 0.083333 0.125000 0.166667 0.208333 0.250000 0.291667 0.333333 0.375000 0.416667 0.458333 0.500000 0.541667 0.583333 0.625000
0.666667 0.708333</float_array><technique_common><accessor source="#BatRig_Spine-visibility-animation-input-array" count="18"><param name="TIME" type="float"/></accessor></technique_common></source><source id="BatRig_Spine-visibility-animation-output"><float_array id="BatRig_Spine-visibility-animation-output-array" count="18">

1.000000 1.000000 1.000000 1.000000 1.000000 1.000000 1.000000 1.000000 1.000000 1.000000 1.000000 1.000000 1.000000 1.000000 1.000000 1.000000
1.000000 1.000000</float_array><technique_common><accessor source="#BatRig_Spine-visibility-animation-output-array" count="18"><param type="float"/></accessor></technique_common></source><source id="BatRig_Spine-visibility-animation-intan"><float_array id="BatRig_Spine-visibility-animation-intan-array" count="18">

0.000000 0.000000 0.000000 0.000000 0.000000 0.000000 0.000000 0.000000 0.000000 0.000000 0.000000 0.000000 0.000000 0.000000 0.000000 0.000000
0.000000 0.000000</float_array><technique_common><accessor source="#BatRig_Spine-visibility-animation-intan-array" count="18"><param type="float"/></accessor></technique_common></source><source id="BatRig_Spine-visibility-animation-outtan"><float_array id="BatRig_Spine-visibility-animation-outtan-array" count="18">

0.000000 0.000000 0.000000 0.000000 0.000000 0.000000 0.000000 0.000000 0.000000 0.000000 0.000000 0.000000 0.000000 0.000000 0.000000 0.000000
0.000000 0.000000</float_array><technique_common><accessor source="#BatRig_Spine-visibility-animation-outtan-array" count="18"><param type="float"/></accessor></technique_common></source><source id="BatRig_Spine-visibility-animation-interpolation"><Name_array id="BatRig_Spine-visibility-animation-interpolation-array" count="18">
 STEP STEP STEP STEP STEP STEP STEP STEP STEP STEP STEP STEP STEP STEP STEP STEP STEP
BEZIER</Name_array><technique_common><accessor source="#BatRig_Spine-visibility-animation-interpolation-array" count="18"><param type="name"/></accessor></technique_common></source><sampler id="BatRig_Spine-visibility-animation"><input semantic="INPUT" source="#BatRig_Spine-visibility-animation-input"/><input semantic="OUTPUT" source="#BatRig_Spine-visibility-animation-output"/><input semantic="IN_TANGENT" source="#BatRig_Spine-visibility-animation-intan"/><input semantic="OUT_TANGENT" source="#BatRig_Spine-visibility-animation-outtan"/><input semantic="INTERPOLATION" source="#BatRig_Spine-visibility-animation-interpolation"/></sampler><channel source="#BatRig_Spine-visibility-animation" target="BatRig_Spine/visibility"/></animation></animation>
    <animation id="BatRig_Spine1-anim" name="BatRig_Spine1"><animation><source id="BatRig_Spine1-Matrix-animation-input"><float_array id="BatRig_Spine1-Matrix-animation-input-array" count="18">

0.000000 0.041667 0.083333 0.125000 0.166667 0.208333 0.250000 0.291667 0.333333 0.375000 0.416667 0.458333 0.500000 0.541667 0.583333 0.625000
0.666667 0.708333</float_array><technique_common><accessor source="#BatRig_Spine1-Matrix-animation-input-array" count="18"><param name="TIME" type="float"/></accessor></technique_common></source><source id="BatRig_Spine1-Matrix-animation-output-transform"><float_array id="BatRig_Spine1-Matrix-animation-output-transform-array" count="288">

0.999893 0.014609 0.000107 0.000002 -0.014605 0.999761 -0.016237 10.999832 -0.000344 0.016234 0.999868 -0.000003 0.000000 0.000000 0.000000 1.000000
0.999893 0.014609 0.000107 0.000002 -0.014605 0.999761 -0.016237 10.999832 -0.000344 0.016234 0.999868 -0.000003 0.000000 0.000000 0.000000 1.000000
0.999993 0.003600 0.001313 0.000002 -0.003567 0.999694 -0.024486 10.999832 -0.001401 0.024481 0.999699 -0.000003 0.000000 0.000000 0.000000 1.000000
0.999965 0.008148 0.001890 0.000002 -0.008097 0.999636 -0.025744 10.999832 -0.002099 0.025728 0.999667 -0.000003 0.000000 0.000000 0.000000 1.000000
0.999859 0.016596 0.002616 0.000002 -0.016523 0.999532 -0.025752 10.999832 -0.003042 0.025705 0.999665 -0.000003 0.000000 0.000000 0.000000 1.000000
0.999770 0.021144 0.003611 0.000002 -0.021040 0.999421 -0.026729 10.999832 -0.004174 0.026647 0.999636 -0.000003 0.000000 0.000000 0.000000 1.000000
0.999875 0.014969 0.005131 0.000002 -0.014767 0.999191 -0.037398 10.999832 -0.005687 0.037318 0.999287 -0.000003 0.000000 0.000000 0.000000 1.000000
0.999974 0.002037 0.006922 0.000002 -0.001654 0.998492 -0.054867 10.999832 -0.007023 0.054854 0.998470 -0.000003 0.000000 0.000000 0.000000 1.000000
0.999923 -0.009260 0.008321 0.000002 0.009774 0.997903 -0.063987 10.999832 -0.007711 0.064063 0.997916 -0.000003 0.000000 0.000000 0.000000 1.000000
0.999819 -0.016736 0.009071 0.000002 0.017250 0.998054 -0.059917 10.999832 -0.008051 0.060063 0.998162 -0.000003 0.000000 0.000000 0.000000 1.000000
0.999701 -0.022574 0.009434 0.000002 0.023033 0.998396 -0.051720 10.999832 -0.008251 0.051922 0.998617 -0.000003 0.000000 0.000000 0.000000 1.000000
0.999644 -0.024931 0.009527 0.000002 0.025337 0.998657 -0.045199 10.999832 -0.008387 0.045424 0.998933 -0.000003 0.000000 0.000000 0.000000 1.000000
0.999726 -0.021850 -0.008352 0.000002 0.021464 0.998809 -0.043809 10.999832 0.009299 0.043618 0.999005 -0.000003 0.000000 0.000000 0.000000 1.000000
0.998815 -0.014863 -0.046352 0.000002 0.012818 0.998945 -0.044102 10.999832 0.046959 0.043456 0.997951 -0.000003 0.000000 0.000000 0.000000 1.000000
0.996688 -0.007356 -0.080986 0.000002 0.003958 0.999108 -0.042035 10.999832 0.081223 0.041575 0.995828 -0.000003 0.000000 0.000000 0.000000 1.000000
0.994515 0.000822 -0.104590 0.000002 -0.004095 0.999508 -0.031085 10.999832 0.104513 0.031343 0.994029 -0.000003 0.000000 0.000000 0.000000 1.000000
0.992016 0.009783 -0.125731 0.000002 -0.011623 0.999836 -0.013908 10.999832 0.125574 0.015258 0.991967 -0.000003 0.000000 0.000000 0.000000 1.000000
0.992016 0.009783 -0.125731 0.000002 -0.011623 0.999836 -0.013908 10.999832 0.125574 0.015258 0.991967 -0.000003 0.000000 0.000000 0.000000 1.000000</float_array><technique_common><accessor source="#BatRig_Spine1-Matrix-animation-output-transform-array" count="18" stride="16"><param type="float4x4"/></accessor></technique_common></source><source id="BatRig_Spine1-Interpolations"><Name_array id="BatRig_Spine1-Interpolations-array" count="18">
 LINEAR LINEAR LINEAR LINEAR LINEAR LINEAR LINEAR LINEAR LINEAR LINEAR LINEAR
LINEAR LINEAR LINEAR LINEAR LINEAR LINEAR LINEAR</Name_array><technique_common><accessor source="#BatRig_Spine1-Interpolations-array" count="18"><param type="name"/></accessor></technique_common></source><sampler id="BatRig_Spine1-Matrix-animation-transform"><input semantic="INPUT" source="#BatRig_Spine1-Matrix-animation-input"/><input semantic="OUTPUT" source="#BatRig_Spine1-Matrix-animation-output-transform"/><input semantic="INTERPOLATION" source="#BatRig_Spine1-Interpolations"/></sampler><channel source="#BatRig_Spine1-Matrix-animation-transform" target="BatRig_Spine1/matrix"/></animation><animation><source id="BatRig_Spine1-visibility-animation-input"><float_array id="BatRig_Spine1-visibility-animation-input-array" count="18">

0.000000 0.041667 0.083333 0.125000 0.166667 0.208333 0.250000 0.291667 0.333333 0.375000 0.416667 0.458333 0.500000 0.541667 0.583333 0.625000
0.666667 0.708333</float_array><technique_common><accessor source="#BatRig_Spine1-visibility-animation-input-array" count="18"><param name="TIME" type="float"/></accessor></technique_common></source><source id="BatRig_Spine1-visibility-animation-output"><float_array id="BatRig_Spine1-visibility-animation-output-array" count="18">

1.000000 1.000000 1.000000 1.000000 1.000000 1.000000 1.000000 1.000000 1.000000 1.000000 1.000000 1.000000 1.000000 1.000000 1.000000 1.000000
1.000000 1.000000</float_array><technique_common><accessor source="#BatRig_Spine1-visibility-animation-output-array" count="18"><param type="float"/></accessor></technique_common></source><source id="BatRig_Spine1-visibility-animation-intan"><float_array id="BatRig_Spine1-visibility-animation-intan-array" count="18">

0.000000 0.000000 0.000000 0.000000 0.000000 0.000000 0.000000 0.000000 0.000000 0.000000 0.000000 0.000000 0.000000 0.000000 0.000000 0.000000
0.000000 0.000000</float_array><technique_common><accessor source="#BatRig_Spine1-visibility-animation-intan-array" count="18"><param type="float"/></accessor></technique_common></source><source id="BatRig_Spine1-visibility-animation-outtan"><float_array id="BatRig_Spine1-visibility-animation-outtan-array" count="18">

0.000000 0.000000 0.000000 0.000000 0.000000 0.000000 0.000000 0.000000 0.000000 0.000000 0.000000 0.000000 0.000000 0.000000 0.000000 0.000000
0.000000 0.000000</float_array><technique_common><accessor source="#BatRig_Spine1-visibility-animation-outtan-array" count="18"><param type="float"/></accessor></technique_common></source><source id="BatRig_Spine1-visibility-animation-interpolation"><Name_array id="BatRig_Spine1-visibility-animation-interpolation-array" count="18">
 STEP STEP STEP STEP STEP STEP STEP STEP STEP STEP STEP STEP STEP STEP STEP STEP STEP
BEZIER</Name_array><technique_common><accessor source="#BatRig_Spine1-visibility-animation-interpolation-array" count="18"><param type="name"/></accessor></technique_common></source><sampler id="BatRig_Spine1-visibility-animation"><input semantic="INPUT" source="#BatRig_Spine1-visibility-animation-input"/><input semantic="OUTPUT" source="#BatRig_Spine1-visibility-animation-output"/><input semantic="IN_TANGENT" source="#BatRig_Spine1-visibility-animation-intan"/><input semantic="OUT_TANGENT" source="#BatRig_Spine1-visibility-animation-outtan"/><input semantic="INTERPOLATION" source="#BatRig_Spine1-visibility-animation-interpolation"/></sampler><channel source="#BatRig_Spine1-visibility-animation" target="BatRig_Spine1/visibility"/></animation></animation>
    <animation id="BatRig_Spine2-anim" name="BatRig_Spine2"><animation><source id="BatRig_Spine2-Matrix-animation-input"><float_array id="BatRig_Spine2-Matrix-animation-input-array" count="18">

0.000000 0.041667 0.083333 0.125000 0.166667 0.208333 0.250000 0.291667 0.333333 0.375000 0.416667 0.458333 0.500000 0.541667 0.583333 0.625000
0.666667 0.708333</float_array><technique_common><accessor source="#BatRig_Spine2-Matrix-animation-input-array" count="18"><param name="TIME" type="float"/></accessor></technique_common></source><source id="BatRig_Spine2-Matrix-animation-output-transform"><float_array id="BatRig_Spine2-Matrix-animation-output-transform-array" count="288">

0.999893 0.014576 0.000870 0.000000 -0.014560 0.999763 -0.016198 11.776703 -0.001106 0.016184 0.999868 0.000004 0.000000 0.000000 0.000000 1.000000
0.999893 0.014576 0.000870 0.000000 -0.014560 0.999763 -0.016198 11.776703 -0.001106 0.016184 0.999868 0.000004 0.000000 0.000000 0.000000 1.000000
0.999993 0.003536 0.001504 0.000000 -0.003498 0.999694 -0.024482 11.776703 -0.001590 0.024477 0.999699 0.000004 0.000000 0.000000 0.000000 1.000000
0.999965 0.008125 0.001970 -0.000000 -0.008072 0.999636 -0.025729 11.776703 -0.002178 0.025712 0.999667 0.000004 0.000000 0.000000 0.000000 1.000000
0.999857 0.016648 0.002836 0.000000 -0.016569 0.999530 -0.025785 11.776703 -0.003264 0.025734 0.999663 0.000004 0.000000 0.000000 0.000000 1.000000
0.999769 0.021236 0.003302 0.000000 -0.021140 0.999416 -0.026845 11.776703 -0.003870 0.026769 0.999634 0.000004 0.000000 0.000000 0.000000 1.000000
0.999883 0.015014 0.002846 0.000000 -0.014896 0.999182 -0.037590 11.776703 -0.003408 0.037543 0.999289 0.000004 0.000000 0.000000 0.000000 1.000000
0.999996 0.001989 0.002117 0.000000 -0.001869 0.998475 -0.055167 11.776703 -0.002223 0.055163 0.998475 0.000004 0.000000 0.000000 0.000000 1.000000
0.999954 -0.009363 0.002076 0.000000 0.009477 0.997879 -0.064397 11.776703 -0.001469 0.064414 0.997922 0.000004 0.000000 0.000000 0.000000 1.000000
0.999853 -0.016856 0.003068 0.000000 0.017010 0.998034 -0.060325 11.776703 -0.002045 0.060368 0.998174 0.000004 0.000000 0.000000 0.000000 1.000000
0.999733 -0.022715 0.004253 0.000000 0.022906 0.998382 -0.052044 11.776703 -0.003064 0.052128 0.998636 0.000004 0.000000 0.000000 0.000000 1.000000
0.999674 -0.025081 0.004827 0.000000 0.025275 0.998647 -0.045440 11.776703 -0.003681 0.045547 0.998955 0.000004 0.000000 0.000000 0.000000 1.000000
0.999696 -0.021480 -0.012142 0.000000 0.020927 0.998814 -0.043971 11.776703 0.013072 0.043704 0.998959 0.000004 0.000000 0.000000 0.000000 1.000000
0.998742 -0.013570 -0.048276 0.000000 0.011444 0.998964 -0.044047 11.776703 0.048824 0.043439 0.997862 0.000004 0.000000 0.000000 0.000000 1.000000
0.996667 -0.005698 -0.081381 0.000000 0.002308 0.999128 -0.041684 11.776703 0.081548 0.041357 0.995811 0.000004 0.000000 0.000000 0.000000 1.000000
0.994544 0.001707 -0.104305 0.000000 -0.005031 0.999487 -0.031616 11.776703 0.104198 0.031968 0.994043 0.000004 0.000000 0.000000 0.000000 1.000000
0.992107 0.009401 -0.125042 0.000000 -0.011541 0.999799 -0.016399 11.776703 0.124863 0.017713 0.992016 0.000004 0.000000 0.000000 0.000000 1.000000
0.992107 0.009401 -0.125042 0.000000 -0.011541 0.999799 -0.016399 11.776703 0.124863 0.017713 0.992016 0.000004 0.000000 0.000000 0.000000 1.000000</float_array><technique_common><accessor source="#BatRig_Spine2-Matrix-animation-output-transform-array" count="18" stride="16"><param type="float4x4"/></accessor></technique_common></source><source id="BatRig_Spine2-Interpolations"><Name_array id="BatRig_Spine2-Interpolations-array" count="18">
 LINEAR LINEAR LINEAR LINEAR LINEAR LINEAR LINEAR LINEAR LINEAR LINEAR LINEAR
LINEAR LINEAR LINEAR LINEAR LINEAR LINEAR LINEAR</Name_array><technique_common><accessor source="#BatRig_Spine2-Interpolations-array" count="18"><param type="name"/></accessor></technique_common></source><sampler id="BatRig_Spine2-Matrix-animation-transform"><input semantic="INPUT" source="#BatRig_Spine2-Matrix-animation-input"/><input semantic="OUTPUT" source="#BatRig_Spine2-Matrix-animation-output-transform"/><input semantic="INTERPOLATION" source="#BatRig_Spine2-Interpolations"/></sampler><channel source="#BatRig_Spine2-Matrix-animation-transform" target="BatRig_Spine2/matrix"/></animation><animation><source id="BatRig_Spine2-visibility-animation-input"><float_array id="BatRig_Spine2-visibility-animation-input-array" count="18">

0.000000 0.041667 0.083333 0.125000 0.166667 0.208333 0.250000 0.291667 0.333333 0.375000 0.416667 0.458333 0.500000 0.541667 0.583333 0.625000
0.666667 0.708333</float_array><technique_common><accessor source="#BatRig_Spine2-visibility-animation-input-array" count="18"><param name="TIME" type="float"/></accessor></technique_common></source><source id="BatRig_Spine2-visibility-animation-output"><float_array id="BatRig_Spine2-visibility-animation-output-array" count="18">

1.000000 1.000000 1.000000 1.000000 1.000000 1.000000 1.000000 1.000000 1.000000 1.000000 1.000000 1.000000 1.000000 1.000000 1.000000 1.000000
1.000000 1.000000</float_array><technique_common><accessor source="#BatRig_Spine2-visibility-animation-output-array" count="18"><param type="float"/></accessor></technique_common></source><source id="BatRig_Spine2-visibility-animation-intan"><float_array id="BatRig_Spine2-visibility-animation-intan-array" count="18">

0.000000 0.000000 0.000000 0.000000 0.000000 0.000000 0.000000 0.000000 0.000000 0.000000 0.000000 0.000000 0.000000 0.000000 0.000000 0.000000
0.000000 0.000000</float_array><technique_common><accessor source="#BatRig_Spine2-visibility-animation-intan-array" count="18"><param type="float"/></accessor></technique_common></source><source id="BatRig_Spine2-visibility-animation-outtan"><float_array id="BatRig_Spine2-visibility-animation-outtan-array" count="18">

0.000000 0.000000 0.000000 0.000000 0.000000 0.000000 0.000000 0.000000 0.000000 0.000000 0.000000 0.000000 0.000000 0.000000 0.000000 0.000000
0.000000 0.000000</float_array><technique_common><accessor source="#BatRig_Spine2-visibility-animation-outtan-array" count="18"><param type="float"/></accessor></technique_common></source><source id="BatRig_Spine2-visibility-animation-interpolation"><Name_array id="BatRig_Spine2-visibility-animation-interpolation-array" count="18">
 STEP STEP STEP STEP STEP STEP STEP STEP STEP STEP STEP STEP STEP STEP STEP STEP STEP
BEZIER</Name_array><technique_common><accessor source="#BatRig_Spine2-visibility-animation-interpolation-array" count="18"><param type="name"/></accessor></technique_common></source><sampler id="BatRig_Spine2-visibility-animation"><input semantic="INPUT" source="#BatRig_Spine2-visibility-animation-input"/><input semantic="OUTPUT" source="#BatRig_Spine2-visibility-animation-output"/><input semantic="IN_TANGENT" source="#BatRig_Spine2-visibility-animation-intan"/><input semantic="OUT_TANGENT" source="#BatRig_Spine2-visibility-animation-outtan"/><input semantic="INTERPOLATION" source="#BatRig_Spine2-visibility-animation-interpolation"/></sampler><channel source="#BatRig_Spine2-visibility-animation" target="BatRig_Spine2/visibility"/></animation></animation>
    <animation id="BatRig_Spine3-anim" name="BatRig_Spine3"><animation><source id="BatRig_Spine3-Matrix-animation-input"><float_array id="BatRig_Spine3-Matrix-animation-input-array" count="18">

0.000000 0.041667 0.083333 0.125000 0.166667 0.208333 0.250000 0.291667 0.333333 0.375000 0.416667 0.458333 0.500000 0.541667 0.583333 0.625000
0.666667 0.708333</float_array><technique_common><accessor source="#BatRig_Spine3-Matrix-animation-input-array" count="18"><param name="TIME" type="float"/></accessor></technique_common></source><source id="BatRig_Spine3-Matrix-animation-output-transform"><float_array id="BatRig_Spine3-Matrix-animation-output-transform-array" count="288">

0.999894 0.014527 0.001212 0.000001 -0.014506 0.999764 -0.016167 13.030716 -0.001447 0.016148 0.999869 -1.061704 0.000000 0.000000 0.000000 1.000000
0.999894 0.014527 0.001212 0.000001 -0.014506 0.999764 -0.016167 13.030716 -0.001447 0.016148 0.999869 -1.061704 0.000000 0.000000 0.000000 1.000000
0.999993 0.003465 0.001691 0.000001 -0.003423 0.999694 -0.024480 13.030716 -0.001775 0.024474 0.999699 -1.061704 0.000000 0.000000 0.000000 1.000000
0.999964 0.008095 0.002411 0.000001 -0.008030 0.999637 -0.025724 13.030716 -0.002618 0.025704 0.999666 -1.061704 0.000000 0.000000 0.000000 1.000000
0.999857 0.016692 0.002839 0.000001 -0.016613 0.999529 -0.025809 13.030716 -0.003268 0.025758 0.999663 -1.061704 0.000000 0.000000 0.000000 1.000000
0.999768 0.021320 0.002980 0.000001 -0.021232 0.999411 -0.026959 13.030716 -0.003553 0.026889 0.999632 -1.061704 0.000000 0.000000 0.000000 1.000000
0.999887 0.015015 0.001122 0.000001 -0.014962 0.999178 -0.037678 13.030716 -0.001687 0.037657 0.999289 -1.061704 0.000000 0.000000 0.000000 1.000000
0.999996 0.001819 -0.002328 0.000001 -0.001945 0.998479 -0.055107 13.030716 0.002224 0.055111 0.998478 -1.061704 0.000000 0.000000 0.000000 1.000000
0.999944 -0.009674 -0.004183 0.000001 0.009385 0.997887 -0.064293 13.030716 0.004796 0.064250 0.997922 -1.061704 0.000000 0.000000 0.000000 1.000000
0.999847 -0.017195 -0.003063 0.000001 0.016979 0.998040 -0.060230 13.030716 0.004093 0.060169 0.998180 -1.061704 0.000000 0.000000 0.000000 1.000000
0.999735 -0.023014 -0.000988 0.000001 0.022932 0.998390 -0.051889 13.030716 0.002181 0.051853 0.998652 -1.061704 0.000000 0.000000 0.000000 1.000000
0.999679 -0.025350 0.000128 0.000001 0.025330 0.998657 -0.045192 13.030716 0.001018 0.045181 0.998978 -1.061704 0.000000 0.000000 0.000000 1.000000
0.999648 -0.021211 -0.015946 0.000001 0.020498 0.998837 -0.043641 13.030716 0.016853 0.043299 0.998920 -1.061704 0.000000 0.000000 0.000000 1.000000
0.998661 -0.012346 -0.050235 0.000001 0.010155 0.998996 -0.043632 13.030716 0.050723 0.043063 0.997784 -1.061704 0.000000 0.000000 0.000000 1.000000
0.996640 -0.004085 -0.081809 0.000001 0.000720 0.999154 -0.041122 13.030716 0.081908 0.040925 0.995799 -1.061704 0.000000 0.000000 0.000000 1.000000
0.994576 0.002560 -0.103985 0.000001 -0.005915 0.999471 -0.031967 13.030716 0.103848 0.032409 0.994065 -1.061704 0.000000 0.000000 0.000000 1.000000
0.992213 0.008997 -0.124225 0.000001 -0.011417 0.999758 -0.018784 13.030716 0.124026 0.020056 0.992076 -1.061704 0.000000 0.000000 0.000000 1.000000
