<?xml version="1.0" encoding="utf-8"?>
<COLLADA xmlns="http://www.collada.org/2005/11/COLLADASchema" version="1.4.1">
  <asset><contributor><author></author><authoring_tool>FBX COLLADA exporter</authoring_tool><comments></comments></contributor><created>2017-08-30T19:42:18Z</created><keywords></keywords><modified>2017-08-30T19:42:18Z</modified><revision></revision><subject></subject><title></title><unit meter="0.010000" name="centimeter"></unit><up_axis>Y_UP</up_axis></asset>
  <library_animations>
    <animation id="BatRig_Reference-anim" name="BatRig_Reference"><animation><source id="BatRig_Reference-Matrix-animation-input"><float_array id="BatRig_Reference-Matrix-animation-input-array" count="20">

0.000000 0.041667 0.083333 0.125000 0.166667 0.208333 0.250000 0.291667 0.333333 0.375000 0.416667 0.458333 0.500000 0.541667 0.583333 0.625000
0.666667 0.708333 0.750000 0.791667</float_array><technique_common><accessor source="#BatRig_Reference-Matrix-animation-input-array" count="20"><param name="TIME" type="float"/></accessor></technique_common></source><source id="BatRig_Reference-Matrix-animation-output-transform"><float_array id="BatRig_Reference-Matrix-animation-output-transform-array" count="320">

1.000000 0.000000 0.000000 1.309901 0.000000 1.000000 0.000000 0.000000 0.000000 0.000000 1.000000 5.261601 0.000000 0.000000 0.000000 1.000000
1.000000 0.000000 0.000000 1.196710 0.000000 1.000000 0.000000 0.000000 0.000000 0.000000 1.000000 11.691118 0.000000 0.000000 0.000000 1.000000
1.000000 0.000000 0.000000 0.824653 0.000000 1.000000 0.000000 0.000000 0.000000 0.000000 1.000000 29.187637 0.000000 0.000000 0.000000 1.000000
1.000000 0.000000 0.000000 0.544630 0.000000 1.000000 0.000000 0.000000 0.000000 0.000000 1.000000 34.302002 0.000000 0.000000 0.000000 1.000000
1.000000 0.000000 0.000000 0.286564 0.000000 1.000000 0.000000 0.000000 0.000000 0.000000 1.000000 37.018013 0.000000 0.000000 0.000000 1.000000
1.000000 0.000000 0.000000 -0.004115 0.000000 1.000000 0.000000 0.000000 0.000000 0.000000 1.000000 41.470455 0.000000 0.000000 0.000000 1.000000
1.000000 0.000000 0.000000 -0.361666 0.000000 1.000000 0.000000 0.000000 0.000000 0.000000 1.000000 51.054863 0.000000 0.000000 0.000000 1.000000
1.000000 0.000000 0.000000 -0.747944 0.000000 1.000000 0.000000 0.000000 0.000000 0.000000 1.000000 62.284019 0.000000 0.000000 0.000000 1.000000
1.000000 0.000000 0.000000 -1.087084 0.000000 1.000000 0.000000 0.000000 0.000000 0.000000 1.000000 70.650490 0.000000 0.000000 0.000000 1.000000
1.000000 0.000000 0.000000 -1.307686 0.000000 1.000000 0.000000 0.000000 0.000000 0.000000 1.000000 76.991676 0.000000 0.000000 0.000000 1.000000
1.000000 0.000000 0.000000 -1.376717 0.000000 1.000000 0.000000 0.000000 0.000000 0.000000 1.000000 79.188416 0.000000 0.000000 0.000000 1.000000
1.000000 0.000000 0.000000 -1.178022 0.000000 1.000000 0.000000 0.000000 0.000000 0.000000 1.000000 87.261192 0.000000 0.000000 0.000000 1.000000
1.000000 0.000000 0.000000 -0.870107 0.000000 1.000000 0.000000 0.000000 0.000000 0.000000 1.000000 103.738831 0.000000 0.000000 0.000000 1.000000
1.000000 0.000000 0.000000 -0.537647 0.000000 1.000000 0.000000 0.000000 0.000000 0.000000 1.000000 108.370720 0.000000 0.000000 0.000000 1.000000
1.000000 0.000000 0.000000 -0.172641 0.000000 1.000000 0.000000 0.000000 0.000000 0.000000 1.000000 109.872650 0.000000 0.000000 0.000000 1.000000
1.000000 0.000000 0.000000 0.223545 0.000000 1.000000 0.000000 0.000000 0.000000 0.000000 1.000000 116.441437 0.000000 0.000000 0.000000 1.000000
1.000000 0.000000 0.000000 0.680707 0.000000 1.000000 0.000000 0.000000 0.000000 0.000000 1.000000 127.300217 0.000000 0.000000 0.000000 1.000000
1.000000 0.000000 0.000000 1.101524 0.000000 1.000000 0.000000 0.000000 0.000000 0.000000 1.000000 137.578491 0.000000 0.000000 0.000000 1.000000
1.000000 0.000000 0.000000 1.371228 0.000000 1.000000 0.000000 0.000000 0.000000 0.000000 1.000000 144.255554 0.000000 0.000000 0.000000 1.000000
1.000000 0.000000 0.000000 1.440820 0.000000 1.000000 0.000000 0.000000 0.000000 0.000000 1.000000 149.765930 0.000000 0.000000 0.000000 1.000000</float_array><technique_common><accessor source="#BatRig_Reference-Matrix-animation-output-transform-array" count="20" stride="16"><param type="float4x4"/></accessor></technique_common></source><source id="BatRig_Reference-Interpolations"><Name_array id="BatRig_Reference-Interpolations-array" count="20">
 LINEAR LINEAR LINEAR LINEAR LINEAR LINEAR LINEAR LINEAR LINEAR LINEAR LINEAR
LINEAR LINEAR LINEAR LINEAR LINEAR LINEAR LINEAR LINEAR LINEAR</Name_array><technique_common><accessor source="#BatRig_Reference-Interpolations-array" count="20"><param type="name"/></accessor></technique_common></source><sampler id="BatRig_Reference-Matrix-animation-transform"><input semantic="INPUT" source="#BatRig_Reference-Matrix-animation-input"/><input semantic="OUTPUT" source="#BatRig_Reference-Matrix-animation-output-transform"/><input semantic="INTERPOLATION" source="#BatRig_Reference-Interpolations"/></sampler><channel source="#BatRig_Reference-Matrix-animation-transform" target="BatRig_Reference/matrix"/></animation><animation><source id="BatRig_Reference-visibility-animation-input"><float_array id="BatRig_Reference-visibility-animation-input-array" count="20">

0.000000 0.041667 0.083333 0.125000 0.166667 0.208333 0.250000 0.291667 0.333333 0.375000 0.416667 0.458333 0.500000 0.541667 0.583333 0.625000
0.666667 0.708333 0.750000 0.791667</float_array><technique_common><accessor source="#BatRig_Reference-visibility-animation-input-array" count="20"><param name="TIME" type="float"/></accessor></technique_common></source><source id="BatRig_Reference-visibility-animation-output"><float_array id="BatRig_Reference-visibility-animation-output-array" count="20">

1.000000 1.000000 1.000000 1.000000 1.000000 1.000000 1.000000 1.000000 1.000000 1.000000 1.000000 1.000000 1.000000 1.000000 1.000000 1.000000
1.000000 1.000000 1.000000 1.000000</float_array><technique_common><accessor source="#BatRig_Reference-visibility-animation-output-array" count="20"><param type="float"/></accessor></technique_common></source><source id="BatRig_Reference-visibility-animation-intan"><float_array id="BatRig_Reference-visibility-animation-intan-array" count="20">

0.000000 0.000000 0.000000 0.000000 0.000000 0.000000 0.000000 0.000000 0.000000 0.000000 0.000000 0.000000 0.000000 0.000000 0.000000 0.000000
0.000000 0.000000 0.000000 0.000000</float_array><technique_common><accessor source="#BatRig_Reference-visibility-animation-intan-array" count="20"><param type="float"/></accessor></technique_common></source><source id="BatRig_Reference-visibility-animation-outtan"><float_array id="BatRig_Reference-visibility-animation-outtan-array" count="20">

0.000000 0.000000 0.000000 0.000000 0.000000 0.000000 0.000000 0.000000 0.000000 0.000000 0.000000 0.000000 0.000000 0.000000 0.000000 0.000000
0.000000 0.000000 0.000000 0.000000</float_array><technique_common><accessor source="#BatRig_Reference-visibility-animation-outtan-array" count="20"><param type="float"/></accessor></technique_common></source><source id="BatRig_Reference-visibility-animation-interpolation"><Name_array id="BatRig_Reference-visibility-animation-interpolation-array" count="20">
 STEP STEP STEP STEP STEP STEP STEP STEP STEP STEP STEP STEP STEP STEP STEP STEP STEP
STEP STEP BEZIER</Name_array><technique_common><accessor source="#BatRig_Reference-visibility-animation-interpolation-array" count="20"><param type="name"/></accessor></technique_common></source><sampler id="BatRig_Reference-visibility-animation"><input semantic="INPUT" source="#BatRig_Reference-visibility-animation-input"/><input semantic="OUTPUT" source="#BatRig_Reference-visibility-animation-output"/><input semantic="IN_TANGENT" source="#BatRig_Reference-visibility-animation-intan"/><input semantic="OUT_TANGENT" source="#BatRig_Reference-visibility-animation-outtan"/><input semantic="INTERPOLATION" source="#BatRig_Reference-visibility-animation-interpolation"/></sampler><channel source="#BatRig_Reference-visibility-animation" target="BatRig_Reference/visibility"/></animation></animation>
    <animation id="BatRig_Hips-anim" name="BatRig_Hips"><animation><source id="BatRig_Hips-Matrix-animation-input"><float_array id="BatRig_Hips-Matrix-animation-input-array" count="20">

0.000000 0.041667 0.083333 0.125000 0.166667 0.208333 0.250000 0.291667 0.333333 0.375000 0.416667 0.458333 0.500000 0.541667 0.583333 0.625000
0.666667 0.708333 0.750000 0.791667</float_array><technique_common><accessor source="#BatRig_Hips-Matrix-animation-input-array" count="20"><param name="TIME" type="float"/></accessor></technique_common></source><source id="BatRig_Hips-Matrix-animation-output-transform"><float_array id="BatRig_Hips-Matrix-animation-output-transform-array" count="320">

0.997690 -0.041590 0.053719 0.000000 0.045971 0.995482 -0.083078 87.774506 -0.050021 0.085356 0.995094 0.000000 0.000000 0.000000 0.000000 1.000000
0.997503 -0.037061 0.060123 0.000000 0.041865 0.995857 -0.080726 87.591118 -0.056882 0.083041 0.994922 0.000000 0.000000 0.000000 0.000000 1.000000
0.996427 -0.022060 0.081535 0.000000 0.028050 0.996932 -0.073065 87.142136 -0.079673 0.075091 0.993989 0.000000 0.000000 0.000000 0.000000 1.000000
0.995143 -0.013681 0.097480 0.000000 0.020693 0.997241 -0.071293 88.382164 -0.096236 0.072964 0.992681 0.000000 0.000000 0.000000 0.000000 1.000000
0.993646 -0.006308 0.112374 0.000000 0.014288 0.997420 -0.070352 90.915344 -0.111640 0.071511 0.991172 0.000000 0.000000 0.000000 0.000000 1.000000
0.991809 0.001312 0.127718 0.000000 0.007628 0.997554 -0.069483 92.242767 -0.127497 0.069888 0.989374 0.000000 0.000000 0.000000 0.000000 1.000000
0.988754 0.012311 0.149043 0.000000 -0.002106 0.997654 -0.068436 91.347389 -0.149536 0.067353 0.986460 0.000000 0.000000 0.000000 0.000000 1.000000
0.985767 0.020587 0.166852 0.000000 -0.009371 0.997660 -0.067733 90.393036 -0.167856 0.065205 0.983653 0.000000 0.000000 0.000000 0.000000 1.000000
0.983431 0.019378 0.180244 0.000000 -0.007353 0.997716 -0.067148 90.193748 -0.181134 0.064710 0.981327 0.000000 0.000000 0.000000 0.000000 1.000000
0.979750 0.034581 0.197214 0.000000 -0.021762 0.997529 -0.066799 88.263054 -0.199037 0.061155 0.978082 0.000000 0.000000 0.000000 0.000000 1.000000
0.975453 0.041983 0.216169 0.000000 -0.028216 0.997395 -0.066386 87.334137 -0.218393 0.058657 0.974096 0.000000 0.000000 0.000000 0.000000 1.000000
0.971054 0.029893 0.236980 0.000000 -0.014821 0.997767 -0.065131 87.281281 -0.238398 0.059733 0.969329 0.000000 0.000000 0.000000 0.000000 1.000000
0.969044 0.014181 0.246481 0.000000 0.001629 0.997960 -0.063822 87.315941 -0.246883 0.062248 0.967044 0.000000 0.000000 0.000000 0.000000 1.000000
0.976864 0.000620 0.213861 0.000000 0.013489 0.997826 -0.064509 88.812592 -0.213436 0.065901 0.974732 0.000000 0.000000 0.000000 0.000000 1.000000
0.985350 -0.011854 0.170132 0.000000 0.023418 0.997536 -0.066127 90.920982 -0.168929 0.069142 0.983200 0.000000 0.000000 0.000000 0.000000 1.000000
0.991330 -0.023209 0.129327 0.000000 0.031942 0.997317 -0.065865 92.125198 -0.127451 0.069425 0.989412 0.000000 0.000000 0.000000 0.000000 1.000000
0.993958 -0.030384 0.105476 0.000000 0.037127 0.997350 -0.062569 91.784454 -0.103295 0.066107 0.992452 0.000000 0.000000 0.000000 0.000000 1.000000
0.995890 -0.036937 0.082700 0.000000 0.041930 0.997349 -0.059473 90.439026 -0.080284 0.062696 0.994798 0.000000 0.000000 0.000000 0.000000 1.000000
0.997181 -0.041125 0.062768 0.000000 0.045012 0.997072 -0.061818 89.809563 -0.060042 0.064469 0.996112 0.000000 0.000000 0.000000 0.000000 1.000000
0.998041 -0.042751 0.045686 0.000000 0.045921 0.996436 -0.070761 88.285553 -0.042498 0.072720 0.996447 0.000000 0.000000 0.000000 0.000000 1.000000</float_array><technique_common><accessor source="#BatRig_Hips-Matrix-animation-output-transform-array" count="20" stride="16"><param type="float4x4"/></accessor></technique_common></source><source id="BatRig_Hips-Interpolations"><Name_array id="BatRig_Hips-Interpolations-array" count="20">
 LINEAR LINEAR LINEAR LINEAR LINEAR LINEAR LINEAR LINEAR LINEAR LINEAR LINEAR
LINEAR LINEAR LINEAR LINEAR LINEAR LINEAR LINEAR LINEAR LINEAR</Name_array><technique_common><accessor source="#BatRig_Hips-Interpolations-array" count="20"><param type="name"/></accessor></technique_common></source><sampler id="BatRig_Hips-Matrix-animation-transform"><input semantic="INPUT" source="#BatRig_Hips-Matrix-animation-input"/><input semantic="OUTPUT" source="#BatRig_Hips-Matrix-animation-output-transform"/><input semantic="INTERPOLATION" source="#BatRig_Hips-Interpolations"/></sampler><channel source="#BatRig_Hips-Matrix-animation-transform" target="BatRig_Hips/matrix"/></animation><animation><source id="BatRig_Hips-visibility-animation-input"><float_array id="BatRig_Hips-visibility-animation-input-array" count="20">

0.000000 0.041667 0.083333 0.125000 0.166667 0.208333 0.250000 0.291667 0.333333 0.375000 0.416667 0.458333 0.500000 0.541667 0.583333 0.625000
0.666667 0.708333 0.750000 0.791667</float_array><technique_common><accessor source="#BatRig_Hips-visibility-animation-input-array" count="20"><param name="TIME" type="float"/></accessor></technique_common></source><source id="BatRig_Hips-visibility-animation-output"><float_array id="BatRig_Hips-visibility-animation-output-array" count="20">

1.000000 1.000000 1.000000 1.000000 1.000000 1.000000 1.000000 1.000000 1.000000 1.000000 1.000000 1.000000 1.000000 1.000000 1.000000 1.000000
1.000000 1.000000 1.000000 1.000000</float_array><technique_common><accessor source="#BatRig_Hips-visibility-animation-output-array" count="20"><param type="float"/></accessor></technique_common></source><source id="BatRig_Hips-visibility-animation-intan"><float_array id="BatRig_Hips-visibility-animation-intan-array" count="20">

0.000000 0.000000 0.000000 0.000000 0.000000 0.000000 0.000000 0.000000 0.000000 0.000000 0.000000 0.000000 0.000000 0.000000 0.000000 0.000000
0.000000 0.000000 0.000000 0.000000</float_array><technique_common><accessor source="#BatRig_Hips-visibility-animation-intan-array" count="20"><param type="float"/></accessor></technique_common></source><source id="BatRig_Hips-visibility-animation-outtan"><float_array id="BatRig_Hips-visibility-animation-outtan-array" count="20">

0.000000 0.000000 0.000000 0.000000 0.000000 0.000000 0.000000 0.000000 0.000000 0.000000 0.000000 0.000000 0.000000 0.000000 0.000000 0.000000
0.000000 0.000000 0.000000 0.000000</float_array><technique_common><accessor source="#BatRig_Hips-visibility-animation-outtan-array" count="20"><param type="float"/></accessor></technique_common></source><source id="BatRig_Hips-visibility-animation-interpolation"><Name_array id="BatRig_Hips-visibility-animation-interpolation-array" count="20">
 STEP STEP STEP STEP STEP STEP STEP STEP STEP STEP STEP STEP STEP STEP STEP STEP STEP
STEP STEP BEZIER</Name_array><technique_common><accessor source="#BatRig_Hips-visibility-animation-interpolation-array" count="20"><param type="name"/></accessor></technique_common></source><sampler id="BatRig_Hips-visibility-animation"><input semantic="INPUT" source="#BatRig_Hips-visibility-animation-input"/><input semantic="OUTPUT" source="#BatRig_Hips-visibility-animation-output"/><input semantic="IN_TANGENT" source="#BatRig_Hips-visibility-animation-intan"/><input semantic="OUT_TANGENT" source="#BatRig_Hips-visibility-animation-outtan"/><input semantic="INTERPOLATION" source="#BatRig_Hips-visibility-animation-interpolation"/></sampler><channel source="#BatRig_Hips-visibility-animation" target="BatRig_Hips/visibility"/></animation></animation>
    <animation id="BatRig_Spine-anim" name="BatRig_Spine"><animation><source id="BatRig_Spine-Matrix-animation-input"><float_array id="BatRig_Spine-Matrix-animation-input-array" count="20">

0.000000 0.041667 0.083333 0.125000 0.166667 0.208333 0.250000 0.291667 0.333333 0.375000 0.416667 0.458333 0.500000 0.541667 0.583333 0.625000
0.666667 0.708333 0.750000 0.791667</float_array><technique_common><accessor source="#BatRig_Spine-Matrix-animation-input-array" count="20"><param name="TIME" type="float"/></accessor></technique_common></source><source id="BatRig_Spine-Matrix-animation-output-transform"><float_array id="BatRig_Spine-Matrix-animation-output-transform-array" count="320">

0.986576 -0.005415 -0.163214 -0.000001 0.006334 0.999967 0.005110 3.725677 0.163181 -0.006075 0.986577 0.000001 0.000000 0.000000 0.000000 1.000000
0.986500 -0.005748 -0.163664 -0.000001 0.006743 0.999962 0.005522 3.725677 0.163626 -0.006551 0.986500 0.000001 0.000000 0.000000 0.000000 1.000000
0.986246 -0.006842 -0.165142 -0.000001 0.008089 0.999943 0.006879 3.725677 0.165086 -0.008120 0.986246 0.000001 0.000000 0.000000 0.000000 1.000000
0.986049 -0.007687 -0.166278 -0.000001 0.009123 0.999927 0.007872 3.725677 0.166205 -0.009279 0.986047 0.000001 0.000000 0.000000 0.000000 1.000000
0.985865 -0.008471 -0.167329 -0.000001 0.010082 0.999911 0.008783 3.725677 0.167240 -0.010346 0.985862 0.000001 0.000000 0.000000 0.000000 1.000000
0.985652 -0.009366 -0.168530 -0.000001 0.011177 0.999890 0.009798 3.725677 0.168420 -0.011541 0.985648 0.000001 0.000000 0.000000 0.000000 1.000000
0.985332 -0.010701 -0.170317 -0.000001 0.012763 0.999858 0.011017 3.725677 0.170175 -0.013029 0.985328 0.000001 0.000000 0.000000 0.000000 1.000000
0.985110 -0.011608 -0.171532 -0.000001 0.013938 0.999826 0.012385 3.725677 0.171359 -0.014591 0.985100 0.000001 0.000000 0.000000 0.000000 1.000000
0.985543 -0.002665 -0.169403 -0.000001 0.005312 0.999871 0.015172 3.725677 0.169341 -0.015853 0.985430 0.000001 0.000000 0.000000 0.000000 1.000000
0.985180 -0.009235 -0.171275 -0.000001 0.011986 0.999815 0.015036 3.725677 0.171105 -0.016866 0.985108 0.000001 0.000000 0.000000 0.000000 1.000000
0.984480 -0.012243 -0.175072 -0.000001 0.015047 0.999779 0.014696 3.725677 0.174853 -0.017102 0.984446 0.000001 0.000000 0.000000 0.000000 1.000000
0.983391 0.000315 -0.181496 -0.000001 0.002413 0.999888 0.014810 3.725677 0.181480 -0.015002 0.983280 0.000001 0.000000 0.000000 0.000000 1.000000
0.982576 0.010970 -0.185533 -0.000001 -0.008471 0.999863 0.014254 3.725677 0.185664 -0.012434 0.982535 0.000001 0.000000 0.000000 0.000000 1.000000
0.983493 0.006146 -0.180838 -0.000001 -0.003932 0.999913 0.012598 3.725677 0.180900 -0.011679 0.983432 0.000001 0.000000 0.000000 0.000000 1.000000
0.984855 -0.000945 -0.173373 -0.000001 0.002919 0.999934 0.011128 3.725677 0.173351 -0.011466 0.984793 0.000001 0.000000 0.000000 0.000000 1.000000
0.985848 -0.005651 -0.167548 -0.000001 0.007548 0.999915 0.010686 3.725677 0.167473 -0.011799 0.985806 0.000001 0.000000 0.000000 0.000000 1.000000
0.986218 -0.006833 -0.165309 -0.000001 0.009121 0.999873 0.013088 3.725677 0.165199 -0.014415 0.986155 0.000001 0.000000 0.000000 0.000000 1.000000
0.986419 -0.007197 -0.164093 -0.000001 0.010010 0.999817 0.016321 3.725677 0.163945 -0.017742 0.986310 0.000001 0.000000 0.000000 0.000000 1.000000
0.986600 -0.006437 -0.163030 -0.000001 0.008658 0.999879 0.012914 3.725677 0.162927 -0.014152 0.986537 0.000001 0.000000 0.000000 0.000000 1.000000
0.986678 -0.005088 -0.162606 -0.000001 0.006055 0.999967 0.005453 3.725677 0.162573 -0.006365 0.986676 0.000001 0.000000 0.000000 0.000000 1.000000</float_array><technique_common><accessor source="#BatRig_Spine-Matrix-animation-output-transform-array" count="20" stride="16"><param type="float4x4"/></accessor></technique_common></source><source id="BatRig_Spine-Interpolations"><Name_array id="BatRig_Spine-Interpolations-array" count="20">
 LINEAR LINEAR LINEAR LINEAR LINEAR LINEAR LINEAR LINEAR LINEAR LINEAR LINEAR
LINEAR LINEAR LINEAR LINEAR LINEAR LINEAR LINEAR LINEAR LINEAR</Name_array><technique_common><accessor source="#BatRig_Spine-Interpolations-array" count="20"><param type="name"/></accessor></technique_common></source><sampler id="BatRig_Spine-Matrix-animation-transform"><input semantic="INPUT" source="#BatRig_Spine-Matrix-animation-input"/><input semantic="OUTPUT" source="#BatRig_Spine-Matrix-animation-output-transform"/><input semantic="INTERPOLATION" source="#BatRig_Spine-Interpolations"/></sampler><channel source="#BatRig_Spine-Matrix-animation-transform" target="BatRig_Spine/matrix"/></animation><animation><source id="BatRig_Spine-visibility-animation-input"><float_array id="BatRig_Spine-visibility-animation-input-array" count="20">

0.000000 0.041667 0.083333 0.125000 0.166667 0.208333 0.250000 0.291667 0.333333 0.375000 0.416667 0.458333 0.500000 0.541667 0.583333 0.625000
0.666667 0.708333 0.750000 0.791667</float_array><technique_common><accessor source="#BatRig_Spine-visibility-animation-input-array" count="20"><param name="TIME" type="float"/></accessor></technique_common></source><source id="BatRig_Spine-visibility-animation-output"><float_array id="BatRig_Spine-visibility-animation-output-array" count="20">

1.000000 1.000000 1.000000 1.000000 1.000000 1.000000 1.000000 1.000000 1.000000 1.000000 1.000000 1.000000 1.000000 1.000000 1.000000 1.000000
1.000000 1.000000 1.000000 1.000000</float_array><technique_common><accessor source="#BatRig_Spine-visibility-animation-output-array" count="20"><param type="float"/></accessor></technique_common></source><source id="BatRig_Spine-visibility-animation-intan"><float_array id="BatRig_Spine-visibility-animation-intan-array" count="20">

0.000000 0.000000 0.000000 0.000000 0.000000 0.000000 0.000000 0.000000 0.000000 0.000000 0.000000 0.000000 0.000000 0.000000 0.000000 0.000000
0.000000 0.000000 0.000000 0.000000</float_array><technique_common><accessor source="#BatRig_Spine-visibility-animation-intan-array" count="20"><param type="float"/></accessor></technique_common></source><source id="BatRig_Spine-visibility-animation-outtan"><float_array id="BatRig_Spine-visibility-animation-outtan-array" count="20">

0.000000 0.000000 0.000000 0.000000 0.000000 0.000000 0.000000 0.000000 0.000000 0.000000 0.000000 0.000000 0.000000 0.000000 0.000000 0.000000
0.000000 0.000000 0.000000 0.000000</float_array><technique_common><accessor source="#BatRig_Spine-visibility-animation-outtan-array" count="20"><param type="float"/></accessor></technique_common></source><source id="BatRig_Spine-visibility-animation-interpolation"><Name_array id="BatRig_Spine-visibility-animation-interpolation-array" count="20">
 STEP STEP STEP STEP STEP STEP STEP STEP STEP STEP STEP STEP STEP STEP STEP STEP STEP
STEP STEP BEZIER</Name_array><technique_common><accessor source="#BatRig_Spine-visibility-animation-interpolation-array" count="20"><param type="name"/></accessor></technique_common></source><sampler id="BatRig_Spine-visibility-animation"><input semantic="INPUT" source="#BatRig_Spine-visibility-animation-input"/><input semantic="OUTPUT" source="#BatRig_Spine-visibility-animation-output"/><input semantic="IN_TANGENT" source="#BatRig_Spine-visibility-animation-intan"/><input semantic="OUT_TANGENT" source="#BatRig_Spine-visibility-animation-outtan"/><input semantic="INTERPOLATION" source="#BatRig_Spine-visibility-animation-interpolation"/></sampler><channel source="#BatRig_Spine-visibility-animation" target="BatRig_Spine/visibility"/></animation></animation>
    <animation id="BatRig_Spine1-anim" name="BatRig_Spine1"><animation><source id="BatRig_Spine1-Matrix-animation-input"><float_array id="BatRig_Spine1-Matrix-animation-input-array" count="20">

0.000000 0.041667 0.083333 0.125000 0.166667 0.208333 0.250000 0.291667 0.333333 0.375000 0.416667 0.458333 0.500000 0.541667 0.583333 0.625000
0.666667 0.708333 0.750000 0.791667</float_array><technique_common><accessor source="#BatRig_Spine1-Matrix-animation-input-array" count="20"><param name="TIME" type="float"/></accessor></technique_common></source><source id="BatRig_Spine1-Matrix-animation-output-transform"><float_array id="BatRig_Spine1-Matrix-animation-output-transform-array" count="320">

0.997151 0.006248 0.075166 0.000002 0.003049 0.992409 -0.122942 10.999832 -0.075364 0.122821 0.989563 -0.000003 0.000000 0.000000 0.000000 1.000000
0.997250 0.005531 0.073904 0.000002 0.003609 0.992404 -0.122965 10.999832 -0.074023 0.122894 0.989655 -0.000003 0.000000 0.000000 0.000000 1.000000
0.997559 0.003169 0.069752 0.000002 0.005452 0.992385 -0.123056 10.999832 -0.069611 0.123136 0.989945 -0.000003 0.000000 0.000000 0.000000 1.000000
0.997778 0.001424 0.066611 0.000002 0.006804 0.992367 -0.123133 10.999832 -0.066278 0.123313 0.990152 -0.000003 0.000000 0.000000 0.000000 1.000000
0.997968 -0.000181 0.063710 0.000002 0.008046 0.992348 -0.123214 10.999832 -0.063200 0.123476 0.990333 -0.000003 0.000000 0.000000 0.000000 1.000000
0.998169 -0.001976 0.060462 0.000002 0.009434 0.992323 -0.123314 10.999832 -0.059754 0.123659 0.990524 -0.000003 0.000000 0.000000 0.000000 1.000000
0.998399 -0.004213 0.056415 0.000002 0.011163 0.992288 -0.123453 10.999832 -0.055460 0.123885 0.990745 -0.000003 0.000000 0.000000 0.000000 1.000000
0.998618 -0.006569 0.052152 0.000002 0.012983 0.992246 -0.123617 10.999832 -0.050936 0.124123 0.990959 -0.000003 0.000000 0.000000 0.000000 1.000000
0.998781 -0.008343 0.048661 0.000002 0.014318 0.992208 -0.123765 10.999832 -0.047249 0.124311 0.991118 -0.000003 0.000000 0.000000 0.000000 1.000000
0.998901 -0.009254 0.045934 0.000002 0.014889 0.992184 -0.123890 10.999832 -0.044428 0.124438 0.991232 -0.000003 0.000000 0.000000 0.000000 1.000000
0.998926 -0.011315 0.044935 0.000002 0.016813 0.992148 -0.123930 10.999832 -0.043180 0.124552 0.991273 -0.000003 0.000000 0.000000 0.000000 1.000000
0.998765 -0.016147 0.046994 0.000002 0.021863 0.992067 -0.123794 10.999832 -0.044622 0.124668 0.991195 -0.000003 0.000000 0.000000 0.000000 1.000000
0.998558 -0.019247 0.050110 0.000002 0.025325 0.992006 -0.123625 10.999832 -0.047330 0.124716 0.991062 -0.000003 0.000000 0.000000 0.000000 1.000000
0.998480 -0.014255 0.053256 0.000002 0.020747 0.992139 -0.123407 10.999832 -0.051078 0.124324 0.990926 -0.000003 0.000000 0.000000 0.000000 1.000000
0.998373 -0.006164 0.056680 0.000002 0.013123 0.992290 -0.123241 10.999832 -0.055483 0.123784 0.990757 -0.000003 0.000000 0.000000 0.000000 1.000000
0.998160 0.000907 0.060628 0.000002 0.006611 0.992299 -0.123691 10.999832 -0.060273 0.123864 0.990467 -0.000003 0.000000 0.000000 0.000000 1.000000
0.997857 0.005374 0.065200 0.000002 0.002923 0.991963 -0.126499 10.999832 -0.065356 0.126419 0.989822 -0.000003 0.000000 0.000000 0.000000 1.000000
0.997533 0.008356 0.069696 0.000002 0.000772 0.991523 -0.129932 10.999832 -0.070191 0.129665 0.989070 -0.000003 0.000000 0.000000 0.000000 1.000000
0.997215 0.008341 0.074113 0.000002 0.001229 0.991755 -0.128147 10.999832 -0.074571 0.127881 0.988982 -0.000003 0.000000 0.000000 0.000000 1.000000
0.997036 0.007160 0.076605 0.000002 0.002356 0.992353 -0.123411 10.999832 -0.076903 0.123226 0.989394 -0.000003 0.000000 0.000000 0.000000 1.000000</float_array><technique_common><accessor source="#BatRig_Spine1-Matrix-animation-output-transform-array" count="20" stride="16"><param type="float4x4"/></accessor></technique_common></source><source id="BatRig_Spine1-Interpolations"><Name_array id="BatRig_Spine1-Interpolations-array" count="20">
 LINEAR LINEAR LINEAR LINEAR LINEAR LINEAR LINEAR LINEAR LINEAR LINEAR LINEAR
LINEAR LINEAR LINEAR LINEAR LINEAR LINEAR LINEAR LINEAR LINEAR</Name_array><technique_common><accessor source="#BatRig_Spine1-Interpolations-array" count="20"><param type="name"/></accessor></technique_common></source><sampler id="BatRig_Spine1-Matrix-animation-transform"><input semantic="INPUT" source="#BatRig_Spine1-Matrix-animation-input"/><input semantic="OUTPUT" source="#BatRig_Spine1-Matrix-animation-output-transform"/><input semantic="INTERPOLATION" source="#BatRig_Spine1-Interpolations"/></sampler><channel source="#BatRig_Spine1-Matrix-animation-transform" target="BatRig_Spine1/matrix"/></animation><animation><source id="BatRig_Spine1-visibility-animation-input"><float_array id="BatRig_Spine1-visibility-animation-input-array" count="20">

0.000000 0.041667 0.083333 0.125000 0.166667 0.208333 0.250000 0.291667 0.333333 0.375000 0.416667 0.458333 0.500000 0.541667 0.583333 0.625000
0.666667 0.708333 0.750000 0.791667</float_array><technique_common><accessor source="#BatRig_Spine1-visibility-animation-input-array" count="20"><param name="TIME" type="float"/></accessor></technique_common></source><source id="BatRig_Spine1-visibility-animation-output"><float_array id="BatRig_Spine1-visibility-animation-output-array" count="20">

1.000000 1.000000 1.000000 1.000000 1.000000 1.000000 1.000000 1.000000 1.000000 1.000000 1.000000 1.000000 1.000000 1.000000 1.000000 1.000000
1.000000 1.000000 1.000000 1.000000</float_array><technique_common><accessor source="#BatRig_Spine1-visibility-animation-output-array" count="20"><param type="float"/></accessor></technique_common></source><source id="BatRig_Spine1-visibility-animation-intan"><float_array id="BatRig_Spine1-visibility-animation-intan-array" count="20">

0.000000 0.000000 0.000000 0.000000 0.000000 0.000000 0.000000 0.000000 0.000000 0.000000 0.000000 0.000000 0.000000 0.000000 0.000000 0.000000
0.000000 0.000000 0.000000 0.000000</float_array><technique_common><accessor source="#BatRig_Spine1-visibility-animation-intan-array" count="20"><param type="float"/></accessor></technique_common></source><source id="BatRig_Spine1-visibility-animation-outtan"><float_array id="BatRig_Spine1-visibility-animation-outtan-array" count="20">

0.000000 0.000000 0.000000 0.000000 0.000000 0.000000 0.000000 0.000000 0.000000 0.000000 0.000000 0.000000 0.000000 0.000000 0.000000 0.000000
0.000000 0.000000 0.000000 0.000000</float_array><technique_common><accessor source="#BatRig_Spine1-visibility-animation-outtan-array" count="20"><param type="float"/></accessor></technique_common></source><source id="BatRig_Spine1-visibility-animation-interpolation"><Name_array id="BatRig_Spine1-visibility-animation-interpolation-array" count="20">
 STEP STEP STEP STEP STEP STEP STEP STEP STEP STEP STEP STEP STEP STEP STEP STEP STEP
STEP STEP BEZIER</Name_array><technique_common><accessor source="#BatRig_Spine1-visibility-animation-interpolation-array" count="20"><param type="name"/></accessor></technique_common></source><sampler id="BatRig_Spine1-visibility-animation"><input semantic="INPUT" source="#BatRig_Spine1-visibility-animation-input"/><input semantic="OUTPUT" source="#BatRig_Spine1-visibility-animation-output"/><input semantic="IN_TANGENT" source="#BatRig_Spine1-visibility-animation-intan"/><input semantic="OUT_TANGENT" source="#BatRig_Spine1-visibility-animation-outtan"/><input semantic="INTERPOLATION" source="#BatRig_Spine1-visibility-animation-interpolation"/></sampler><channel source="#BatRig_Spine1-visibility-animation" target="BatRig_Spine1/visibility"/></animation></animation>
    <animation id="BatRig_Spine2-anim" name="BatRig_Spine2"><animation><source id="BatRig_Spine2-Matrix-animation-input"><float_array id="BatRig_Spine2-Matrix-animation-input-array" count="20">

0.000000 0.041667 0.083333 0.125000 0.166667 0.208333 0.250000 0.291667 0.333333 0.375000 0.416667 0.458333 0.500000 0.541667 0.583333 0.625000
0.666667 0.708333 0.750000 0.791667</float_array><technique_common><accessor source="#BatRig_Spine2-Matrix-animation-input-array" count="20"><param name="TIME" type="float"/></accessor></technique_common></source><source id="BatRig_Spine2-Matrix-animation-output-transform"><float_array id="BatRig_Spine2-Matrix-animation-output-transform-array" count="320">

0.998240 0.042291 -0.041573 0.000000 -0.045799 0.995120 -0.087403 11.776703 0.037674 0.089153 0.995305 0.000004 0.000000 0.000000 0.000000 1.000000
0.998225 0.041456 -0.042765 0.000000 -0.045073 0.995153 -0.087403 11.776703 0.038934 0.089175 0.995254 0.000004 0.000000 0.000000 0.000000 1.000000
0.998160 0.038708 -0.046683 0.000000 -0.042684 0.995257 -0.087415 11.776703 0.043078 0.089247 0.995077 0.000004 0.000000 0.000000 0.000000 1.000000
0.998093 0.036672 -0.049653 0.000000 -0.040920 0.995330 -0.087435 11.776703 0.046215 0.089300 0.994932 0.000004 0.000000 0.000000 0.000000 1.000000
0.998020 0.034798 -0.052397 0.000000 -0.039298 0.995392 -0.087461 11.776703 0.049112 0.089347 0.994789 0.000004 0.000000 0.000000 0.000000 1.000000
0.997925 0.032700 -0.055468 0.000000 -0.037483 0.995459 -0.087501 11.776703 0.052355 0.089399 0.994619 0.000004 0.000000 0.000000 0.000000 1.000000
0.997787 0.030088 -0.059292 0.000000 -0.035224 0.995535 -0.087567 11.776703 0.056393 0.089462 0.994392 0.000004 0.000000 0.000000 0.000000 1.000000
0.997618 0.027337 -0.063319 0.000000 -0.032845 0.995610 -0.087656 11.776703 0.060645 0.089527 0.994137 0.000004 0.000000 0.000000 0.000000 1.000000
0.997459 0.025237 -0.066629 0.000000 -0.031052 0.995660 -0.087733 11.776703 0.064126 0.089579 0.993913 0.000004 0.000000 0.000000 0.000000 1.000000
0.997309 0.024069 -0.069250 0.000000 -0.030124 0.995685 -0.087769 11.776703 0.066839 0.089619 0.993731 0.000004 0.000000 0.000000 0.000000 1.000000
0.997302 0.021926 -0.070067 0.000000 -0.028065 0.995737 -0.087862 11.776703 0.067842 0.089591 0.993665 0.000004 0.000000 0.000000 0.000000 1.000000
0.997562 0.017326 -0.067599 -0.000000 -0.023246 0.995867 -0.087802 11.776703 0.065798 0.089159 0.993842 0.000004 0.000000 0.000000 0.000000 1.000000
0.997830 0.014530 -0.064221 -0.000000 -0.020146 0.995944 -0.087692 11.776703 0.062686 0.088795 0.994076 0.000004 0.000000 0.000000 0.000000 1.000000
0.997908 0.019810 -0.061548 -0.000000 -0.025164 0.995849 -0.087476 11.776703 0.059560 0.088842 0.994263 0.000004 0.000000 0.000000 0.000000 1.000000
0.997867 0.028212 -0.058864 0.000000 -0.033292 0.995636 -0.087179 11.776703 0.056148 0.088953 0.994452 0.000004 0.000000 0.000000 0.000000 1.000000
0.997823 0.035549 -0.055547 0.000000 -0.040347 0.995322 -0.087780 11.776703 0.052167 0.089830 0.994590 0.000004 0.000000 0.000000 0.000000 1.000000
0.997871 0.040207 -0.051356 -0.000000 -0.044757 0.994867 -0.090758 11.776703 0.047443 0.092863 0.994548 0.000004 0.000000 0.000000 0.000000 1.000000
0.997947 0.043381 -0.047114 0.000000 -0.047673 0.994415 -0.094153 11.776703 0.042766 0.096206 0.994442 0.000004 0.000000 0.000000 0.000000 1.000000
0.998121 0.043898 -0.042743 0.000000 -0.047703 0.994569 -0.092503 11.776703 0.038450 0.094368 0.994794 0.000004 0.000000 0.000000 0.000000 1.000000
0.998253 0.043297 -0.040209 0.000000 -0.046698 0.995034 -0.087902 11.776703 0.036203 0.089626 0.995317 0.000004 0.000000 0.000000 0.000000 1.000000</float_array><technique_common><accessor source="#BatRig_Spine2-Matrix-animation-output-transform-array" count="20" stride="16"><param type="float4x4"/></accessor></technique_common></source><source id="BatRig_Spine2-Interpolations"><Name_array id="BatRig_Spine2-Interpolations-array" count="20">
 LINEAR LINEAR LINEAR LINEAR LINEAR LINEAR LINEAR LINEAR LINEAR LINEAR LINEAR
LINEAR LINEAR LINEAR LINEAR LINEAR LINEAR LINEAR LINEAR LINEAR</Name_array><technique_common><accessor source="#BatRig_Spine2-Interpolations-array" count="20"><param type="name"/></accessor></technique_common></source><sampler id="BatRig_Spine2-Matrix-animation-transform"><input semantic="INPUT" source="#BatRig_Spine2-Matrix-animation-input"/><input semantic="OUTPUT" source="#BatRig_Spine2-Matrix-animation-output-transform"/><input semantic="INTERPOLATION" source="#BatRig_Spine2-Interpolations"/></sampler><channel source="#BatRig_Spine2-Matrix-animation-transform" target="BatRig_Spine2/matrix"/></animation><animation><source id="BatRig_Spine2-visibility-animation-input"><float_array id="BatRig_Spine2-visibility-animation-input-array" count="20">

0.000000 0.041667 0.083333 0.125000 0.166667 0.208333 0.250000 0.291667 0.333333 0.375000 0.416667 0.458333 0.500000 0.541667 0.583333 0.625000
0.666667 0.708333 0.750000 0.791667</float_array><technique_common><accessor source="#BatRig_Spine2-visibility-animation-input-array" count="20"><param name="TIME" type="float"/></accessor></technique_common></source><source id="BatRig_Spine2-visibility-animation-output"><float_array id="BatRig_Spine2-visibility-animation-output-array" count="20">

1.000000 1.000000 1.000000 1.000000 1.000000 1.000000 1.000000 1.000000 1.000000 1.000000 1.000000 1.000000 1.000000 1.000000 1.000000 1.000000
1.000000 1.000000 1.000000 1.000000</float_array><technique_common><accessor source="#BatRig_Spine2-visibility-animation-output-array" count="20"><param type="float"/></accessor></technique_common></source><source id="BatRig_Spine2-visibility-animation-intan"><float_array id="BatRig_Spine2-visibility-animation-intan-array" count="20">

0.000000 0.000000 0.000000 0.000000 0.000000 0.000000 0.000000 0.000000 0.000000 0.000000 0.000000 0.000000 0.000000 0.000000 0.000000 0.000000
0.000000 0.000000 0.000000 0.000000</float_array><technique_common><accessor source="#BatRig_Spine2-visibility-animation-intan-array" count="20"><param type="float"/></accessor></technique_common></source><source id="BatRig_Spine2-visibility-animation-outtan"><float_array id="BatRig_Spine2-visibility-animation-outtan-array" count="20">

0.000000 0.000000 0.000000 0.000000 0.000000 0.000000 0.000000 0.000000 0.000000 0.000000 0.000000 0.000000 0.000000 0.000000 0.000000 0.000000
0.000000 0.000000 0.000000 0.000000</float_array><technique_common><accessor source="#BatRig_Spine2-visibility-animation-outtan-array" count="20"><param type="float"/></accessor></technique_common></source><source id="BatRig_Spine2-visibility-animation-interpolation"><Name_array id="BatRig_Spine2-visibility-animation-interpolation-array" count="20">
 STEP STEP STEP STEP STEP STEP STEP STEP STEP STEP STEP STEP STEP STEP STEP STEP STEP
STEP STEP BEZIER</Name_array><technique_common><accessor source="#BatRig_Spine2-visibility-animation-interpolation-array" count="20"><param type="name"/></accessor></technique_common></source><sampler id="BatRig_Spine2-visibility-animation"><input semantic="INPUT" source="#BatRig_Spine2-visibility-animation-input"/><input semantic="OUTPUT" source="#BatRig_Spine2-visibility-animation-output"/><input semantic="IN_TANGENT" source="#BatRig_Spine2-visibility-animation-intan"/><input semantic="OUT_TANGENT" source="#BatRig_Spine2-visibility-animation-outtan"/><input semantic="INTERPOLATION" source="#BatRig_Spine2-visibility-animation-interpolation"/></sampler><channel source="#BatRig_Spine2-visibility-animation" target="BatRig_Spine2/visibility"/></animation></animation>
    <animation id="BatRig_Spine3-anim" name="BatRig_Spine3"><animation><source id="BatRig_Spine3-Matrix-animation-input"><float_array id="BatRig_Spine3-Matrix-animation-input-array" count="20">

0.000000 0.041667 0.083333 0.125000 0.166667 0.208333 0.250000 0.291667 0.333333 0.375000 0.416667 0.458333 0.500000 0.541667 0.583333 0.625000
0.666667 0.708333 0.750000 0.791667</float_array><technique_common><accessor source="#BatRig_Spine3-Matrix-animation-input-array" count="20"><param name="TIME" type="float"/></accessor></technique_common></source><source id="BatRig_Spine3-Matrix-animation-output-transform"><float_array id="BatRig_Spine3-Matrix-animation-output-transform-array" count="320">

0.999941 0.010585 0.002599 0.000001 -0.010429 0.998476 -0.054193 13.030716 -0.003169 0.054163 0.998527 -1.061704 0.000000 0.000000 0.000000 1.000000
0.999952 0.009680 0.001462 0.000001 -0.009587 0.998485 -0.054193 13.030716 -0.001984 0.054176 0.998529 -1.061704 0.000000 0.000000 0.000000 1.000000
0.999975 0.006704 -0.002279 0.000001 -0.006818 0.998506 -0.054205 13.030716 0.001912 0.054219 0.998527 -1.061704 0.000000 0.000000 0.000000 1.000000
0.999976 0.004504 -0.005129 0.000001 -0.004776 0.998518 -0.054228 13.030716 0.004877 0.054251 0.998516 -1.061704 0.000000 0.000000 0.000000 1.000000
0.999967 0.002482 -0.007764 0.000001 -0.002900 0.998523 -0.054259 13.030716 0.007618 0.054280 0.998496 -1.061704 0.000000 0.000000 0.000000 1.000000
