<?xml version="1.0" encoding="utf-8"?>
<COLLADA xmlns="http://www.collada.org/2005/11/COLLADASchema" version="1.4.1">
  <asset><contributor><author></author><authoring_tool>FBX COLLADA exporter</authoring_tool><comments></comments></contributor><created>2017-08-30T19:42:55Z</created><keywords></keywords><modified>2017-08-30T19:42:55Z</modified><revision></revision><subject></subject><title></title><unit meter="0.010000" name="centimeter"></unit><up_axis>Y_UP</up_axis></asset>
  <library_animations>
    <animation id="BatRig_Reference-anim" name="BatRig_Reference"><animation><source id="BatRig_Reference-Matrix-animation-input"><float_array id="BatRig_Reference-Matrix-animation-input-array" count="20">

0.000000 0.041667 0.083333 0.125000 0.166667 0.208333 0.250000 0.291667 0.333333 0.375000 0.416667 0.458333 0.500000 0.541667 0.583333 0.625000
0.666667 0.708333 0.750000 0.791667</float_array><technique_common><accessor source="#BatRig_Reference-Matrix-animation-input-array" count="20"><param name="TIME" type="float"/></accessor></technique_common></source><source id="BatRig_Reference-Matrix-animation-output-transform"><float_array id="BatRig_Reference-Matrix-animation-output-transform-array" count="320">

0.999956 0.000000 0.009384 0.789914 0.000000 1.000000 0.000000 0.000000 -0.009384 0.000000 0.999956 5.892213 0.000000 0.000000 0.000000 1.000000
0.999783 0.000000 0.020835 1.088761 0.000000 1.000000 0.000000 0.000000 -0.020835 0.000000 0.999783 11.551542 0.000000 0.000000 0.000000 1.000000
0.997308 0.000000 0.073322 1.921094 0.000000 1.000000 0.000000 0.000000 -0.073322 0.000000 0.997308 26.731766 0.000000 0.000000 0.000000 1.000000
0.987523 0.000000 0.157476 0.733431 0.000000 1.000000 0.000000 0.000000 -0.157476 0.000000 0.987523 30.892651 0.000000 0.000000 0.000000 1.000000
0.963870 0.000000 0.266376 -0.743705 0.000000 1.000000 0.000000 0.000000 -0.266376 0.000000 0.963870 33.456631 0.000000 0.000000 0.000000 1.000000
0.919515 0.000000 0.393054 0.291503 0.000000 1.000000 0.000000 0.000000 -0.393054 0.000000 0.919515 38.149029 0.000000 0.000000 0.000000 1.000000
0.848213 0.000000 0.529656 4.441281 0.000000 1.000000 0.000000 0.000000 -0.529656 0.000000 0.848213 46.954472 0.000000 0.000000 0.000000 1.000000
0.747634 0.000000 0.664111 9.720299 0.000000 1.000000 0.000000 0.000000 -0.664111 0.000000 0.747634 56.511887 0.000000 0.000000 0.000000 1.000000
0.616350 0.000000 0.787473 14.097160 0.000000 1.000000 0.000000 0.000000 -0.787473 0.000000 0.616350 62.041401 0.000000 0.000000 0.000000 1.000000
0.459050 0.000000 0.888410 16.983768 0.000000 1.000000 0.000000 0.000000 -0.888410 0.000000 0.459050 64.455299 0.000000 0.000000 0.000000 1.000000
0.282460 0.000000 0.959279 20.358810 0.000000 1.000000 0.000000 0.000000 -0.959279 0.000000 0.282460 64.754379 0.000000 0.000000 0.000000 1.000000
0.096218 0.000000 0.995361 28.188976 0.000000 1.000000 0.000000 0.000000 -0.995361 0.000000 0.096218 79.191849 0.000000 0.000000 0.000000 1.000000
-0.089322 0.000000 0.996003 41.945961 0.000000 1.000000 0.000000 0.000000 -0.996003 0.000000 -0.089322 92.116928 0.000000 0.000000 0.000000 1.000000
-0.262877 0.000000 0.964830 48.635288 0.000000 1.000000 0.000000 0.000000 -0.964830 0.000000 -0.262877 94.289299 0.000000 0.000000 0.000000 1.000000
-0.417984 0.000000 0.908455 52.917469 0.000000 1.000000 0.000000 0.000000 -0.908455 0.000000 -0.417984 93.985725 0.000000 0.000000 0.000000 1.000000
-0.547643 0.000000 0.836712 59.525394 0.000000 1.000000 0.000000 0.000000 -0.836712 0.000000 -0.547643 89.368202 0.000000 0.000000 0.000000 1.000000
-0.650059 0.000000 0.759883 69.864166 0.000000 1.000000 0.000000 0.000000 -0.759883 0.000000 -0.650059 80.960670 0.000000 0.000000 0.000000 1.000000
-0.725511 0.000000 0.688210 76.253532 0.000000 1.000000 0.000000 0.000000 -0.688210 0.000000 -0.725511 71.836189 0.000000 0.000000 0.000000 1.000000
-0.774916 0.000000 0.632065 81.590622 0.000000 1.000000 0.000000 0.000000 -0.632065 0.000000 -0.774916 63.685337 0.000000 0.000000 0.000000 1.000000
-0.802935 0.000000 0.596067 86.849213 0.000000 1.000000 0.000000 0.000000 -0.596067 0.000000 -0.802935 59.050976 0.000000 0.000000 0.000000 1.000000</float_array><technique_common><accessor source="#BatRig_Reference-Matrix-animation-output-transform-array" count="20" stride="16"><param type="float4x4"/></accessor></technique_common></source><source id="BatRig_Reference-Interpolations"><Name_array id="BatRig_Reference-Interpolations-array" count="20">
 LINEAR LINEAR LINEAR LINEAR LINEAR LINEAR LINEAR LINEAR LINEAR LINEAR LINEAR
LINEAR LINEAR LINEAR LINEAR LINEAR LINEAR LINEAR LINEAR LINEAR</Name_array><technique_common><accessor source="#BatRig_Reference-Interpolations-array" count="20"><param type="name"/></accessor></technique_common></source><sampler id="BatRig_Reference-Matrix-animation-transform"><input semantic="INPUT" source="#BatRig_Reference-Matrix-animation-input"/><input semantic="OUTPUT" source="#BatRig_Reference-Matrix-animation-output-transform"/><input semantic="INTERPOLATION" source="#BatRig_Reference-Interpolations"/></sampler><channel source="#BatRig_Reference-Matrix-animation-transform" target="BatRig_Reference/matrix"/></animation><animation><source id="BatRig_Reference-visibility-animation-input"><float_array id="BatRig_Reference-visibility-animation-input-array" count="20">

0.000000 0.041667 0.083333 0.125000 0.166667 0.208333 0.250000 0.291667 0.333333 0.375000 0.416667 0.458333 0.500000 0.541667 0.583333 0.625000
0.666667 0.708333 0.750000 0.791667</float_array><technique_common><accessor source="#BatRig_Reference-visibility-animation-input-array" count="20"><param name="TIME" type="float"/></accessor></technique_common></source><source id="BatRig_Reference-visibility-animation-output"><float_array id="BatRig_Reference-visibility-animation-output-array" count="20">

1.000000 1.000000 1.000000 1.000000 1.000000 1.000000 1.000000 1.000000 1.000000 1.000000 1.000000 1.000000 1.000000 1.000000 1.000000 1.000000
1.000000 1.000000 1.000000 1.000000</float_array><technique_common><accessor source="#BatRig_Reference-visibility-animation-output-array" count="20"><param type="float"/></accessor></technique_common></source><source id="BatRig_Reference-visibility-animation-intan"><float_array id="BatRig_Reference-visibility-animation-intan-array" count="20">

0.000000 0.000000 0.000000 0.000000 0.000000 0.000000 0.000000 0.000000 0.000000 0.000000 0.000000 0.000000 0.000000 0.000000 0.000000 0.000000
0.000000 0.000000 0.000000 0.000000</float_array><technique_common><accessor source="#BatRig_Reference-visibility-animation-intan-array" count="20"><param type="float"/></accessor></technique_common></source><source id="BatRig_Reference-visibility-animation-outtan"><float_array id="BatRig_Reference-visibility-animation-outtan-array" count="20">

0.000000 0.000000 0.000000 0.000000 0.000000 0.000000 0.000000 0.000000 0.000000 0.000000 0.000000 0.000000 0.000000 0.000000 0.000000 0.000000
0.000000 0.000000 0.000000 0.000000</float_array><technique_common><accessor source="#BatRig_Reference-visibility-animation-outtan-array" count="20"><param type="float"/></accessor></technique_common></source><source id="BatRig_Reference-visibility-animation-interpolation"><Name_array id="BatRig_Reference-visibility-animation-interpolation-array" count="20">
 STEP STEP STEP STEP STEP STEP STEP STEP STEP STEP STEP STEP STEP STEP STEP STEP STEP
STEP STEP BEZIER</Name_array><technique_common><accessor source="#BatRig_Reference-visibility-animation-interpolation-array" count="20"><param type="name"/></accessor></technique_common></source><sampler id="BatRig_Reference-visibility-animation"><input semantic="INPUT" source="#BatRig_Reference-visibility-animation-input"/><input semantic="OUTPUT" source="#BatRig_Reference-visibility-animation-output"/><input semantic="IN_TANGENT" source="#BatRig_Reference-visibility-animation-intan"/><input semantic="OUT_TANGENT" source="#BatRig_Reference-visibility-animation-outtan"/><input semantic="INTERPOLATION" source="#BatRig_Reference-visibility-animation-interpolation"/></sampler><channel source="#BatRig_Reference-visibility-animation" target="BatRig_Reference/visibility"/></animation></animation>
    <animation id="BatRig_Hips-anim" name="BatRig_Hips"><animation><source id="BatRig_Hips-Matrix-animation-input"><float_array id="BatRig_Hips-Matrix-animation-input-array" count="20">

0.000000 0.041667 0.083333 0.125000 0.166667 0.208333 0.250000 0.291667 0.333333 0.375000 0.416667 0.458333 0.500000 0.541667 0.583333 0.625000
0.666667 0.708333 0.750000 0.791667</float_array><technique_common><accessor source="#BatRig_Hips-Matrix-animation-input-array" count="20"><param name="TIME" type="float"/></accessor></technique_common></source><source id="BatRig_Hips-Matrix-animation-output-transform"><float_array id="BatRig_Hips-Matrix-animation-output-transform-array" count="320">

0.994040 -0.032856 0.103943 0.000000 0.040755 0.996365 -0.074804 87.779884 -0.101107 0.078594 0.991766 0.000000 0.000000 0.000000 0.000000 1.000000
0.993185 -0.029203 0.112829 0.000000 0.037730 0.996530 -0.074195 87.595352 -0.110271 0.077946 0.990840 0.000000 0.000000 0.000000 0.000000 1.000000
0.990993 -0.017823 0.132719 0.000000 0.027630 0.996991 -0.072419 87.142563 -0.131029 0.075434 0.988504 0.000000 0.000000 0.000000 0.000000 1.000000
0.992107 -0.011661 0.124847 0.000000 0.020696 0.997239 -0.071316 88.382149 -0.123671 0.073337 0.989610 0.000000 0.000000 0.000000 0.000000 1.000000
0.995289 -0.007441 0.096663 0.000000 0.014293 0.997418 -0.070388 90.915352 -0.095890 0.071438 0.992825 0.000000 0.000000 0.000000 0.000000 1.000000
0.998820 -0.004268 0.048390 0.000000 0.007631 0.997552 -0.069520 92.293129 -0.047975 0.069807 0.996406 0.000000 0.000000 0.000000 0.000000 1.000000
0.999925 0.001274 -0.012144 0.000000 -0.002104 0.997646 -0.068544 92.271439 0.012028 0.068564 0.997574 0.000000 0.000000 0.000000 0.000000 1.000000
0.995983 0.003280 -0.089479 0.000000 -0.009372 0.997659 -0.067746 92.168106 0.089047 0.068313 0.993682 0.000000 0.000000 0.000000 0.000000 1.000000
0.983195 -0.005039 -0.182487 0.000000 -0.007378 0.997705 -0.067300 90.193779 0.182407 0.067515 0.980903 0.000000 0.000000 0.000000 0.000000 1.000000
0.961773 0.002636 -0.273834 0.000000 -0.021797 0.997518 -0.066954 88.263092 0.272978 0.070363 0.959444 0.000000 0.000000 0.000000 0.000000 1.000000
0.943934 0.004743 -0.330101 0.000000 -0.028232 0.997393 -0.066399 87.334167 0.328926 0.071996 0.941607 0.000000 0.000000 0.000000 0.000000 1.000000
0.960221 -0.003936 -0.279212 0.000000 -0.014881 0.997759 -0.065241 87.281303 0.278843 0.066801 0.958011 0.000000 0.000000 0.000000 0.000000 1.000000
0.984108 -0.012937 -0.177100 0.000000 0.001626 0.997957 -0.063865 87.315948 0.177564 0.062562 0.982119 0.000000 0.000000 0.000000 0.000000 1.000000
0.997133 -0.018250 -0.073442 0.000000 0.013499 0.997815 -0.064679 88.812630 0.074462 0.063502 0.995200 0.000000 0.000000 0.000000 0.000000 1.000000
0.999707 -0.022963 0.007706 0.000000 0.023423 0.997532 -0.066182 90.920998 -0.006167 0.066343 0.997778 0.000000 0.000000 0.000000 0.000000 1.000000
0.999200 -0.030279 0.026115 0.000000 0.031943 0.997317 -0.065868 92.125191 -0.024051 0.066650 0.997487 0.000000 0.000000 0.000000 0.000000 1.000000
0.999293 -0.036676 0.008354 0.000000 0.037128 0.997349 -0.062571 92.281075 -0.006037 0.062837 0.998006 -0.000000 0.000000 0.000000 0.000000 1.000000
0.999120 -0.041768 0.003956 0.000000 0.041930 0.997348 -0.059482 92.330116 -0.001461 0.059595 0.998222 -0.000000 0.000000 0.000000 0.000000 1.000000
0.999025 -0.043630 0.006753 0.000000 0.043944 0.997413 -0.056888 91.342094 -0.004254 0.057129 0.998358 0.000000 0.000000 0.000000 0.000000 1.000000
0.999082 -0.042632 -0.004159 0.000000 0.042348 0.997659 -0.053694 88.723839 0.006438 0.053469 0.998549 0.000000 0.000000 0.000000 0.000000 1.000000</float_array><technique_common><accessor source="#BatRig_Hips-Matrix-animation-output-transform-array" count="20" stride="16"><param type="float4x4"/></accessor></technique_common></source><source id="BatRig_Hips-Interpolations"><Name_array id="BatRig_Hips-Interpolations-array" count="20">
 LINEAR LINEAR LINEAR LINEAR LINEAR LINEAR LINEAR LINEAR LINEAR LINEAR LINEAR
LINEAR LINEAR LINEAR LINEAR LINEAR LINEAR LINEAR LINEAR LINEAR</Name_array><technique_common><accessor source="#BatRig_Hips-Interpolations-array" count="20"><param type="name"/></accessor></technique_common></source><sampler id="BatRig_Hips-Matrix-animation-transform"><input semantic="INPUT" source="#BatRig_Hips-Matrix-animation-input"/><input semantic="OUTPUT" source="#BatRig_Hips-Matrix-animation-output-transform"/><input semantic="INTERPOLATION" source="#BatRig_Hips-Interpolations"/></sampler><channel source="#BatRig_Hips-Matrix-animation-transform" target="BatRig_Hips/matrix"/></animation><animation><source id="BatRig_Hips-visibility-animation-input"><float_array id="BatRig_Hips-visibility-animation-input-array" count="20">

0.000000 0.041667 0.083333 0.125000 0.166667 0.208333 0.250000 0.291667 0.333333 0.375000 0.416667 0.458333 0.500000 0.541667 0.583333 0.625000
0.666667 0.708333 0.750000 0.791667</float_array><technique_common><accessor source="#BatRig_Hips-visibility-animation-input-array" count="20"><param name="TIME" type="float"/></accessor></technique_common></source><source id="BatRig_Hips-visibility-animation-output"><float_array id="BatRig_Hips-visibility-animation-output-array" count="20">

1.000000 1.000000 1.000000 1.000000 1.000000 1.000000 1.000000 1.000000 1.000000 1.000000 1.000000 1.000000 1.000000 1.000000 1.000000 1.000000
1.000000 1.000000 1.000000 1.000000</float_array><technique_common><accessor source="#BatRig_Hips-visibility-animation-output-array" count="20"><param type="float"/></accessor></technique_common></source><source id="BatRig_Hips-visibility-animation-intan"><float_array id="BatRig_Hips-visibility-animation-intan-array" count="20">

0.000000 0.000000 0.000000 0.000000 0.000000 0.000000 0.000000 0.000000 0.000000 0.000000 0.000000 0.000000 0.000000 0.000000 0.000000 0.000000
0.000000 0.000000 0.000000 0.000000</float_array><technique_common><accessor source="#BatRig_Hips-visibility-animation-intan-array" count="20"><param type="float"/></accessor></technique_common></source><source id="BatRig_Hips-visibility-animation-outtan"><float_array id="BatRig_Hips-visibility-animation-outtan-array" count="20">

0.000000 0.000000 0.000000 0.000000 0.000000 0.000000 0.000000 0.000000 0.000000 0.000000 0.000000 0.000000 0.000000 0.000000 0.000000 0.000000
0.000000 0.000000 0.000000 0.000000</float_array><technique_common><accessor source="#BatRig_Hips-visibility-animation-outtan-array" count="20"><param type="float"/></accessor></technique_common></source><source id="BatRig_Hips-visibility-animation-interpolation"><Name_array id="BatRig_Hips-visibility-animation-interpolation-array" count="20">
 STEP STEP STEP STEP STEP STEP STEP STEP STEP STEP STEP STEP STEP STEP STEP STEP STEP
STEP STEP BEZIER</Name_array><technique_common><accessor source="#BatRig_Hips-visibility-animation-interpolation-array" count="20"><param type="name"/></accessor></technique_common></source><sampler id="BatRig_Hips-visibility-animation"><input semantic="INPUT" source="#BatRig_Hips-visibility-animation-input"/><input semantic="OUTPUT" source="#BatRig_Hips-visibility-animation-output"/><input semantic="IN_TANGENT" source="#BatRig_Hips-visibility-animation-intan"/><input semantic="OUT_TANGENT" source="#BatRig_Hips-visibility-animation-outtan"/><input semantic="INTERPOLATION" source="#BatRig_Hips-visibility-animation-interpolation"/></sampler><channel source="#BatRig_Hips-visibility-animation" target="BatRig_Hips/visibility"/></animation></animation>
    <animation id="BatRig_Spine-anim" name="BatRig_Spine"><animation><source id="BatRig_Spine-Matrix-animation-input"><float_array id="BatRig_Spine-Matrix-animation-input-array" count="20">

0.000000 0.041667 0.083333 0.125000 0.166667 0.208333 0.250000 0.291667 0.333333 0.375000 0.416667 0.458333 0.500000 0.541667 0.583333 0.625000
0.666667 0.708333 0.750000 0.791667</float_array><technique_common><accessor source="#BatRig_Spine-Matrix-animation-input-array" count="20"><param name="TIME" type="float"/></accessor></technique_common></source><source id="BatRig_Spine-Matrix-animation-output-transform"><float_array id="BatRig_Spine-Matrix-animation-output-transform-array" count="320">

0.986593 -0.005332 -0.163116 -0.000001 0.006251 0.999967 0.005124 3.725677 0.163083 -0.006075 0.986594 0.000001 0.000000 0.000000 0.000000 1.000000
0.986513 -0.005682 -0.163586 -0.000001 0.006677 0.999962 0.005533 3.725677 0.163548 -0.006551 0.986514 0.000001 0.000000 0.000000 0.000000 1.000000
0.986247 -0.006835 -0.165134 -0.000001 0.008082 0.999943 0.006880 3.725677 0.165078 -0.008120 0.986247 0.000001 0.000000 0.000000 0.000000 1.000000
0.986049 -0.007687 -0.166278 -0.000001 0.009123 0.999927 0.007872 3.725677 0.166205 -0.009279 0.986047 0.000001 0.000000 0.000000 0.000000 1.000000
0.985865 -0.008471 -0.167329 -0.000001 0.010082 0.999911 0.008783 3.725677 0.167240 -0.010346 0.985862 0.000001 0.000000 0.000000 0.000000 1.000000
0.985652 -0.009366 -0.168529 -0.000001 0.011177 0.999890 0.009798 3.725677 0.168419 -0.011541 0.985648 0.000001 0.000000 0.000000 0.000000 1.000000
0.985332 -0.010701 -0.170317 -0.000001 0.012763 0.999858 0.011017 3.725677 0.170175 -0.013029 0.985328 0.000001 0.000000 0.000000 0.000000 1.000000
0.985110 -0.011608 -0.171532 -0.000001 0.013938 0.999826 0.012385 3.725677 0.171359 -0.014591 0.985100 0.000001 0.000000 0.000000 0.000000 1.000000
0.985543 -0.002665 -0.169402 -0.000001 0.005312 0.999871 0.015172 3.725677 0.169340 -0.015853 0.985430 0.000001 0.000000 0.000000 0.000000 1.000000
0.985180 -0.009235 -0.171275 -0.000001 0.011986 0.999815 0.015036 3.725677 0.171105 -0.016866 0.985108 0.000001 0.000000 0.000000 0.000000 1.000000
0.984480 -0.012243 -0.175072 -0.000001 0.015047 0.999779 0.014696 3.725677 0.174853 -0.017102 0.984446 0.000001 0.000000 0.000000 0.000000 1.000000
0.983391 0.000315 -0.181497 -0.000001 0.002413 0.999888 0.014810 3.725677 0.181481 -0.015002 0.983280 0.000001 0.000000 0.000000 0.000000 1.000000
0.982577 0.010969 -0.185532 -0.000001 -0.008471 0.999863 0.014254 3.725677 0.185663 -0.012434 0.982535 0.000001 0.000000 0.000000 0.000000 1.000000
0.983493 0.006146 -0.180839 -0.000001 -0.003932 0.999913 0.012598 3.725677 0.180901 -0.011679 0.983432 0.000001 0.000000 0.000000 0.000000 1.000000
0.984855 -0.000945 -0.173374 -0.000001 0.002919 0.999934 0.011128 3.725677 0.173352 -0.011466 0.984794 0.000001 0.000000 0.000000 0.000000 1.000000
0.985848 -0.005651 -0.167548 -0.000001 0.007548 0.999915 0.010686 3.725677 0.167473 -0.011799 0.985806 0.000001 0.000000 0.000000 0.000000 1.000000
0.986218 -0.006833 -0.165309 -0.000001 0.009121 0.999873 0.013088 3.725677 0.165199 -0.014415 0.986155 0.000001 0.000000 0.000000 0.000000 1.000000
0.986419 -0.007197 -0.164093 -0.000001 0.010010 0.999817 0.016321 3.725677 0.163945 -0.017742 0.986310 0.000001 0.000000 0.000000 0.000000 1.000000
0.986600 -0.006437 -0.163029 -0.000001 0.008658 0.999879 0.012914 3.725677 0.162926 -0.014152 0.986537 0.000001 0.000000 0.000000 0.000000 1.000000
0.986678 -0.005087 -0.162606 -0.000001 0.006054 0.999967 0.005453 3.725677 0.162573 -0.006365 0.986676 0.000001 0.000000 0.000000 0.000000 1.000000</float_array><technique_common><accessor source="#BatRig_Spine-Matrix-animation-output-transform-array" count="20" stride="16"><param type="float4x4"/></accessor></technique_common></source><source id="BatRig_Spine-Interpolations"><Name_array id="BatRig_Spine-Interpolations-array" count="20">
 LINEAR LINEAR LINEAR LINEAR LINEAR LINEAR LINEAR LINEAR LINEAR LINEAR LINEAR
LINEAR LINEAR LINEAR LINEAR LINEAR LINEAR LINEAR LINEAR LINEAR</Name_array><technique_common><accessor source="#BatRig_Spine-Interpolations-array" count="20"><param type="name"/></accessor></technique_common></source><sampler id="BatRig_Spine-Matrix-animation-transform"><input semantic="INPUT" source="#BatRig_Spine-Matrix-animation-input"/><input semantic="OUTPUT" source="#BatRig_Spine-Matrix-animation-output-transform"/><input semantic="INTERPOLATION" source="#BatRig_Spine-Interpolations"/></sampler><channel source="#BatRig_Spine-Matrix-animation-transform" target="BatRig_Spine/matrix"/></animation><animation><source id="BatRig_Spine-visibility-animation-input"><float_array id="BatRig_Spine-visibility-animation-input-array" count="20">

0.000000 0.041667 0.083333 0.125000 0.166667 0.208333 0.250000 0.291667 0.333333 0.375000 0.416667 0.458333 0.500000 0.541667 0.583333 0.625000
0.666667 0.708333 0.750000 0.791667</float_array><technique_common><accessor source="#BatRig_Spine-visibility-animation-input-array" count="20"><param name="TIME" type="float"/></accessor></technique_common></source><source id="BatRig_Spine-visibility-animation-output"><float_array id="BatRig_Spine-visibility-animation-output-array" count="20">

1.000000 1.000000 1.000000 1.000000 1.000000 1.000000 1.000000 1.000000 1.000000 1.000000 1.000000 1.000000 1.000000 1.000000 1.000000 1.000000
1.000000 1.000000 1.000000 1.000000</float_array><technique_common><accessor source="#BatRig_Spine-visibility-animation-output-array" count="20"><param type="float"/></accessor></technique_common></source><source id="BatRig_Spine-visibility-animation-intan"><float_array id="BatRig_Spine-visibility-animation-intan-array" count="20">

0.000000 0.000000 0.000000 0.000000 0.000000 0.000000 0.000000 0.000000 0.000000 0.000000 0.000000 0.000000 0.000000 0.000000 0.000000 0.000000
0.000000 0.000000 0.000000 0.000000</float_array><technique_common><accessor source="#BatRig_Spine-visibility-animation-intan-array" count="20"><param type="float"/></accessor></technique_common></source><source id="BatRig_Spine-visibility-animation-outtan"><float_array id="BatRig_Spine-visibility-animation-outtan-array" count="20">

0.000000 0.000000 0.000000 0.000000 0.000000 0.000000 0.000000 0.000000 0.000000 0.000000 0.000000 0.000000 0.000000 0.000000 0.000000 0.000000
0.000000 0.000000 0.000000 0.000000</float_array><technique_common><accessor source="#BatRig_Spine-visibility-animation-outtan-array" count="20"><param type="float"/></accessor></technique_common></source><source id="BatRig_Spine-visibility-animation-interpolation"><Name_array id="BatRig_Spine-visibility-animation-interpolation-array" count="20">
 STEP STEP STEP STEP STEP STEP STEP STEP STEP STEP STEP STEP STEP STEP STEP STEP STEP
STEP STEP BEZIER</Name_array><technique_common><accessor source="#BatRig_Spine-visibility-animation-interpolation-array" count="20"><param type="name"/></accessor></technique_common></source><sampler id="BatRig_Spine-visibility-animation"><input semantic="INPUT" source="#BatRig_Spine-visibility-animation-input"/><input semantic="OUTPUT" source="#BatRig_Spine-visibility-animation-output"/><input semantic="IN_TANGENT" source="#BatRig_Spine-visibility-animation-intan"/><input semantic="OUT_TANGENT" source="#BatRig_Spine-visibility-animation-outtan"/><input semantic="INTERPOLATION" source="#BatRig_Spine-visibility-animation-interpolation"/></sampler><channel source="#BatRig_Spine-visibility-animation" target="BatRig_Spine/visibility"/></animation></animation>
    <animation id="BatRig_Spine1-anim" name="BatRig_Spine1"><animation><source id="BatRig_Spine1-Matrix-animation-input"><float_array id="BatRig_Spine1-Matrix-animation-input-array" count="20">

0.000000 0.041667 0.083333 0.125000 0.166667 0.208333 0.250000 0.291667 0.333333 0.375000 0.416667 0.458333 0.500000 0.541667 0.583333 0.625000
0.666667 0.708333 0.750000 0.791667</float_array><technique_common><accessor source="#BatRig_Spine1-Matrix-animation-input-array" count="20"><param name="TIME" type="float"/></accessor></technique_common></source><source id="BatRig_Spine1-Matrix-animation-output-transform"><float_array id="BatRig_Spine1-Matrix-animation-output-transform-array" count="320">

0.997139 0.006248 0.075330 0.000002 0.003069 0.992409 -0.122942 10.999832 -0.075526 0.122821 0.989551 -0.000003 0.000000 0.000000 0.000000 1.000000
0.997241 0.005531 0.074033 0.000002 0.003625 0.992404 -0.122965 10.999832 -0.074151 0.122894 0.989646 -0.000003 0.000000 0.000000 0.000000 1.000000
0.997559 0.003168 0.069765 0.000002 0.005454 0.992385 -0.123056 10.999832 -0.069624 0.123136 0.989944 -0.000003 0.000000 0.000000 0.000000 1.000000
0.997778 0.001424 0.066611 0.000002 0.006804 0.992367 -0.123133 10.999832 -0.066278 0.123313 0.990152 -0.000003 0.000000 0.000000 0.000000 1.000000
0.997968 -0.000181 0.063710 0.000002 0.008046 0.992348 -0.123214 10.999832 -0.063200 0.123476 0.990333 -0.000003 0.000000 0.000000 0.000000 1.000000
0.998169 -0.001976 0.060462 0.000002 0.009434 0.992323 -0.123314 10.999832 -0.059754 0.123659 0.990524 -0.000003 0.000000 0.000000 0.000000 1.000000
0.998399 -0.004213 0.056415 0.000002 0.011163 0.992288 -0.123453 10.999832 -0.055460 0.123885 0.990745 -0.000003 0.000000 0.000000 0.000000 1.000000
0.998618 -0.006569 0.052152 0.000002 0.012983 0.992246 -0.123617 10.999832 -0.050936 0.124123 0.990959 -0.000003 0.000000 0.000000 0.000000 1.000000
0.998781 -0.008343 0.048661 0.000002 0.014318 0.992208 -0.123765 10.999832 -0.047249 0.124311 0.991118 -0.000003 0.000000 0.000000 0.000000 1.000000
0.998901 -0.009254 0.045934 0.000002 0.014889 0.992184 -0.123890 10.999832 -0.044428 0.124438 0.991232 -0.000003 0.000000 0.000000 0.000000 1.000000
0.998926 -0.011315 0.044935 0.000002 0.016813 0.992148 -0.123930 10.999832 -0.043180 0.124552 0.991273 -0.000003 0.000000 0.000000 0.000000 1.000000
0.998765 -0.016147 0.046993 0.000002 0.021863 0.992067 -0.123794 10.999832 -0.044621 0.124668 0.991195 -0.000003 0.000000 0.000000 0.000000 1.000000
0.998558 -0.019247 0.050110 0.000002 0.025325 0.992006 -0.123625 10.999832 -0.047330 0.124716 0.991062 -0.000003 0.000000 0.000000 0.000000 1.000000
0.998480 -0.014255 0.053256 0.000002 0.020747 0.992139 -0.123407 10.999832 -0.051078 0.124324 0.990926 -0.000003 0.000000 0.000000 0.000000 1.000000
0.998373 -0.006164 0.056680 0.000002 0.013123 0.992290 -0.123241 10.999832 -0.055483 0.123784 0.990757 -0.000003 0.000000 0.000000 0.000000 1.000000
0.998160 0.000907 0.060628 0.000002 0.006611 0.992299 -0.123691 10.999832 -0.060273 0.123864 0.990467 -0.000003 0.000000 0.000000 0.000000 1.000000
0.997857 0.005374 0.065200 0.000002 0.002923 0.991963 -0.126499 10.999832 -0.065356 0.126419 0.989822 -0.000003 0.000000 0.000000 0.000000 1.000000
0.997533 0.008357 0.069697 0.000002 0.000772 0.991523 -0.129932 10.999832 -0.070192 0.129665 0.989070 -0.000003 0.000000 0.000000 0.000000 1.000000
0.997215 0.008341 0.074113 0.000002 0.001229 0.991755 -0.128147 10.999832 -0.074571 0.127881 0.988982 -0.000003 0.000000 0.000000 0.000000 1.000000
0.997036 0.007160 0.076605 0.000002 0.002356 0.992353 -0.123411 10.999832 -0.076903 0.123226 0.989394 -0.000003 0.000000 0.000000 0.000000 1.000000</float_array><technique_common><accessor source="#BatRig_Spine1-Matrix-animation-output-transform-array" count="20" stride="16"><param type="float4x4"/></accessor></technique_common></source><source id="BatRig_Spine1-Interpolations"><Name_array id="BatRig_Spine1-Interpolations-array" count="20">
 LINEAR LINEAR LINEAR LINEAR LINEAR LINEAR LINEAR LINEAR LINEAR LINEAR LINEAR
LINEAR LINEAR LINEAR LINEAR LINEAR LINEAR LINEAR LINEAR LINEAR</Name_array><technique_common><accessor source="#BatRig_Spine1-Interpolations-array" count="20"><param type="name"/></accessor></technique_common></source><sampler id="BatRig_Spine1-Matrix-animation-transform"><input semantic="INPUT" source="#BatRig_Spine1-Matrix-animation-input"/><input semantic="OUTPUT" source="#BatRig_Spine1-Matrix-animation-output-transform"/><input semantic="INTERPOLATION" source="#BatRig_Spine1-Interpolations"/></sampler><channel source="#BatRig_Spine1-Matrix-animation-transform" target="BatRig_Spine1/matrix"/></animation><animation><source id="BatRig_Spine1-visibility-animation-input"><float_array id="BatRig_Spine1-visibility-animation-input-array" count="20">

0.000000 0.041667 0.083333 0.125000 0.166667 0.208333 0.250000 0.291667 0.333333 0.375000 0.416667 0.458333 0.500000 0.541667 0.583333 0.625000
0.666667 0.708333 0.750000 0.791667</float_array><technique_common><accessor source="#BatRig_Spine1-visibility-animation-input-array" count="20"><param name="TIME" type="float"/></accessor></technique_common></source><source id="BatRig_Spine1-visibility-animation-output"><float_array id="BatRig_Spine1-visibility-animation-output-array" count="20">

1.000000 1.000000 1.000000 1.000000 1.000000 1.000000 1.000000 1.000000 1.000000 1.000000 1.000000 1.000000 1.000000 1.000000 1.000000 1.000000
1.000000 1.000000 1.000000 1.000000</float_array><technique_common><accessor source="#BatRig_Spine1-visibility-animation-output-array" count="20"><param type="float"/></accessor></technique_common></source><source id="BatRig_Spine1-visibility-animation-intan"><float_array id="BatRig_Spine1-visibility-animation-intan-array" count="20">

0.000000 0.000000 0.000000 0.000000 0.000000 0.000000 0.000000 0.000000 0.000000 0.000000 0.000000 0.000000 0.000000 0.000000 0.000000 0.000000
0.000000 0.000000 0.000000 0.000000</float_array><technique_common><accessor source="#BatRig_Spine1-visibility-animation-intan-array" count="20"><param type="float"/></accessor></technique_common></source><source id="BatRig_Spine1-visibility-animation-outtan"><float_array id="BatRig_Spine1-visibility-animation-outtan-array" count="20">

0.000000 0.000000 0.000000 0.000000 0.000000 0.000000 0.000000 0.000000 0.000000 0.000000 0.000000 0.000000 0.000000 0.000000 0.000000 0.000000
0.000000 0.000000 0.000000 0.000000</float_array><technique_common><accessor source="#BatRig_Spine1-visibility-animation-outtan-array" count="20"><param type="float"/></accessor></technique_common></source><source id="BatRig_Spine1-visibility-animation-interpolation"><Name_array id="BatRig_Spine1-visibility-animation-interpolation-array" count="20">
 STEP STEP STEP STEP STEP STEP STEP STEP STEP STEP STEP STEP STEP STEP STEP STEP STEP
STEP STEP BEZIER</Name_array><technique_common><accessor source="#BatRig_Spine1-visibility-animation-interpolation-array" count="20"><param type="name"/></accessor></technique_common></source><sampler id="BatRig_Spine1-visibility-animation"><input semantic="INPUT" source="#BatRig_Spine1-visibility-animation-input"/><input semantic="OUTPUT" source="#BatRig_Spine1-visibility-animation-output"/><input semantic="IN_TANGENT" source="#BatRig_Spine1-visibility-animation-intan"/><input semantic="OUT_TANGENT" source="#BatRig_Spine1-visibility-animation-outtan"/><input semantic="INTERPOLATION" source="#BatRig_Spine1-visibility-animation-interpolation"/></sampler><channel source="#BatRig_Spine1-visibility-animation" target="BatRig_Spine1/visibility"/></animation></animation>
    <animation id="BatRig_Spine2-anim" name="BatRig_Spine2"><animation><source id="BatRig_Spine2-Matrix-animation-input"><float_array id="BatRig_Spine2-Matrix-animation-input-array" count="20">

0.000000 0.041667 0.083333 0.125000 0.166667 0.208333 0.250000 0.291667 0.333333 0.375000 0.416667 0.458333 0.500000 0.541667 0.583333 0.625000
0.666667 0.708333 0.750000 0.791667</float_array><technique_common><accessor source="#BatRig_Spine2-Matrix-animation-input-array" count="20"><param name="TIME" type="float"/></accessor></technique_common></source><source id="BatRig_Spine2-Matrix-animation-output-transform"><float_array id="BatRig_Spine2-Matrix-animation-output-transform-array" count="320">

0.998247 0.042304 -0.041403 0.000000 -0.045797 0.995119 -0.087411 11.776703 0.037503 0.089154 0.995312 0.000004 0.000000 0.000000 0.000000 1.000000
0.998231 0.041466 -0.042630 -0.000000 -0.045071 0.995152 -0.087409 11.776703 0.038799 0.089176 0.995260 0.000004 0.000000 0.000000 0.000000 1.000000
0.998160 0.038708 -0.046669 0.000000 -0.042683 0.995257 -0.087416 11.776703 0.043064 0.089247 0.995078 0.000004 0.000000 0.000000 0.000000 1.000000
0.998093 0.036672 -0.049653 -0.000000 -0.040920 0.995330 -0.087435 11.776703 0.046215 0.089300 0.994932 0.000004 0.000000 0.000000 0.000000 1.000000
0.998020 0.034798 -0.052397 0.000000 -0.039298 0.995392 -0.087461 11.776703 0.049112 0.089347 0.994789 0.000004 0.000000 0.000000 0.000000 1.000000
0.997925 0.032700 -0.055468 0.000000 -0.037483 0.995459 -0.087501 11.776703 0.052355 0.089399 0.994619 0.000004 0.000000 0.000000 0.000000 1.000000
0.997787 0.030087 -0.059292 -0.000000 -0.035223 0.995536 -0.087567 11.776703 0.056393 0.089462 0.994392 0.000004 0.000000 0.000000 0.000000 1.000000
0.997618 0.027336 -0.063319 0.000000 -0.032845 0.995609 -0.087657 11.776703 0.060645 0.089528 0.994136 0.000004 0.000000 0.000000 0.000000 1.000000
0.997459 0.025237 -0.066629 0.000000 -0.031052 0.995660 -0.087733 11.776703 0.064126 0.089579 0.993913 0.000004 0.000000 0.000000 0.000000 1.000000
0.997309 0.024069 -0.069250 -0.000000 -0.030124 0.995685 -0.087769 11.776703 0.066839 0.089619 0.993731 0.000004 0.000000 0.000000 0.000000 1.000000
0.997302 0.021926 -0.070067 0.000000 -0.028065 0.995737 -0.087862 11.776703 0.067842 0.089591 0.993665 0.000004 0.000000 0.000000 0.000000 1.000000
0.997562 0.017326 -0.067599 -0.000000 -0.023246 0.995867 -0.087802 11.776703 0.065798 0.089159 0.993842 0.000004 0.000000 0.000000 0.000000 1.000000
0.997830 0.014530 -0.064221 0.000000 -0.020146 0.995944 -0.087692 11.776703 0.062686 0.088795 0.994076 0.000004 0.000000 0.000000 0.000000 1.000000
0.997908 0.019810 -0.061547 0.000000 -0.025164 0.995849 -0.087476 11.776703 0.059559 0.088842 0.994263 0.000004 0.000000 0.000000 0.000000 1.000000
0.997867 0.028212 -0.058864 0.000000 -0.033292 0.995636 -0.087179 11.776703 0.056148 0.088953 0.994452 0.000004 0.000000 0.000000 0.000000 1.000000
0.997823 0.035549 -0.055547 0.000000 -0.040347 0.995322 -0.087780 11.776703 0.052167 0.089830 0.994590 0.000004 0.000000 0.000000 0.000000 1.000000
0.997871 0.040207 -0.051356 0.000000 -0.044757 0.994867 -0.090758 11.776703 0.047443 0.092863 0.994548 0.000004 0.000000 0.000000 0.000000 1.000000
0.997947 0.043381 -0.047114 0.000000 -0.047673 0.994415 -0.094153 11.776703 0.042766 0.096206 0.994442 0.000004 0.000000 0.000000 0.000000 1.000000
0.998121 0.043898 -0.042743 0.000000 -0.047703 0.994569 -0.092503 11.776703 0.038450 0.094368 0.994794 0.000004 0.000000 0.000000 0.000000 1.000000
0.998253 0.043297 -0.040209 0.000000 -0.046698 0.995034 -0.087902 11.776703 0.036203 0.089626 0.995317 0.000004 0.000000 0.000000 0.000000 1.000000</float_array><technique_common><accessor source="#BatRig_Spine2-Matrix-animation-output-transform-array" count="20" stride="16"><param type="float4x4"/></accessor></technique_common></source><source id="BatRig_Spine2-Interpolations"><Name_array id="BatRig_Spine2-Interpolations-array" count="20">
 LINEAR LINEAR LINEAR LINEAR LINEAR LINEAR LINEAR LINEAR LINEAR LINEAR LINEAR
LINEAR LINEAR LINEAR LINEAR LINEAR LINEAR LINEAR LINEAR LINEAR</Name_array><technique_common><accessor source="#BatRig_Spine2-Interpolations-array" count="20"><param type="name"/></accessor></technique_common></source><sampler id="BatRig_Spine2-Matrix-animation-transform"><input semantic="INPUT" source="#BatRig_Spine2-Matrix-animation-input"/><input semantic="OUTPUT" source="#BatRig_Spine2-Matrix-animation-output-transform"/><input semantic="INTERPOLATION" source="#BatRig_Spine2-Interpolations"/></sampler><channel source="#BatRig_Spine2-Matrix-animation-transform" target="BatRig_Spine2/matrix"/></animation><animation><source id="BatRig_Spine2-visibility-animation-input"><float_array id="BatRig_Spine2-visibility-animation-input-array" count="20">

0.000000 0.041667 0.083333 0.125000 0.166667 0.208333 0.250000 0.291667 0.333333 0.375000 0.416667 0.458333 0.500000 0.541667 0.583333 0.625000
0.666667 0.708333 0.750000 0.791667</float_array><technique_common><accessor source="#BatRig_Spine2-visibility-animation-input-array" count="20"><param name="TIME" type="float"/></accessor></technique_common></source><source id="BatRig_Spine2-visibility-animation-output"><float_array id="BatRig_Spine2-visibility-animation-output-array" count="20">

1.000000 1.000000 1.000000 1.000000 1.000000 1.000000 1.000000 1.000000 1.000000 1.000000 1.000000 1.000000 1.000000 1.000000 1.000000 1.000000
1.000000 1.000000 1.000000 1.000000</float_array><technique_common><accessor source="#BatRig_Spine2-visibility-animation-output-array" count="20"><param type="float"/></accessor></technique_common></source><source id="BatRig_Spine2-visibility-animation-intan"><float_array id="BatRig_Spine2-visibility-animation-intan-array" count="20">

0.000000 0.000000 0.000000 0.000000 0.000000 0.000000 0.000000 0.000000 0.000000 0.000000 0.000000 0.000000 0.000000 0.000000 0.000000 0.000000
0.000000 0.000000 0.000000 0.000000</float_array><technique_common><accessor source="#BatRig_Spine2-visibility-animation-intan-array" count="20"><param type="float"/></accessor></technique_common></source><source id="BatRig_Spine2-visibility-animation-outtan"><float_array id="BatRig_Spine2-visibility-animation-outtan-array" count="20">

0.000000 0.000000 0.000000 0.000000 0.000000 0.000000 0.000000 0.000000 0.000000 0.000000 0.000000 0.000000 0.000000 0.000000 0.000000 0.000000
0.000000 0.000000 0.000000 0.000000</float_array><technique_common><accessor source="#BatRig_Spine2-visibility-animation-outtan-array" count="20"><param type="float"/></accessor></technique_common></source><source id="BatRig_Spine2-visibility-animation-interpolation"><Name_array id="BatRig_Spine2-visibility-animation-interpolation-array" count="20">
 STEP STEP STEP STEP STEP STEP STEP STEP STEP STEP STEP STEP STEP STEP STEP STEP STEP
STEP STEP BEZIER</Name_array><technique_common><accessor source="#BatRig_Spine2-visibility-animation-interpolation-array" count="20"><param type="name"/></accessor></technique_common></source><sampler id="BatRig_Spine2-visibility-animation"><input semantic="INPUT" source="#BatRig_Spine2-visibility-animation-input"/><input semantic="OUTPUT" source="#BatRig_Spine2-visibility-animation-output"/><input semantic="IN_TANGENT" source="#BatRig_Spine2-visibility-animation-intan"/><input semantic="OUT_TANGENT" source="#BatRig_Spine2-visibility-animation-outtan"/><input semantic="INTERPOLATION" source="#BatRig_Spine2-visibility-animation-interpolation"/></sampler><channel source="#BatRig_Spine2-visibility-animation" target="BatRig_Spine2/visibility"/></animation></animation>
    <animation id="BatRig_Spine3-anim" name="BatRig_Spine3"><animation><source id="BatRig_Spine3-Matrix-animation-input"><float_array id="BatRig_Spine3-Matrix-animation-input-array" count="20">

0.000000 0.041667 0.083333 0.125000 0.166667 0.208333 0.250000 0.291667 0.333333 0.375000 0.416667 0.458333 0.500000 0.541667 0.583333 0.625000
0.666667 0.708333 0.750000 0.791667</float_array><technique_common><accessor source="#BatRig_Spine3-Matrix-animation-input-array" count="20"><param name="TIME" type="float"/></accessor></technique_common></source><source id="BatRig_Spine3-Matrix-animation-output-transform"><float_array id="BatRig_Spine3-Matrix-animation-output-transform-array" count="320">

0.999940 0.010585 0.002795 0.000001 -0.010418 0.998476 -0.054195 13.030716 -0.003364 0.054163 0.998526 -1.061704 0.000000 0.000000 0.000000 1.000000
0.999952 0.009681 0.001616 0.000001 -0.009579 0.998485 -0.054194 13.030716 -0.002138 0.054176 0.998529 -1.061704 0.000000 0.000000 0.000000 1.000000
0.999975 0.006704 -0.002263 0.000001 -0.006817 0.998506 -0.054205 13.030716 0.001896 0.054219 0.998527 -1.061704 0.000000 0.000000 0.000000 1.000000
0.999976 0.004504 -0.005129 0.000001 -0.004776 0.998518 -0.054228 13.030716 0.004877 0.054251 0.998516 -1.061704 0.000000 0.000000 0.000000 1.000000
0.999967 0.002482 -0.007764 0.000001 -0.002900 0.998523 -0.054259 13.030716 0.007618 0.054280 0.998496 -1.061704 0.000000 0.000000 0.000000 1.000000
